6.3826608957e+05 3.9704269459e+06 88 2 69 -1 224 -1
5.4572449959e+05 3.9423140449e+06 119 1 120 -1 5 2
5.4748759897e+05 3.9412566364e+06 120 1 70 7 -1 1
5.4692738913e+05 4.1413827595e+06 3 20 123 -1 4 9
5.4902459686e+05 4.1406767366e+06 3 123 21 -1 15 3
5.4634543049e+05 3.9458571509e+06 119 120 124 6 226 1
5.4479495690e+05 3.9471795560e+06 119 124 118 -1 44 5
5.5071536027e+05 3.9438265449e+06 120 70 125 226 8 2
5.5213629507e+05 3.9434151236e+06 125 70 71 46 -1 7
5.4465909751e+05 4.1388254828e+06 123 20 126 228 10 3
5.4239575838e+05 4.1390199525e+06 126 20 19 11 -1 9
5.4082455971e+05 4.1368574265e+06 126 19 127 263 12 10
5.3790114094e+05 4.1369034458e+06 127 19 18 13 -1 11
5.3639473694e+05 4.1346515047e+06 127 18 128 261 14 12
5.3356241775e+05 4.1345812661e+06 128 18 17 18 -1 13
5.4915855007e+05 4.1364760839e+06 21 123 129 16 228 4
5.5054988315e+05 4.1358183283e+06 21 129 22 -1 17 15
5.5104559305e+05 4.1319178473e+06 22 129 23 -1 150 16
5.3205520909e+05 4.1320823664e+06 128 17 130 259 19 14
5.2926256810e+05 4.1319523426e+06 130 17 16 20 -1 18
5.2780707358e+05 4.1293926082e+06 130 16 131 257 21 19
5.2508605252e+05 4.1291782227e+06 131 16 15 22 -1 20
5.2367279348e+05 4.1265484187e+06 131 15 132 255 23 21
5.2101508095e+05 4.1262628034e+06 132 15 14 24 -1 22
5.1963923579e+05 4.1235408857e+06 132 14 133 253 25 23
5.1705240928e+05 4.1232020624e+06 133 14 13 26 -1 24
5.1571480836e+05 4.1203782320e+06 133 13 134 251 27 25
5.1320041624e+05 4.1199935398e+06 134 13 12 28 -1 26
5.1191699312e+05 4.1170858633e+06 134 12 135 249 29 27
5.0945191891e+05 4.1166550219e+06 135 12 11 30 -1 28
5.0824499505e+05 4.1136851296e+06 135 11 136 247 31 29
5.0580585708e+05 4.1132029310e+06 136 11 10 32 -1 30
5.0470222142e+05 4.1101841714e+06 136 10 137 245 33 31
5.0227002705e+05 4.1096398875e+06 137 10 9 34 -1 32
5.0130560644e+05 4.1065914651e+06 137 9 138 243 35 33
4.9885886283e+05 4.1059637100e+06 138 9 8 36 -1 34
4.9808403979e+05 4.1029053544e+06 138 8 139 241 37 35
4.9559587860e+05 4.1021618541e+06 139 8 7 38 -1 36
4.9506098267e+05 4.0990674486e+06 139 7 140 239 39 37
4.9254896628e+05 4.0981776357e+06 140 7 6 40 -1 38
4.9225212254e+05 4.0950912622e+06 140 6 141 237 41 39
4.8973013634e+05 4.0940165255e+06 141 6 5 42 -1 40
4.8963807212e+05 4.0909833277e+06 141 5 142 235 43 41
4.8710851304e+05 4.0897133484e+06 142 5 4 48 -1 42
5.4580507710e+05 3.9503014962e+06 118 124 143 45 323 6
5.4393499626e+05 3.9520654419e+06 118 143 117 -1 51 44
5.5466798208e+05 3.9453707920e+06 125 71 144 317 47 8
5.5705121917e+05 3.9445741022e+06 144 71 72 53 -1 46
4.8714818589e+05 4.0867577022e+06 142 4 145 232 49 43
4.8463304471e+05 4.0853045296e+06 145 4 0 50 -1 48
4.8472538217e+05 4.0825009699e+06 145 0 89 65 -1 49
5.4487990374e+05 3.9550816720e+06 117 143 146 52 397 45
5.4303371498e+05 3.9569515968e+06 117 146 116 -1 59 51
5.5965244856e+05 3.9465552319e+06 144 72 147 315 54 47
5.6195733496e+05 3.9457684072e+06 147 72 73 55 -1 53
5.6451009140e+05 3.9477779282e+06 147 73 148 313 56 54
5.6685999757e+05 3.9469775017e+06 148 73 74 57 -1 55
5.6935084006e+05 3.9490022257e+06 148 74 149 311 58 56
5.7176102427e+05 3.9481917209e+06 149 74 75 61 -1 57
5.4387138934e+05 3.9598629687e+06 116 146 150 60 399 52
5.4186203229e+05 3.9617846040e+06 116 150 115 -1 63 59
5.7416769613e+05 3.9502029408e+06 149 75 151 309 62 58
5.7666906807e+05 3.9493750088e+06 151 75 76 69 -1 61
5.4263875569e+05 3.9647488343e+06 115 150 152 64 401 60
5.4062052206e+05 3.9666082819e+06 115 152 114 -1 73 63
4.8738276294e+05 4.0810859051e+06 145 89 153 231 66 50
4.8750069167e+05 4.0783991590e+06 153 89 90 67 -1 65
4.9012009259e+05 4.0769478767e+06 153 90 154 327 68 66
4.9026445515e+05 4.0742850249e+06 154 90 91 71 -1 67
5.7896950180e+05 3.9513773056e+06 151 76 155 307 70 62
5.8158075846e+05 3.9505206032e+06 155 76 77 75 -1 69
4.9280012057e+05 4.0728278177e+06 154 91 156 329 72 68
4.9289887542e+05 4.0700834661e+06 156 91 92 97 -1 71
5.4132254275e+05 3.9695671451e+06 114 152 157 74 403 64
5.3924806860e+05 3.9714011886e+06 114 157 113 -1 105 73
5.8379238955e+05 3.9525604169e+06 155 77 158 305 76 70
5.8648097838e+05 3.9516908087e+06 158 77 78 77 -1 75
5.8862859409e+05 3.9537866629e+06 158 78 159 301 78 76
5.9135621365e+05 3.9529427589e+06 159 78 79 79 -1 77
5.9344550871e+05 3.9550718709e+06 159 79 160 299 80 78
5.9620589954e+05 3.9542781063e+06 160 79 80 81 -1 79
5.9823715790e+05 3.9564209557e+06 160 80 161 297 82 80
6.0103383201e+05 3.9556800915e+06 161 80 81 83 -1 81
6.0301585167e+05 3.9578370432e+06 161 81 162 295 84 82
6.0583848553e+05 3.9571502975e+06 162 81 82 85 -1 83
6.0778127261e+05 3.9593268322e+06 162 82 163 293 86 84
6.1061664567e+05 3.9586970195e+06 163 82 83 87 -1 85
6.1252398380e+05 3.9608938783e+06 163 83 164 291 88 86
6.1536572260e+05 3.9603232527e+06 164 83 84 89 -1 87
6.1723392207e+05 3.9625401712e+06 164 84 165 289 90 88
6.2008599234e+05 3.9620254440e+06 165 84 85 91 -1 89
6.2191371386e+05 3.9642738856e+06 165 85 166 287 92 90
6.2477621063e+05 3.9638038446e+06 166 85 86 93 -1 91
6.2659783191e+05 3.9661353305e+06 166 86 167 285 94 92
6.2942235329e+05 3.9656900072e+06 167 86 87 95 -1 93
6.3140152598e+05 3.9682585304e+06 167 87 168 277 96 94
6.3396366659e+05 3.9678139890e+06 168 87 88 224 -1 95
4.9544885916e+05 4.0685963115e+06 156 92 169 331 98 72
4.9550421765e+05 4.0658602205e+06 169 92 93 99 -1 97
4.9806016482e+05 4.0643570212e+06 169 93 170 333 100 98
4.9807058395e+05 4.0616092959e+06 170 93 94 101 -1 99
5.0062801264e+05 4.0600911624e+06 170 94 171 335 102 100
5.0059328136e+05 4.0573294161e+06 171 94 95 103 -1 101
5.0314372469e+05 4.0557956782e+06 171 95 172 337 104 102
5.0306625658e+05 4.0530176143e+06 172 95 96 107 -1 103
5.3987920797e+05 3.9743474520e+06 113 157 173 106 405 74
5.3774941836e+05 3.9761549898e+06 113 173 112 -1 223 105
5.0559756254e+05 4.0514691450e+06 172 96 174 339 108 104
5.0548192264e+05 4.0486707133e+06 174 96 97 109 -1 107
5.0798120586e+05 4.0471094338e+06 174 97 175 341 110 108
5.0783465027e+05 4.0442911076e+06 175 97 98 111 -1 109
5.1029679968e+05 4.0427186957e+06 175 98 176 343 112 110
5.1012549610e+05 4.0398812922e+06 176 98 99 113 -1 111
5.1254971712e+05 4.0382997759e+06 176 99 177 345 114 112
5.1235780611e+05 4.0354440842e+06 177 99 100 115 -1 113
5.1474649530e+05 4.0338549500e+06 177 100 178 347 116 114
5.1453631364e+05 4.0309828517e+06 178 100 101 117 -1 115
5.1689461288e+05 4.0293862529e+06 178 101 179 349 118 116
5.1666693491e+05 4.0265005340e+06 179 101 102 119 -1 117
5.1900060522e+05 4.0248950935e+06 179 102 180 351 120 118
5.1875609802e+05 4.0220012156e+06 180 102 103 121 -1 119
5.2107200350e+05 4.0203838846e+06 180 103 181 353 122 120
5.2081148491e+05 4.0174889248e+06 181 103 104 123 -1 121
5.2311614275e+05 4.0158560619e+06 181 104 182 355 124 122
5.2284048563e+05 4.0129672008e+06 182 104 105 125 -1 123
5.2513956425e+05 4.0113154283e+06 182 105 183 357 126 124
5.2484916321e+05 4.0084387568e+06 183 105 106 127 -1 125
5.2714758326e+05 4.0067656425e+06 183 106 184 359 128 126
5.2684066183e+05 4.0039038807e+06 184 106 107 129 -1 127
5.2914103557e+05 4.0022089575e+06 184 107 185 361 130 128
5.2881067503e+05 3.9993538523e+06 185 107 108 131 -1 129
5.3110444112e+05 3.9976401414e+06 185 108 186 363 132 130
5.3074349263e+05 3.9947818086e+06 186 108 109 133 -1 131
5.3302042880e+05 3.9930519071e+06 186 109 187 365 134 132
5.3262089653e+05 3.9901804604e+06 187 109 110 135 -1 133
5.3487101541e+05 3.9884357102e+06 187 110 188 367 136 134
5.3442442311e+05 3.9855442151e+06 188 110 111 137 -1 135
5.3664048359e+05 3.9837829920e+06 188 111 189 369 138 136
5.3613831416e+05 3.9808694262e+06 189 111 112 223 -1 137
5.9313026571e+05 4.0905758053e+06 37 36 190 -1 140 171
5.9608558742e+05 4.0900711461e+06 37 190 38 -1 141 139
5.9698911908e+05 4.0881381818e+06 38 190 191 142 267 140
5.9901658673e+05 4.0874187949e+06 38 191 39 -1 143 141
5.9996967298e+05 4.0840900404e+06 39 191 192 144 269 142
6.0166463369e+05 4.0833898098e+06 39 192 40 -1 145 143
6.0241925682e+05 4.0796840296e+06 40 192 193 146 271 144
6.0395995979e+05 4.0789955465e+06 40 193 41 -1 147 145
6.0463394126e+05 4.0751734414e+06 41 193 194 148 273 146
6.0543860637e+05 4.0747901724e+06 41 194 42 -1 149 147
6.0610660773e+05 4.0704084746e+06 42 194 43 -1 227 148
5.4974534329e+05 4.1307163986e+06 23 129 195 151 265 17
5.5078867248e+05 4.1269254080e+06 23 195 24 -1 163 150
5.6339929616e+05 4.1041022480e+06 30 29 196 -1 161 153
5.6064728334e+05 4.1054286468e+06 196 29 28 233 -1 152
6.0036752058e+05 4.0543838724e+06 47 46 197 -1 156 155
6.0253473426e+05 4.0563468166e+06 197 46 45 157 -1 154
5.9720272346e+05 4.0552163530e+06 47 197 48 -1 389 154
6.0204329122e+05 4.0587629956e+06 197 45 198 390 158 155
6.0397588288e+05 4.0607163268e+06 198 45 44 159 -1 157
6.0335254998e+05 4.0639264844e+06 198 44 199 393 160 158
6.0489520905e+05 4.0653534066e+06 199 44 43 227 -1 159
5.6334053829e+05 4.1011233526e+06 30 196 200 162 275 152
5.6629151820e+05 4.0998544748e+06 30 200 31 -1 165 161
5.4926340081e+05 4.1253242892e+06 24 195 201 164 303 151
5.5042100580e+05 4.1217556721e+06 24 201 25 -1 207 163
5.6646093983e+05 4.0970876598e+06 31 200 202 166 325 162
5.6968717542e+05 4.0959280595e+06 31 202 32 -1 167 165
5.7009812324e+05 4.0935263892e+06 32 202 203 168 385 166
5.7355895275e+05 4.0924558968e+06 32 203 33 -1 169 167
5.7410329358e+05 4.0904829519e+06 33 203 204 170 387 168
5.7787471674e+05 4.0894158120e+06 33 204 34 -1 229 169
5.9118547362e+05 4.0879439455e+06 190 36 205 268 172 139
5.8847809647e+05 4.0889290972e+06 205 36 35 173 -1 171
5.8634259850e+05 4.0870016411e+06 205 35 206 407 174 172
5.8341110497e+05 4.0882866165e+06 206 35 34 230 -1 173
6.3278935209e+05 3.9835584388e+06 67 66 207 -1 176 177
6.3467231181e+05 3.9803474986e+06 67 207 68 -1 179 175
6.3031345338e+05 3.9836970150e+06 207 66 208 281 178 175
6.2923175234e+05 3.9865844638e+06 208 66 65 181 -1 177
6.3400372847e+05 3.9787843863e+06 68 207 209 180 279 176
6.3624657314e+05 3.9756456206e+06 68 209 69 -1 225 179
6.2595104226e+05 3.9868869200e+06 208 65 210 283 182 178
6.2552552006e+05 3.9904166280e+06 210 65 64 183 -1 181
6.2321956936e+05 3.9911230436e+06 210 64 211 321 184 182
6.2260084859e+05 3.9946091050e+06 211 64 63 185 -1 183
6.2062928901e+05 3.9954266361e+06 211 63 212 371 186 184
6.1984835433e+05 3.9985089433e+06 212 63 62 187 -1 185
6.1752048834e+05 3.9994691138e+06 212 62 213 373 188 186
6.1673700886e+05 4.0019725333e+06 213 62 61 189 -1 187
6.1383000738e+05 4.0030124499e+06 213 61 214 375 190 188
6.1311504877e+05 4.0051310795e+06 214 61 60 191 -1 189
6.0983263717e+05 4.0061236999e+06 214 60 215 377 192 190
6.0923309007e+05 4.0078874548e+06 215 60 59 193 -1 191
6.0556654459e+05 4.0086883189e+06 215 59 216 379 194 192
6.0505731987e+05 4.0110339208e+06 216 59 58 195 -1 193
6.0179376982e+05 4.0118792535e+06 216 58 217 381 196 194
6.0139129443e+05 4.0144374357e+06 217 58 57 197 -1 195
5.9809528908e+05 4.0155058693e+06 217 57 218 383 198 196
5.9795097878e+05 4.0180919822e+06 218 57 56 199 -1 197
5.9620763857e+05 4.0196767684e+06 218 56 219 411 200 198
5.9715396798e+05 4.0228408890e+06 219 56 55 201 -1 199
5.9536558125e+05 4.0247984605e+06 219 55 220 414 202 200
5.9628501995e+05 4.0276460687e+06 220 55 54 203 -1 201
5.9439046525e+05 4.0296853056e+06 220 54 221 416 204 202
5.9522479447e+05 4.0323776030e+06 221 54 53 205 -1 203
5.9315882064e+05 4.0343328044e+06 221 53 222 418 206 204
5.9418076349e+05 4.0373631703e+06 222 53 52 222 -1 205
5.4911141276e+05 4.1200956244e+06 25 201 223 208 319 164
5.4978821168e+05 4.1173666869e+06 25 223 224 209 420 207
5.5173832615e+05 4.1165080001e+06 25 224 26 -1 210 208
5.5235487727e+05 4.1130911486e+06 26 224 225 211 423 209
5.5450736684e+05 4.1123715389e+06 26 225 27 -1 212 210
5.5507800611e+05 4.1098084856e+06 27 225 226 213 425 211
5.5691658274e+05 4.1089553437e+06 27 226 28 -1 234 212
5.9402547974e+05 4.0445007487e+06 51 50 227 -1 215 217
5.9320111744e+05 4.0421052594e+06 51 227 228 216 396 214
5.9328743551e+05 4.0419147702e+06 51 228 52 -1 222 215
5.9211713030e+05 4.0463953844e+06 227 50 229 395 218 214
5.9210995032e+05 4.0473444404e+06 229 50 49 219 -1 217
5.8995454336e+05 4.0494319307e+06 229 49 230 409 220 218
5.9036805644e+05 4.0516637724e+06 230 49 231 427 221 219
5.9209130186e+05 4.0526613400e+06 231 49 48 391 -1 220
5.9269810168e+05 4.0386674768e+06 52 228 222 523 216 206
5.3831371124e+05 3.9790876482e+06 112 173 189 509 138 106
6.3661499933e+05 3.9708630079e+06 168 88 69 225 96 0
6.3531478781e+05 3.9731504660e+06 69 209 168 278 224 180
5.4915428507e+05 3.9462026323e+06 124 120 125 324 7 5
6.0410074324e+05 4.0692655352e+06 43 194 199 431 160 149
5.4658315868e+05 4.1358360101e+06 123 126 129 266 15 9
5.7853750478e+05 4.0877275068e+06 34 204 232 230 520 170
5.8121911895e+05 4.0867790553e+06 34 232 206 525 229 174
4.8962075084e+05 4.0826307991e+06 145 153 233 232 328 65
4.8949041681e+05 4.0854788153e+06 145 233 142 236 231 48
5.5878848789e+05 4.1044045898e+06 196 28 234 276 234 153
5.5678995393e+05 4.1054568880e+06 234 28 226 435 233 213
4.9179664086e+05 4.0896886562e+06 141 142 235 238 236 42
4.9182185412e+05 4.0868648079e+06 235 142 233 473 235 232
4.9434757532e+05 4.0936807071e+06 140 141 236 240 238 40
4.9411227777e+05 4.0908789415e+06 236 141 235 471 237 235
4.9707575268e+05 4.0975184930e+06 139 140 237 242 240 38
4.9661166921e+05 4.0946099474e+06 237 140 236 469 239 237
5.0020915875e+05 4.1010555165e+06 138 139 238 244 242 36
4.9944942028e+05 4.0982646187e+06 238 139 237 467 241 239
5.0348327698e+05 4.1045493165e+06 137 138 239 246 244 34
5.0252456860e+05 4.1016594892e+06 239 138 238 465 243 241
5.0689379923e+05 4.1079920639e+06 136 137 240 248 246 32
5.0580833498e+05 4.1050736494e+06 240 137 239 463 245 243
5.1043290785e+05 4.1113606911e+06 135 136 241 250 248 30
5.0925354171e+05 4.1084652084e+06 241 136 240 461 247 245
5.1407467125e+05 4.1146540705e+06 134 135 242 252 250 28
5.1282337443e+05 4.1117906947e+06 242 135 241 459 249 247
5.1781327427e+05 4.1178526403e+06 133 134 243 254 252 26
5.1651101659e+05 4.1150431245e+06 243 134 242 457 251 249
5.2165879600e+05 4.1209233340e+06 132 133 244 256 254 24
5.2032581211e+05 4.1182008774e+06 244 133 243 455 253 251
5.2561531061e+05 4.1238460326e+06 131 132 245 258 256 22
5.2426274617e+05 4.1212323824e+06 245 132 244 453 255 253
5.2963249001e+05 4.1266657561e+06 130 131 246 260 258 20
5.2823671750e+05 4.1241161274e+06 246 131 245 451 257 255
5.3372335361e+05 4.1293476258e+06 128 130 247 262 260 18
5.3228125187e+05 4.1268589144e+06 247 130 246 449 259 257
5.3795398951e+05 4.1317220667e+06 127 128 248 264 262 13
5.3651244785e+05 4.1294370859e+06 248 128 247 446 261 259
5.4229843440e+05 4.1338098037e+06 126 127 249 266 264 11
5.4091797630e+05 4.1317433019e+06 249 127 248 433 263 261
5.4696000741e+05 4.1309366935e+06 195 129 249 304 266 150
5.4546557094e+05 4.1338728259e+06 249 129 126 265 263 228
5.9432706817e+05 4.0853602570e+06 191 190 250 270 268 141
5.9180145285e+05 4.0862202129e+06 250 190 205 408 267 171
5.9713356431e+05 4.0822020543e+06 192 191 251 272 270 143
5.9510617579e+05 4.0829676198e+06 251 191 250 437 269 267
5.9943949512e+05 4.0781388614e+06 193 192 252 274 272 145
5.9783495552e+05 4.0788541879e+06 252 192 251 438 271 269
6.0150994383e+05 4.0737268005e+06 194 193 253 431 274 147
6.0002028375e+05 4.0743879260e+06 253 193 252 440 273 271
5.6134059768e+05 4.0997919934e+06 200 196 254 326 276 161
5.5856642896e+05 4.1012096357e+06 254 196 234 551 275 233
6.3030916295e+05 3.9705518978e+06 167 168 255 286 278 95
6.3181642771e+05 3.9731804280e+06 255 168 209 280 277 225
6.3176758174e+05 3.9780812980e+06 209 207 256 280 282 179
6.3066210574e+05 3.9751016228e+06 209 256 255 481 279 278
6.2876877082e+05 3.9819596333e+06 207 208 257 282 284 177
6.2898199739e+05 3.9799852842e+06 207 257 256 482 281 279
6.2470777747e+05 3.9856588649e+06 208 210 258 284 322 181
6.2524981683e+05 3.9828923198e+06 208 258 257 485 283 281
6.2557550574e+05 3.9686551029e+06 166 167 259 288 286 93
6.2721415409e+05 3.9709047751e+06 259 167 255 480 285 277
6.2091900052e+05 3.9669061228e+06 165 166 260 290 288 91
6.2266382742e+05 3.9690859052e+06 260 166 259 491 287 285
6.1627413769e+05 3.9651966303e+06 164 165 261 292 290 89
6.1809675012e+05 3.9673765997e+06 261 165 260 493 289 287
6.1161650172e+05 3.9635284853e+06 163 164 262 294 292 87
6.1349185074e+05 3.9657136919e+06 262 164 261 495 291 289
6.0693194754e+05 3.9619329692e+06 162 163 263 296 294 85
6.0884051049e+05 3.9641033408e+06 263 163 262 497 293 291
6.0221877039e+05 3.9604250116e+06 161 162 264 298 296 83
6.0415615968e+05 3.9625651239e+06 264 162 263 499 295 293
5.9748516574e+05 3.9589931781e+06 160 161 265 300 298 81
5.9946172524e+05 3.9611061579e+06 265 161 264 501 297 295
5.9273936104e+05 3.9576249734e+06 159 160 266 302 300 79
5.9477061972e+05 3.9597187938e+06 266 160 265 503 299 297
5.8797805921e+05 3.9563431840e+06 158 159 267 306 302 77
5.9007301735e+05 3.9584046548e+06 267 159 266 505 301 299
5.4648678112e+05 4.1255201495e+06 201 195 268 320 304 163
5.4520409776e+05 4.1286990171e+06 268 195 249 433 303 265
5.8317080028e+05 3.9552451343e+06 155 158 269 308 306 75
5.8531029228e+05 3.9572079199e+06 269 158 267 507 305 301
5.7831487844e+05 3.9542850597e+06 151 155 270 310 308 69
5.8051940397e+05 3.9561446384e+06 270 155 269 518 307 305
5.7344638109e+05 3.9532462347e+06 149 151 271 312 310 61
5.7578514354e+05 3.9551356597e+06 271 151 270 516 309 307
5.6859775050e+05 3.9520681697e+06 148 149 272 314 312 57
5.7105577678e+05 3.9540446073e+06 272 149 271 514 311 309
5.6374920689e+05 3.9509167634e+06 147 148 273 316 314 55
5.6624873704e+05 3.9528695029e+06 273 148 272 512 313 311
5.5888290735e+05 3.9498258645e+06 144 147 274 318 316 53
5.6145641675e+05 3.9517127208e+06 274 147 273 478 315 313
5.5393312086e+05 3.9487564425e+06 125 144 275 430 318 46
5.5673355123e+05 3.9506029872e+06 275 144 274 442 317 315
5.4592644199e+05 4.1206864740e+06 223 201 276 422 320 207
5.4496969611e+05 4.1236947182e+06 276 201 268 448 319 303
6.2105037953e+05 3.9894628465e+06 210 211 277 322 372 183
6.2171983063e+05 3.9863750973e+06 210 277 258 531 321 283
5.4766529888e+05 3.9505929658e+06 143 124 122 398 324 44
5.4995023057e+05 3.9484607864e+06 122 124 125 430 323 226
5.6452902075e+05 4.0954651004e+06 202 200 278 386 326 165
5.6135759200e+05 4.0967676439e+06 278 200 254 553 325 275
4.9283843360e+05 4.0788120442e+06 153 154 280 328 330 67
4.9258267826e+05 4.0813020028e+06 153 280 233 475 327 231
4.9546591958e+05 4.0744813851e+06 154 156 281 330 332 71
4.9537988747e+05 4.0773934655e+06 154 281 280 559 329 327
4.9807073801e+05 4.0701968369e+06 156 169 282 332 334 97
4.9801336564e+05 4.0729843482e+06 156 282 281 562 331 329
5.0062089837e+05 4.0658869357e+06 169 170 283 334 336 99
5.0060629296e+05 4.0686969874e+06 169 283 282 564 333 331
5.0313387382e+05 4.0615551734e+06 170 171 284 336 338 101
5.0316454932e+05 4.0643744330e+06 170 284 283 566 335 333
5.0561252364e+05 4.0572026207e+06 171 172 285 338 340 103
5.0568414385e+05 4.0600243022e+06 171 285 284 568 337 335
5.0805189679e+05 4.0528284665e+06 172 174 286 340 342 107
5.0815831553e+05 4.0556534330e+06 172 286 285 570 339 337
5.1044449145e+05 4.0484317934e+06 174 175 287 342 344 109
5.1057936962e+05 4.0512634328e+06 174 287 286 572 341 339
5.1278385640e+05 4.0440119850e+06 175 176 288 344 346 111
5.1294211227e+05 4.0468538520e+06 175 288 287 574 343 341
5.1506667169e+05 4.0395682547e+06 176 177 289 346 348 113
5.1524529476e+05 4.0424239182e+06 176 289 288 576 345 343
5.1729260290e+05 4.0351005088e+06 177 178 290 348 350 115
5.1749044096e+05 4.0379724746e+06 177 290 289 578 347 345
5.1946460134e+05 4.0306097864e+06 178 179 291 350 352 117
5.1968175395e+05 4.0334981844e+06 178 291 290 580 349 347
5.2158909110e+05 4.0260986713e+06 179 180 292 352 354 119
5.2182580756e+05 4.0290001220e+06 179 292 291 582 351 349
5.2367494932e+05 4.0215711261e+06 180 181 293 354 356 121
5.2393073847e+05 4.0244788261e+06 180 293 292 584 353 351
5.2573141018e+05 4.0170310703e+06 181 182 294 356 358 123
5.2600501682e+05 4.0199370729e+06 181 294 293 586 355 353
5.2776537269e+05 4.0124811414e+06 182 183 295 358 360 125
5.2805567663e+05 4.0153790624e+06 182 295 294 588 357 355
5.2977973993e+05 4.0079211911e+06 183 184 296 360 362 127
5.3008729846e+05 4.0108084427e+06 183 296 295 590 359 357
5.3177213174e+05 4.0033464005e+06 184 185 297 362 364 129
5.3210049304e+05 4.0062264539e+06 184 297 296 592 361 359
5.3373330196e+05 3.9987490956e+06 185 186 298 364 366 131
5.3408815235e+05 4.0016303614e+06 185 298 297 594 363 361
5.3564727363e+05 3.9941209763e+06 186 187 299 366 368 133
5.3603581542e+05 3.9970141368e+06 186 299 298 596 365 363
5.3749535804e+05 3.9894538512e+06 187 188 300 368 370 135
5.3792653967e+05 3.9923696008e+06 187 300 299 598 367 365
5.3926087991e+05 3.9847415315e+06 188 189 301 370 511 137
5.3974477269e+05 3.9876864365e+06 188 301 300 600 369 367
6.1780461783e+05 3.9932614197e+06 211 212 302 372 374 185
6.1857585539e+05 3.9902495270e+06 211 302 277 535 371 321
6.1466650661e+05 3.9968777523e+06 212 213 303 374 376 187
6.1544274186e+05 3.9941352050e+06 212 303 302 537 373 371
6.1134351173e+05 4.0002710014e+06 213 214 304 376 378 189
6.1205611815e+05 3.9978494035e+06 213 304 303 539 375 373
6.0776105760e+05 4.0034554780e+06 214 215 305 378 380 191
6.0839960451e+05 4.0012857924e+06 214 305 304 541 377 375
6.0398795553e+05 4.0067027772e+06 215 216 306 380 382 193
6.0458688034e+05 4.0044218350e+06 215 306 305 543 379 377
6.0019847648e+05 4.0101618396e+06 216 217 307 382 384 195
6.0082436470e+05 4.0075200500e+06 216 307 306 545 381 379
5.9638189903e+05 4.0139004376e+06 217 218 308 384 413 197
5.9720581623e+05 4.0108426878e+06 217 308 307 547 383 381
5.6808144669e+05 4.0913711054e+06 203 202 309 388 386 167
5.6481366537e+05 4.0925132003e+06 309 202 278 555 385 325
5.7211548171e+05 4.0878249016e+06 204 203 310 521 388 169
5.6864565661e+05 4.0888621033e+06 310 203 309 557 387 385
5.9645375897e+05 4.0568640226e+06 48 197 311 392 390 156
5.9916410127e+05 4.0596154936e+06 311 197 198 394 389 157
5.9213234349e+05 4.0560342902e+06 231 48 312 429 392 221
5.9455260939e+05 4.0574970270e+06 312 48 311 487 391 389
6.0011580192e+05 4.0647297243e+06 198 199 313 394 432 159
5.9804205634e+05 4.0627978088e+06 198 313 311 488 393 390
5.8910542905e+05 4.0443898898e+06 227 229 314 396 410 217
5.8956732760e+05 4.0425137273e+06 227 314 228 522 395 215
5.4777983332e+05 3.9555600548e+06 146 143 315 400 398 51
5.4920825758e+05 3.9537330140e+06 315 143 122 434 397 323
5.4643226562e+05 3.9604906980e+06 150 146 316 402 400 59
5.4870936960e+05 3.9583682137e+06 316 146 315 476 399 397
5.4528928360e+05 3.9654288271e+06 152 150 317 404 402 63
5.4729176229e+05 3.9635432310e+06 317 150 316 527 401 399
5.4397126289e+05 3.9703257653e+06 157 152 318 406 404 73
5.4605196670e+05 3.9684419839e+06 318 152 317 529 403 401
5.4250608428e+05 3.9751760728e+06 173 157 319 510 406 105
5.4465608477e+05 3.9733207310e+06 319 157 318 533 405 403
5.8684958569e+05 4.0843029208e+06 205 206 320 408 526 173
5.8941480877e+05 4.0834977331e+06 205 320 250 436 407 268
5.8746677583e+05 4.0481250831e+06 229 230 321 410 444 219
5.8728722058e+05 4.0455755415e+06 229 321 314 602 409 395
5.9352837991e+05 4.0191431255e+06 218 219 322 412 415 199
5.9241037835e+05 4.0166477611e+06 218 322 323 413 610 411
5.9355888144e+05 4.0144154286e+06 218 323 308 549 412 383
5.9259906765e+05 4.0242943026e+06 219 220 324 415 417 201
5.9158600904e+05 4.0216387571e+06 219 324 322 612 414 411
5.9171863284e+05 4.0291342635e+06 220 221 325 417 419 203
5.9076536370e+05 4.0264591738e+06 220 325 324 613 416 414
5.9082826661e+05 4.0338920282e+06 221 222 326 419 524 205
5.8986598729e+05 4.0311975026e+06 221 326 325 615 418 416
5.4726568228e+05 4.1152702617e+06 224 223 327 424 421 208
5.4471484473e+05 4.1161047544e+06 327 223 328 607 422 420
5.4409478951e+05 4.1187686150e+06 328 223 276 483 421 319
5.5013562448e+05 4.1115355200e+06 225 224 329 426 424 210
5.4791180608e+05 4.1122261356e+06 329 224 327 605 423 420
5.5240014796e+05 4.1075959863e+06 226 225 330 435 426 212
5.5097451809e+05 4.1078583441e+06 330 225 329 608 425 423
5.8735397733e+05 4.0533335913e+06 230 231 331 445 428 220
5.8742621800e+05 4.0559488323e+06 331 231 332 617 429 427
5.8946931580e+05 4.0572265980e+06 332 231 312 489 428 391
5.5249710732e+05 3.9493625924e+06 122 125 275 434 324 317
6.0219681191e+05 4.0698709582e+06 194 253 199 432 273 227
5.9947008812e+05 4.0681966535e+06 313 199 253 623 431 393
5.4231628683e+05 4.1288130333e+06 268 249 248 447 304 264
5.5170175600e+05 3.9534617595e+06 315 122 275 443 430 398
5.5432575507e+05 4.1047856422e+06 226 330 234 552 425 234
5.9011873209e+05 4.0818602293e+06 250 320 333 437 643 408
5.9298475842e+05 4.0811154445e+06 250 333 251 439 436 270
5.9508914963e+05 4.0773783239e+06 252 251 334 441 439 272
5.9352246913e+05 4.0781744504e+06 334 251 333 641 438 437
5.9721967583e+05 4.0730527063e+06 253 252 335 623 441 274
5.9533238845e+05 4.0740398272e+06 335 252 334 639 440 438
5.5601911191e+05 3.9540675253e+06 275 274 336 443 479 318
5.5355489088e+05 3.9549306858e+06 275 336 315 477 442 434
5.8551685791e+05 4.0495901826e+06 321 230 337 705 445 409
5.8571971452e+05 4.0522002430e+06 337 230 331 619 444 427
5.3799928828e+05 4.1267807503e+06 248 247 338 447 450 262
5.4086907279e+05 4.1267615433e+06 248 338 268 448 446 433
5.4210661444e+05 4.1239371969e+06 276 268 338 484 447 320
5.3403632924e+05 4.1242192874e+06 247 246 339 450 452 260
5.3658423241e+05 4.1243833990e+06 247 339 338 622 449 446
5.3016365073e+05 4.1213969910e+06 246 245 340 452 454 258
5.3266007383e+05 4.1216982330e+06 246 340 339 648 451 449
5.2617966253e+05 4.1186326031e+06 245 244 341 454 456 256
5.2887329340e+05 4.1189209445e+06 245 341 340 650 453 451
5.2232980438e+05 4.1156875963e+06 244 243 342 456 458 254
5.2486982094e+05 4.1159999336e+06 244 342 341 652 455 453
5.1860355970e+05 4.1125911786e+06 243 242 343 458 460 252
5.2102372013e+05 4.1129439882e+06 243 343 342 654 457 455
5.1496656882e+05 4.1094054622e+06 242 241 344 460 462 250
5.1732483683e+05 4.1097922604e+06 242 344 343 656 459 457
5.1140964252e+05 4.1061736491e+06 241 240 345 462 464 248
5.1373027688e+05 4.1065876222e+06 241 345 344 658 461 459
5.0795756757e+05 4.1029116730e+06 240 239 346 464 466 246
5.1023186652e+05 4.1033490969e+06 240 346 345 660 463 461
5.0468935571e+05 4.0995872693e+06 239 238 347 466 468 244
5.0684202834e+05 4.1000444748e+06 239 347 346 662 465 463
5.0155793516e+05 4.0963363135e+06 238 237 348 468 470 242
5.0364986449e+05 4.0968475415e+06 238 348 347 664 467 465
4.9846475081e+05 4.0933136373e+06 237 236 349 470 472 240
5.0078237645e+05 4.0940741106e+06 237 349 348 666 469 467
4.9666025744e+05 4.0892737747e+06 236 235 350 472 474 238
4.9825303146e+05 4.0902293042e+06 236 350 349 668 471 469
4.9364417064e+05 4.0859007569e+06 235 233 279 474 475 236
4.9646334841e+05 4.0872959970e+06 235 279 350 620 473 471
4.9416069642e+05 4.0827619935e+06 233 280 279 561 473 328
5.5079989663e+05 3.9589758057e+06 316 315 351 528 477 400
5.5306349925e+05 3.9576268223e+06 351 315 336 632 476 443
5.6074004106e+05 3.9549997367e+06 274 273 353 479 513 316
5.5849312694e+05 3.9557694805e+06 274 353 336 633 478 442
6.2621218343e+05 3.9733658757e+06 259 255 354 492 481 286
6.2753114955e+05 3.9752080466e+06 354 255 256 482 480 280
6.2664538336e+05 3.9778334888e+06 256 257 354 486 481 282
5.4174270036e+05 4.1194152204e+06 328 276 355 629 484 422
5.4080828709e+05 4.1222265885e+06 355 276 338 622 483 448
6.2352579376e+05 3.9810563055e+06 257 258 356 486 532 284
6.2421093650e+05 3.9784654659e+06 257 356 354 621 485 482
5.9375802440e+05 4.0604609496e+06 312 311 357 490 488 392
5.9640728510e+05 4.0630468484e+06 357 311 313 625 487 394
5.8940657928e+05 4.0602820183e+06 332 312 358 700 490 429
5.9135337125e+05 4.0614098580e+06 358 312 357 627 489 487
6.2167496471e+05 3.9717322117e+06 260 259 359 494 492 288
6.2332444265e+05 3.9737632662e+06 359 259 354 621 491 480
6.1710786772e+05 3.9700634354e+06 261 260 360 496 494 290
6.1888851817e+05 3.9721744426e+06 360 260 359 676 493 491
6.1253872435e+05 3.9683583695e+06 262 261 361 498 496 292
6.1439463373e+05 3.9705299294e+06 361 261 360 679 495 493
6.0795130889e+05 3.9666947590e+06 263 262 362 500 498 294
6.0984034793e+05 3.9688776858e+06 362 262 361 681 497 495
6.0332693631e+05 3.9651411832e+06 264 263 363 502 500 296
6.0522773545e+05 3.9672807787e+06 363 263 362 683 499 497
5.9867498947e+05 3.9636901390e+06 265 264 364 504 502 298
6.0059572081e+05 3.9657789391e+06 364 264 363 685 501 499
5.9401931856e+05 3.9623008356e+06 266 265 365 506 504 300
5.9597725939e+05 3.9643601552e+06 365 265 364 687 503 501
5.8937934346e+05 3.9609622919e+06 267 266 366 508 506 302
5.9139251540e+05 3.9629971533e+06 366 266 365 689 505 503
5.8474826933e+05 3.9597403881e+06 269 267 367 624 508 306
5.8684150798e+05 3.9617132402e+06 367 267 366 691 507 505
5.4093335530e+05 3.9799818335e+06 189 173 368 511 510 223
5.4311978850e+05 3.9781650213e+06 368 173 319 647 509 405
5.4147913982e+05 3.9829539541e+06 301 189 368 693 509 369
5.6552767969e+05 3.9559351602e+06 273 272 369 513 515 314
5.6314049694e+05 3.9567725399e+06 273 369 353 635 512 478
5.7029702006e+05 3.9571638041e+06 272 271 370 515 517 312
5.6799329198e+05 3.9579129423e+06 272 370 369 637 514 512
5.7513737930e+05 3.9583089645e+06 271 270 371 517 519 310
5.7275347241e+05 3.9591304953e+06 271 371 370 696 516 514
5.7999351100e+05 3.9590147458e+06 270 269 372 519 624 308
5.7738563835e+05 3.9599674152e+06 270 372 371 698 518 516
5.7608131502e+05 4.0848174471e+06 232 204 373 672 521 229
5.7278557234e+05 4.0857085586e+06 373 204 310 726 520 387
5.8851570293e+05 4.0405342317e+06 228 314 374 523 604 396
5.9000082895e+05 4.0384133892e+06 228 374 222 524 522 222
5.8905230144e+05 4.0358546903e+06 326 222 374 669 523 418
5.8182435271e+05 4.0836288803e+06 206 232 375 526 673 230
5.8473994736e+05 4.0825530342e+06 206 375 320 644 525 407
5.4999262377e+05 3.9641548143e+06 317 316 376 530 528 402
5.5158281531e+05 3.9625833224e+06 376 316 351 634 527 476
5.4876068708e+05 3.9691704248e+06 318 317 377 534 530 404
5.5082812565e+05 3.9672209503e+06 377 317 376 721 529 527
6.1985843412e+05 3.9845583388e+06 258 277 378 532 536 322
6.2060130335e+05 3.9817353274e+06 258 378 356 678 531 485
5.4730459010e+05 3.9741244064e+06 319 318 379 646 534 406
5.4950486062e+05 3.9722010842e+06 379 318 377 723 533 529
6.1619735189e+05 3.9881241833e+06 277 302 380 536 538 372
6.1698626489e+05 3.9852676565e+06 277 380 378 702 535 531
6.1278545010e+05 3.9917766690e+06 302 303 381 538 540 374
6.1356599949e+05 3.9889523465e+06 302 381 380 707 537 535
6.0951351864e+05 3.9953977942e+06 303 304 382 540 542 376
6.1021164495e+05 3.9926927769e+06 303 382 381 709 539 537
6.0611122748e+05 3.9988150089e+06 304 305 383 542 544 378
6.0673984773e+05 3.9963986282e+06 304 383 382 711 541 539
6.0257962601e+05 4.0021538690e+06 305 306 384 544 546 380
6.0317418240e+05 3.9998263792e+06 305 384 383 713 543 541
5.9900587551e+05 4.0055360093e+06 306 307 385 546 548 382
5.9962276109e+05 4.0030891408e+06 306 385 384 715 545 543
5.9547749382e+05 4.0089461188e+06 307 308 386 548 550 384
5.9623594958e+05 4.0063102017e+06 307 386 385 717 547 545
5.9175269900e+05 4.0117540005e+06 308 323 387 550 630 413
5.9271055597e+05 4.0094897616e+06 308 387 386 719 549 547
5.5612400861e+05 4.0999275738e+06 254 234 388 554 552 276
5.5321404274e+05 4.1020277097e+06 388 234 330 674 551 435
5.5933225246e+05 4.0953130193e+06 278 254 389 556 554 326
5.5590329575e+05 4.0968582122e+06 389 254 388 727 553 551
5.6271690176e+05 4.0907694123e+06 309 278 390 558 556 386
5.5941269647e+05 4.0920726694e+06 390 278 389 730 555 553
5.6628552399e+05 4.0862332861e+06 310 309 391 725 558 388
5.6306243325e+05 4.0873141697e+06 391 309 390 732 557 555
4.9803047675e+05 4.0789518075e+06 280 281 392 560 563 330
4.9812832424e+05 4.0808712545e+06 280 392 393 561 743 559
4.9664615251e+05 4.0825262935e+06 280 393 279 620 560 475
5.0070360635e+05 4.0746032373e+06 281 282 394 563 565 332
5.0064010913e+05 4.0772489421e+06 281 394 392 741 562 559
5.0322291169e+05 4.0702280355e+06 282 283 395 565 567 334
5.0319827229e+05 4.0731057578e+06 282 395 394 744 564 562
5.0571029165e+05 4.0658372708e+06 283 284 396 567 569 336
5.0573850501e+05 4.0687313645e+06 283 396 395 746 566 564
5.0818010723e+05 4.0614353834e+06 284 285 397 569 571 338
5.0825124618e+05 4.0643156573e+06 284 397 396 748 568 566
5.1062959856e+05 4.0570251904e+06 285 286 398 571 573 340
5.1073351693e+05 4.0598891710e+06 285 398 397 750 570 568
5.1305044761e+05 4.0526051583e+06 286 287 399 573 575 342
5.1317931575e+05 4.0554582751e+06 286 399 398 752 572 570
5.1543189360e+05 4.0481712472e+06 287 288 400 575 577 344
5.1558090988e+05 4.0510218844e+06 287 400 399 754 574 572
5.1776396692e+05 4.0437188226e+06 288 289 401 577 579 346
5.1793118545e+05 4.0465756298e+06 288 401 400 756 576 574
5.2003947292e+05 4.0392438767e+06 289 290 402 579 581 348
5.2022515473e+05 4.0421144509e+06 289 402 401 758 578 576
5.2225558078e+05 4.0347442426e+06 290 291 403 581 583 350
5.2246137915e+05 4.0376335672e+06 290 403 402 760 580 578
5.2441567063e+05 4.0302206592e+06 291 292 404 583 585 352
5.2464342561e+05 4.0331287714e+06 291 404 403 762 582 580
5.2652950194e+05 4.0256768430e+06 292 293 405 585 587 354
5.2677972954e+05 4.0285977240e+06 292 405 404 764 584 582
5.2860996111e+05 4.0211179554e+06 293 294 406 587 589 356
5.2888110559e+05 4.0240417595e+06 293 406 405 766 586 584
5.3066766828e+05 4.0165478135e+06 294 295 407 589 591 358
5.3095712468e+05 4.0194658402e+06 294 407 406 768 588 586
5.3270718486e+05 4.0119667901e+06 295 296 408 591 593 360
5.3301352821e+05 4.0148755524e+06 295 408 407 770 590 588
5.3472718923e+05 4.0073712094e+06 296 297 409 593 595 362
5.3505180612e+05 4.0102730473e+06 296 409 408 772 592 590
5.3672164869e+05 4.0027543443e+06 297 298 410 595 597 364
5.3706843014e+05 4.0056556500e+06 297 410 409 774 594 592
5.3867814637e+05 3.9981072960e+06 298 299 411 597 599 366
5.3905285268e+05 4.0010178725e+06 298 411 410 776 596 594
5.4057703516e+05 3.9934193187e+06 299 300 412 599 601 368
5.4098817714e+05 3.9963528237e+06 299 412 411 778 598 596
5.4239685000e+05 3.9886801549e+06 300 301 413 601 695 370
5.4285615917e+05 3.9916502450e+06 300 413 412 780 600 598
5.8471587943e+05 4.0444022522e+06 314 321 414 603 704 410
5.8423179699e+05 4.0421949689e+06 314 414 415 604 785 602
5.8582428838e+05 4.0403026438e+06 314 415 374 670 603 522
5.4586108498e+05 4.1105989129e+06 329 327 416 609 606 424
5.4312333301e+05 4.1115040315e+06 416 327 417 782 607 605
5.4267867961e+05 4.1142607231e+06 417 327 328 628 606 421
5.4916751371e+05 4.1065329252e+06 330 329 418 675 609 426
5.4625285595e+05 4.1076424608e+06 418 329 416 784 608 605
5.8904816214e+05 4.0166036881e+06 323 322 419 631 611 412
5.8767833191e+05 4.0187607649e+06 419 322 420 734 612 610
5.8867743333e+05 4.0212177906e+06 420 322 324 614 611 415
5.8802540669e+05 4.0260101105e+06 324 325 421 614 616 417
5.8702891613e+05 4.0234035233e+06 324 421 420 737 613 612
5.8730234620e+05 4.0307632400e+06 325 326 422 616 671 419
5.8630927217e+05 4.0280900041e+06 325 422 421 739 615 613
5.8473115518e+05 4.0573432722e+06 331 332 423 618 701 428
5.8213267120e+05 4.0555609027e+06 331 423 424 619 788 617
5.8245872034e+05 4.0535131101e+06 331 424 337 706 618 445
4.9798103996e+05 4.0856896273e+06 279 393 350 792 561 474
6.2239741789e+05 3.9764652582e+06 354 356 359 677 492 486
5.3799345791e+05 4.1222627554e+06 355 338 339 649 484 450
5.9738440539e+05 4.0691266959e+06 313 253 335 626 440 432
5.8208480585e+05 3.9607100202e+06 269 367 372 797 518 507
5.9442799661e+05 4.0656271912e+06 357 313 425 627 626 488
5.9499913409e+05 4.0681013193e+06 425 313 335 640 625 623
5.9136774617e+05 4.0646247850e+06 358 357 425 810 625 490
5.3947924455e+05 4.1153353046e+06 417 328 426 813 629 607
5.3931141325e+05 4.1174094710e+06 426 328 355 649 628 483
5.8874925656e+05 4.0121088523e+06 387 323 427 803 631 549
5.8774018867e+05 4.0139502606e+06 427 323 419 736 630 610
5.5633724255e+05 3.9600663248e+06 351 336 428 634 633 477
5.5772898082e+05 3.9596197237e+06 428 336 353 636 632 479
5.5479505577e+05 3.9629305332e+06 376 351 428 722 632 528
5.6261547502e+05 3.9596155902e+06 353 369 429 636 638 513
5.5983169251e+05 3.9608145206e+06 353 429 428 794 635 633
5.6715188896e+05 3.9610357126e+06 369 370 430 638 697 515
5.6502821928e+05 3.9615916522e+06 369 430 429 796 637 635
5.9263072441e+05 4.0728320941e+06 335 334 431 640 642 441
5.9236442534e+05 4.0699675756e+06 335 431 425 809 639 626
5.9087195102e+05 4.0769599811e+06 334 333 432 642 643 439
5.9053626899e+05 4.0743512284e+06 334 432 431 848 641 639
5.8857681046e+05 4.0789258764e+06 333 320 432 645 641 436
5.8503126083e+05 4.0800867733e+06 320 375 433 645 800 526
5.8729573604e+05 4.0786587248e+06 320 433 432 850 644 643
5.4797084307e+05 3.9771775368e+06 319 379 434 647 862 533
5.4575603220e+05 3.9790298321e+06 319 434 368 694 646 510
5.3483191003e+05 4.1188380178e+06 339 340 426 649 651 452
5.3670068107e+05 4.1192676724e+06 339 426 355 648 629 622
5.3063449175e+05 4.1163505638e+06 340 341 435 651 653 454
5.3370860731e+05 4.1165941316e+06 340 435 426 814 650 648
5.2674061125e+05 4.1135496308e+06 341 342 436 653 655 456
5.2934561177e+05 4.1138027476e+06 341 436 435 815 652 650
5.2304130538e+05 4.1105195759e+06 342 343 437 655 657 458
5.2543545457e+05 4.1108416839e+06 342 437 436 817 654 652
5.1942005803e+05 4.1073923415e+06 343 344 438 657 659 460
5.2175943148e+05 4.1077525166e+06 343 438 437 819 656 654
5.1584941975e+05 4.1042275697e+06 344 345 439 659 661 462
5.1815384935e+05 4.1045993652e+06 344 439 438 821 658 656
5.1232880388e+05 4.1010823360e+06 345 346 440 661 663 464
5.1460175580e+05 4.1014547100e+06 345 440 439 823 660 658
5.0891246657e+05 4.0979632186e+06 346 347 441 663 665 466
5.1112503118e+05 4.0983316052e+06 346 441 440 825 662 660
5.0587625970e+05 4.0946126018e+06 347 348 442 665 667 468
5.0770125237e+05 4.0949458092e+06 347 442 441 827 664 662
5.0281876783e+05 4.0917178424e+06 348 349 443 667 668 470
5.0453307622e+05 4.0919210166e+06 348 443 442 829 666 664
5.0112795338e+05 4.0892732890e+06 349 350 443 793 666 472
5.8653047668e+05 4.0354755913e+06 326 374 444 671 670 524
5.8483748363e+05 4.0374299425e+06 444 374 415 835 669 604
5.8555600952e+05 4.0327693561e+06 422 326 444 853 669 615
5.7687456103e+05 4.0824082289e+06 232 373 445 673 852 520
5.7964398425e+05 4.0816560526e+06 232 445 375 801 672 525
5.5220743899e+05 4.1017667551e+06 388 330 446 729 675 552
5.4916015530e+05 4.1039059179e+06 446 330 418 806 674 608
6.1789162978e+05 3.9749374600e+06 360 359 447 680 677 494
6.1968261013e+05 3.9769761734e+06 447 359 356 678 676 621
6.1878306125e+05 3.9797697328e+06 356 378 447 703 677 532
6.1337896909e+05 3.9732301026e+06 361 360 448 682 680 496
6.1522935405e+05 3.9753769458e+06 448 360 447 791 679 676
6.0889735264e+05 3.9714461422e+06 362 361 449 684 682 498
6.1078888841e+05 3.9736746533e+06 449 361 448 831 681 679
6.0437487923e+05 3.9698030159e+06 363 362 450 686 684 500
6.0625565208e+05 3.9719787013e+06 450 362 449 836 683 681
5.9979307147e+05 3.9683437380e+06 364 363 451 688 686 502
6.0166948335e+05 3.9704158080e+06 451 363 450 838 685 683
5.9519534883e+05 3.9669566838e+06 365 364 452 690 688 504
5.9709052257e+05 3.9689896634e+06 452 364 451 840 687 685
5.9062682294e+05 3.9655952430e+06 366 365 453 692 690 506
5.9253140645e+05 3.9676062569e+06 453 365 452 842 689 687
5.8614922065e+05 3.9642549725e+06 367 366 454 799 692 508
5.8806183683e+05 3.9662286311e+06 454 366 453 844 691 689
5.4412383306e+05 3.9838836959e+06 301 368 455 695 694 511
5.4634628397e+05 3.9820760873e+06 455 368 434 860 693 647
5.4464396570e+05 3.9868957377e+06 413 301 455 856 693 600
5.7200931485e+05 3.9622631274e+06 370 371 456 697 699 517
5.6946240792e+05 3.9630888724e+06 370 456 430 869 696 637
5.7697244746e+05 3.9635150338e+06 371 372 457 699 798 519
5.7469600320e+05 3.9644489082e+06 371 457 456 871 698 696
5.8700944512e+05 4.0615011397e+06 332 358 458 701 811 489
5.8463378395e+05 4.0601654247e+06 332 458 423 790 700 617
6.1502663247e+05 3.9831736312e+06 378 380 459 703 708 536
6.1595537452e+05 3.9803068243e+06 378 459 447 791 702 678
5.8242894056e+05 4.0466493643e+06 414 321 460 787 705 602
5.8297763637e+05 4.0485469467e+06 460 321 337 706 704 444
5.8080816548e+05 4.0512429317e+06 337 424 460 866 705 619
6.1101834451e+05 3.9865251116e+06 380 381 461 708 710 538
6.1187575659e+05 3.9837948136e+06 380 461 459 833 707 702
6.0774773274e+05 3.9905047899e+06 381 382 462 710 712 540
6.0837216550e+05 3.9874266967e+06 381 462 461 873 709 707
6.0438979100e+05 3.9941145541e+06 382 383 463 712 714 542
6.0495432405e+05 3.9915486843e+06 382 463 462 876 711 709
6.0097418746e+05 3.9975556939e+06 383 384 464 714 716 544
6.0152693610e+05 3.9951744987e+06 383 464 463 878 713 711
5.9754390890e+05 4.0009321678e+06 384 385 465 716 718 546
5.9808663164e+05 3.9985909752e+06 384 465 464 880 715 713
5.9419702643e+05 4.0042405451e+06 385 386 466 718 720 548
5.9474093972e+05 4.0019205126e+06 385 466 465 882 717 715
5.9119542808e+05 4.0074709019e+06 386 387 467 720 802 550
5.9197441465e+05 4.0050347092e+06 386 467 466 884 719 717
5.5368183777e+05 3.9679169003e+06 377 376 468 724 722 530
5.5595735932e+05 3.9655259537e+06 468 376 428 795 721 634
5.5215436396e+05 3.9729898656e+06 379 377 469 864 724 534
5.5451881683e+05 3.9709304602e+06 469 377 468 858 723 721
5.6709915052e+05 4.0837262477e+06 310 391 470 726 928 557
5.7088776352e+05 4.0831414260e+06 310 470 373 851 725 521
5.5393000803e+05 4.0955067846e+06 389 388 471 731 728 554
5.5122101355e+05 4.0963604290e+06 471 388 472 937 729 727
5.5040830338e+05 4.0987152012e+06 472 388 446 808 728 674
5.5736497107e+05 4.0905860322e+06 390 389 473 733 731 556
5.5425284561e+05 4.0918883677e+06 473 389 471 935 730 727
5.6081383106e+05 4.0856804151e+06 391 390 474 926 733 558
5.5743683077e+05 4.0874675867e+06 474 390 473 938 732 730
5.8451628545e+05 4.0184734776e+06 419 420 475 735 738 611
5.8368998237e+05 4.0161996952e+06 419 475 476 736 942 734
5.8503246959e+05 4.0141088475e+06 419 476 427 804 735 631
5.8412538520e+05 4.0230477240e+06 420 421 477 738 740 614
5.8311631780e+05 4.0204088348e+06 420 477 475 940 737 734
5.8362840966e+05 4.0277158971e+06 421 422 478 740 855 616
5.8259890825e+05 4.0250430190e+06 421 478 477 943 739 737
5.0356409921e+05 4.0790357826e+06 392 394 479 742 745 563
5.0321749214e+05 4.0817953835e+06 392 479 480 743 886 741
5.0136063312e+05 4.0827168557e+06 392 480 393 792 742 560
5.0589289034e+05 4.0746337824e+06 394 395 481 745 747 565
5.0582139073e+05 4.0777635695e+06 394 481 479 888 744 741
5.0832286799e+05 4.0701797087e+06 395 396 482 747 749 567
5.0835065455e+05 4.0731967204e+06 395 482 481 890 746 744
5.1076820545e+05 4.0657160644e+06 396 397 483 749 751 569
5.1084654885e+05 4.0686762721e+06 396 483 482 892 748 746
5.1321399309e+05 4.0612589093e+06 397 398 484 751 753 571
5.1332358718e+05 4.0641759375e+06 397 484 483 894 750 748
5.1565225513e+05 4.0568083998e+06 398 399 485 753 755 573
5.1578152277e+05 4.0596922458e+06 398 485 484 896 752 750
5.1806910772e+05 4.0523568827e+06 399 400 486 755 757 575
5.1821276366e+05 4.0552216607e+06 399 486 485 898 754 752
5.2044890541e+05 4.0478947552e+06 400 401 487 757 759 577
5.2060635718e+05 4.0507550049e+06 400 487 486 900 756 754
5.2277744909e+05 4.0434133255e+06 401 402 488 759 761 579
5.2295081538e+05 4.0462817258e+06 401 488 487 902 758 756
5.2504354057e+05 4.0389059871e+06 402 403 489 761 763 581
5.2523646661e+05 4.0417931967e+06 402 489 488 904 760 758
5.2724293648e+05 4.0343700425e+06 403 404 490 763 765 583
5.2745968748e+05 4.0372822385e+06 403 490 489 906 762 760
5.2938302271e+05 4.0298084113e+06 404 405 491 765 767 585
5.2962638327e+05 4.0327426273e+06 404 491 490 908 764 762
5.3148153113e+05 4.0252284213e+06 405 406 492 767 769 587
5.3175034572e+05 4.0281724256e+06 405 492 491 910 766 764
5.3355730969e+05 4.0206373545e+06 406 407 493 769 771 589
5.3384675905e+05 4.0235769719e+06 406 493 492 912 768 766
5.3562019576e+05 4.0160376280e+06 407 408 494 771 773 591
5.3592550412e+05 4.0189657405e+06 407 494 493 914 770 768
5.3766859315e+05 4.0114254573e+06 408 409 495 773 775 593
5.3798868453e+05 4.0143450977e+06 408 495 494 916 772 770
5.3969712884e+05 4.0067940652e+06 409 410 496 775 777 595
5.4003477019e+05 4.0097125391e+06 409 496 495 918 774 772
5.4169932279e+05 4.0021355002e+06 410 411 497 777 779 597
5.4205862102e+05 4.0050598045e+06 410 497 496 920 776 774
5.4365818387e+05 3.9974377912e+06 411 412 498 779 781 599
5.4404545287e+05 4.0003805190e+06 411 498 497 922 778 776
5.4554376144e+05 3.9926850408e+06 412 413 499 781 857 601
5.4597172814e+05 3.9956675822e+06 412 499 498 924 780 778
5.4131774964e+05 4.1099642825e+06 416 417 500 783 812 606
5.4181930225e+05 4.1069649403e+06 416 500 501 784 932 782
5.4419751135e+05 4.1060828641e+06 416 501 418 807 783 609
5.8107728614e+05 4.0413695688e+06 415 414 502 834 786 603
5.7921533572e+05 4.0433760066e+06 502 414 503 945 787 785
5.7984953257e+05 4.0458231667e+06 503 414 460 865 786 704
5.7975269705e+05 4.0568078657e+06 424 423 504 867 789 618
5.7980367149e+05 4.0601009061e+06 504 423 505 929 790 788
5.8234056779e+05 4.0614230646e+06 505 423 458 846 789 701
6.1414357877e+05 3.9782321955e+06 448 447 459 832 703 680
5.0053953448e+05 4.0856264614e+06 350 393 480 793 743 620
5.0178109840e+05 4.0872721183e+06 443 350 480 887 792 668
5.6027324988e+05 3.9648522017e+06 428 429 506 795 796 636
5.5898347918e+05 3.9660879359e+06 428 506 468 859 794 722
5.6374820479e+05 3.9649650415e+06 429 430 506 870 794 638
5.8179403124e+05 3.9629831977e+06 372 367 121 798 799 624
5.7886712546e+05 3.9645147516e+06 372 121 457 1037 797 698
5.8389920504e+05 3.9648708436e+06 367 454 121 1036 797 691
5.8248116031e+05 4.0782149186e+06 433 375 507 950 801 644
5.8041891823e+05 4.0787632737e+06 507 375 445 959 800 673
5.8818951789e+05 4.0077930714e+06 467 387 509 951 803 719
5.8728168639e+05 4.0093516581e+06 509 387 427 805 802 630
5.8324861781e+05 4.0112222623e+06 427 476 510 805 952 736
5.8400292324e+05 4.0095561780e+06 427 510 509 1066 804 803
5.4673901590e+05 4.1023497309e+06 446 418 511 808 807 675
5.4456883410e+05 4.1032507334e+06 511 418 501 976 806 784
5.4719064364e+05 4.0994045906e+06 472 446 511 957 806 729
5.8976064675e+05 4.0688084262e+06 425 431 512 810 849 640
5.8952962869e+05 4.0658642021e+06 425 512 358 811 809 627
5.8700539196e+05 4.0646813663e+06 458 358 512 847 810 700
5.3870986242e+05 4.1106177969e+06 500 417 513 934 813 782
5.3788131304e+05 4.1137969592e+06 513 417 426 814 812 628
5.3509681223e+05 4.1141084989e+06 426 435 513 816 813 651
5.3098674776e+05 4.1115004460e+06 435 436 514 816 818 653
5.3347256741e+05 4.1115666496e+06 435 514 513 948 815 814
5.2738304799e+05 4.1084885243e+06 436 437 515 818 820 655
5.2962540208e+05 4.1087840243e+06 436 515 514 962 817 815
5.2381226366e+05 4.1053855054e+06 437 438 516 820 822 657
5.2613655197e+05 4.1057552102e+06 437 516 515 989 819 817
5.2023391706e+05 4.1022368111e+06 438 439 517 822 824 659
5.2257939970e+05 4.1026014671e+06 438 517 516 991 821 819
5.1667243774e+05 4.0990853532e+06 439 440 518 824 826 661
5.1895727262e+05 4.0994142930e+06 439 518 517 993 823 821
5.1309612034e+05 4.0960866654e+06 440 441 519 826 828 663
5.1536558119e+05 4.0963657716e+06 440 519 518 995 825 823
5.0952386463e+05 4.0932735140e+06 441 442 520 828 830 665
5.1189016720e+05 4.0935783444e+06 441 520 519 997 827 825
5.0690897659e+05 4.0890385126e+06 442 443 521 830 887 667
5.0845815488e+05 4.0894406135e+06 442 521 520 999 829 827
6.0972462790e+05 3.9762728559e+06 449 448 522 837 832 682
6.1161379899e+05 3.9785674664e+06 522 448 459 833 831 791
6.1018125198e+05 3.9816014164e+06 459 461 522 875 832 708
5.8043353353e+05 4.0388637376e+06 415 502 523 835 947 785
5.8213890755e+05 4.0369663715e+06 415 523 444 854 834 670
6.0537778333e+05 3.9743611895e+06 450 449 524 839 837 684
6.0725221940e+05 3.9766770555e+06 524 449 522 949 836 831
6.0087502504e+05 3.9729232139e+06 451 450 525 841 839 686
6.0271436340e+05 3.9749590394e+06 525 450 524 965 838 836
5.9631274856e+05 3.9715669596e+06 452 451 526 843 841 688
5.9819592502e+05 3.9735817586e+06 526 451 525 974 840 838
5.9174127291e+05 3.9702080790e+06 453 452 527 845 843 690
5.9361703166e+05 3.9722309161e+06 527 452 526 978 842 840
5.8724118692e+05 3.9688193122e+06 454 453 528 1035 845 692
5.8902084069e+05 3.9708381251e+06 528 453 527 982 844 842
5.8230803531e+05 4.0646050262e+06 505 458 529 1043 847 790
5.8486032308e+05 4.0658905153e+06 529 458 512 953 846 811
5.8768715646e+05 4.0734009169e+06 431 432 530 849 850 642
5.8725471309e+05 4.0705194295e+06 431 530 512 953 848 809
5.8612507665e+05 4.0748852630e+06 432 433 530 950 848 645
5.7184442953e+05 4.0806030736e+06 373 470 531 852 1014 726
5.7491229544e+05 4.0800971837e+06 373 531 445 958 851 672
5.8298373559e+05 4.0323631897e+06 422 444 532 855 854 671
5.8128976763e+05 4.0342950835e+06 532 444 523 960 853 835
5.8200969154e+05 4.0296849750e+06 478 422 532 986 853 739
5.4732955593e+05 3.9878649003e+06 413 455 533 857 861 695
5.4781508709e+05 3.9909053545e+06 413 533 499 1013 856 780
5.5708388976e+05 3.9717256967e+06 469 468 534 1034 859 724
5.5972961217e+05 3.9696931613e+06 534 468 506 954 858 795
5.4900901817e+05 3.9829739257e+06 455 434 535 861 863 694
5.4956508778e+05 3.9860756876e+06 455 535 533 1020 860 856
5.5059973804e+05 3.9780140232e+06 434 379 536 863 864 646
5.5123532585e+05 3.9811608144e+06 434 536 535 1030 862 860
5.5287552170e+05 3.9761299956e+06 379 469 536 1032 862 723
5.7776470962e+05 4.0479243174e+06 503 460 537 1025 866 787
5.7869071862e+05 4.0509423844e+06 537 460 424 868 865 706
5.7723477001e+05 4.0555611538e+06 424 504 538 868 931 788
5.7680674958e+05 4.0528545053e+06 424 538 537 1026 867 866
5.6869839654e+05 3.9660122931e+06 430 456 539 870 872 697
5.6535986089e+05 3.9669174678e+06 430 539 506 955 869 796
5.7395236224e+05 3.9673575529e+06 456 457 540 872 1038 699
5.7090197275e+05 3.9682284537e+06 456 540 539 1022 871 869
6.0603644862e+05 3.9856175818e+06 461 462 541 874 877 710
6.0605202994e+05 3.9836708042e+06 461 541 542 875 967 873
6.0814096722e+05 3.9815862529e+06 461 542 522 949 874 833
6.0262998021e+05 3.9894375688e+06 462 463 543 877 879 712
6.0301280187e+05 3.9870918847e+06 462 543 541 968 876 873
5.9925823973e+05 3.9929660083e+06 463 464 544 879 881 714
5.9975451396e+05 3.9906026113e+06 463 544 543 970 878 876
5.9588751157e+05 3.9964082598e+06 464 465 545 881 883 716
5.9640072992e+05 3.9940540794e+06 464 545 544 972 880 878
5.9256763094e+05 3.9998034964e+06 465 466 546 883 885 718
5.9301816328e+05 3.9974880053e+06 465 546 545 980 882 880
5.8934495592e+05 4.0029095250e+06 466 467 547 885 951 720
5.8950248001e+05 4.0010667806e+06 466 547 546 984 884 882
5.0632161599e+05 4.0841043305e+06 480 479 521 887 889 742
5.0553697909e+05 4.0867232516e+06 480 521 443 886 829 793
5.0849847752e+05 4.0791825210e+06 479 481 548 889 891 745
5.0851828707e+05 4.0830303488e+06 479 548 521 1000 888 886
5.1094812907e+05 4.0746032933e+06 481 482 549 891 893 747
5.1101299525e+05 4.0777483812e+06 481 549 548 1002 890 888
5.1337465057e+05 4.0700480877e+06 482 483 550 893 895 749
5.1347762194e+05 4.0730955667e+06 482 550 549 1004 892 890
5.1580304885e+05 4.0655266499e+06 483 484 551 895 897 751
5.1593150222e+05 4.0685075111e+06 483 551 550 1006 894 892
5.1824643503e+05 4.0610372269e+06 484 485 552 897 899 753
5.1838502215e+05 4.0639589519e+06 484 552 551 1008 896 894
5.2069145840e+05 4.0565655998e+06 485 486 553 899 901 755
5.2083414988e+05 4.0594484064e+06 485 553 552 1010 898 896
5.2311635926e+05 4.0520942306e+06 486 487 554 901 903 757
5.2326506393e+05 4.0549608047e+06 486 554 553 1016 900 898
5.2550137445e+05 4.0476085131e+06 487 488 555 903 905 759
5.2566149624e+05 4.0504761184e+06 487 555 554 1018 902 900
5.2782761934e+05 4.0430969107e+06 488 489 556 905 907 761
5.2800533469e+05 4.0459793502e+06 488 556 555 1044 904 902
5.3007748961e+05 4.0385509796e+06 489 490 557 907 909 763
5.3027985031e+05 4.0414620547e+06 489 557 556 1046 906 904
5.3224696469e+05 4.0339701306e+06 490 491 558 909 911 765
5.3248092186e+05 4.0369157060e+06 490 558 557 1048 908 906
5.3435575489e+05 4.0293643224e+06 491 492 559 911 913 767
5.3462269095e+05 4.0323321904e+06 491 559 558 1050 910 908
5.3643745762e+05 4.0247478951e+06 492 493 560 913 915 769
5.3672987187e+05 4.0277145103e+06 492 560 559 1052 912 910
5.3851613151e+05 4.0201290850e+06 493 494 561 915 917 771
5.3882336675e+05 4.0230779255e+06 493 561 560 1054 914 912
5.4059343811e+05 4.0155048226e+06 494 495 562 917 919 773
5.4090993203e+05 4.0184367547e+06 494 562 561 1056 916 914
5.4265400519e+05 4.0108638361e+06 495 496 563 919 921 775
5.4298200127e+05 4.0137944303e+06 495 563 562 1058 918 916
5.4469548401e+05 4.0061989422e+06 496 497 564 921 923 777
5.4503970135e+05 4.0091366253e+06 496 564 563 1060 920 918
5.4671900773e+05 4.0015026567e+06 497 498 565 923 925 779
5.4708056810e+05 4.0044491707e+06 497 565 564 1062 922 920
5.4869058276e+05 3.9967529496e+06 498 499 566 925 1012 781
5.4907965946e+05 3.9997323655e+06 498 566 565 1064 924 922
5.6063969142e+05 4.0829326737e+06 391 474 567 927 1041 732
5.6276376984e+05 4.0809458410e+06 391 567 568 928 1068 926
5.6563093356e+05 4.0813275636e+06 391 568 470 1015 927 725
5.7745567121e+05 4.0615252759e+06 504 505 569 930 1042 789
5.7496386189e+05 4.0603333928e+06 504 569 570 931 1074 929
5.7466773961e+05 4.0574767057e+06 504 570 538 1028 930 867
5.3969075202e+05 4.1054190028e+06 501 500 571 977 933 783
5.3786065690e+05 4.1061862259e+06 571 500 572 964 934 932
5.3727790732e+05 4.1092471919e+06 572 500 513 948 933 812
5.5195168108e+05 4.0902246332e+06 473 471 573 939 936 731
5.4919575672e+05 4.0914074960e+06 573 471 574 1071 937 935
5.4874800436e+05 4.0941359415e+06 574 471 472 956 936 728
5.5499179368e+05 4.0858265084e+06 474 473 575 1040 939 733
5.5218080440e+05 4.0872856490e+06 575 473 573 1073 938 935
5.8010490367e+05 4.0201441405e+06 475 477 576 941 944 738
5.7896292012e+05 4.0170578037e+06 475 576 577 942 1077 940
5.8028424868e+05 4.0156219642e+06 475 577 476 952 941 735
5.7978654402e+05 4.0247759884e+06 477 478 578 944 988 740
5.7865848570e+05 4.0220764554e+06 477 578 576 1079 943 940
5.7636528923e+05 4.0425708698e+06 502 503 579 946 1024 786
5.7577357022e+05 4.0399945287e+06 502 579 580 947 1080 945
5.7755377504e+05 4.0381509613e+06 502 580 523 961 946 834
5.3470286415e+05 4.1095205222e+06 572 513 514 963 934 816
6.0634869125e+05 3.9786198214e+06 524 522 542 966 875 837
5.8363483871e+05 4.0748799189e+06 530 433 507 1087 850 800
5.8700597920e+05 4.0047754928e+06 547 467 509 1067 884 802
5.8000953261e+05 4.0122884916e+06 476 577 510 1192 942 804
5.8483057371e+05 4.0693810235e+06 512 530 529 1088 849 847
5.6225273819e+05 3.9707409910e+06 534 506 581 1104 955 859
5.6472638967e+05 3.9695087551e+06 581 506 539 1023 954 870
5.4594313287e+05 4.0952022747e+06 574 472 582 1126 957 937
5.4551029446e+05 4.0978671480e+06 582 472 511 1083 956 808
5.7583637230e+05 4.0775052278e+06 445 531 583 959 1094 852
5.7856037247e+05 4.0769562397e+06 445 583 507 1089 958 801
5.7867477696e+05 4.0337976643e+06 532 523 584 987 961 854
5.7695067021e+05 4.0356638499e+06 584 523 580 1128 960 947
5.3159001807e+05 4.1065257661e+06 514 515 508 963 990 818
5.3332034782e+05 4.1068400971e+06 514 508 572 964 962 948
5.3552180426e+05 4.1049628138e+06 571 572 508 1117 963 933
6.0195921718e+05 3.9773897815e+06 525 524 585 975 966 839
6.0369582231e+05 3.9792069031e+06 585 524 542 967 965 949
6.0307929013e+05 3.9817590070e+06 542 541 585 969 966 874
6.0061111858e+05 3.9849865340e+06 541 543 587 969 971 877
6.0106290685e+05 3.9826770236e+06 541 587 585 1084 968 967
5.9745032965e+05 3.9884217899e+06 543 544 588 971 973 879
5.9795530121e+05 3.9860789869e+06 543 588 587 1109 970 968
5.9414101145e+05 3.9918709126e+06 544 545 589 973 981 881
5.9467835565e+05 3.9894869015e+06 544 589 588 1112 972 970
5.9745642968e+05 3.9761225109e+06 526 525 590 979 975 841
5.9941092414e+05 3.9781095387e+06 590 525 585 1084 974 965
5.4234844409e+05 4.1016169473e+06 511 501 591 1083 977 807
5.4003004290e+05 4.1026426367e+06 591 501 571 1116 976 932
5.9285408788e+05 3.9747982018e+06 527 526 592 983 979 843
5.9482178087e+05 3.9768550102e+06 592 526 590 1111 978 974
5.9081242049e+05 3.9954010360e+06 545 546 593 981 985 883
5.9137285758e+05 3.9929049177e+06 545 593 589 1129 980 972
5.8820748240e+05 3.9733753984e+06 528 527 594 1134 983 845
5.9014150648e+05 3.9755022041e+06 594 527 592 1119 982 978
5.8748623699e+05 3.9992391366e+06 546 547 595 985 1086 885
5.8817079074e+05 3.9963454275e+06 546 595 593 1131 984 980
5.7941306343e+05 4.0293457304e+06 478 532 596 988 987 855
5.7784362603e+05 4.0312357133e+06 596 532 584 1107 986 960
5.7836547653e+05 4.0267081083e+06 578 478 596 1102 986 943
5.2820232343e+05 4.1034236979e+06 515 516 597 990 992 820
5.3049339832e+05 4.1038949078e+06 515 597 508 1118 989 962
5.2459389662e+05 4.1003155597e+06 516 517 598 992 994 822
5.2711912108e+05 4.1007363457e+06 516 598 597 1169 991 989
5.2099459384e+05 4.0970848613e+06 517 518 599 994 996 824
5.2340877231e+05 4.0974398663e+06 517 599 598 1167 993 991
5.1734389338e+05 4.0938957198e+06 518 519 600 996 998 826
5.1965736221e+05 4.0941224561e+06 518 600 599 1151 995 993
5.1360234265e+05 4.0912182074e+06 519 520 601 998 999 828
5.1579401219e+05 4.0911467677e+06 519 601 600 1148 997 995
5.1128047924e+05 4.0881037538e+06 520 521 601 1001 997 830
5.1069738343e+05 4.0839337211e+06 521 548 602 1001 1003 889
5.1180734348e+05 4.0868020922e+06 521 602 601 1146 1000 999
5.1359522610e+05 4.0791173578e+06 548 549 603 1003 1005 891
5.1372758310e+05 4.0816166613e+06 548 603 602 1147 1002 1000
5.1601762796e+05 4.0744290422e+06 549 550 604 1005 1007 893
5.1616372921e+05 4.0775100573e+06 549 604 603 1149 1004 1002
5.1840126457e+05 4.0698198433e+06 550 551 605 1007 1009 895
5.1856890905e+05 4.0728680573e+06 550 605 604 1153 1006 1004
5.2082919303e+05 4.0652819899e+06 551 552 606 1009 1011 897
5.2099081580e+05 4.0682436735e+06 551 606 605 1155 1008 1006
5.2329288057e+05 4.0607909824e+06 552 553 607 1011 1017 899
5.2344016447e+05 4.0636898736e+06 552 607 606 1157 1010 1008
5.5099880573e+05 3.9949731767e+06 566 499 608 1136 1013 924
5.5055555810e+05 3.9919250219e+06 608 499 533 1021 1012 857
5.7024444519e+05 4.0783306411e+06 531 470 609 1093 1015 851
5.6742518143e+05 4.0783434837e+06 609 470 568 1096 1014 928
5.2575921751e+05 4.0563148837e+06 553 554 610 1017 1019 901
5.2589878753e+05 4.0591870015e+06 553 610 607 1159 1016 1010
5.2819969564e+05 4.0518287133e+06 554 555 611 1019 1045 903
5.2834346391e+05 4.0547000837e+06 554 611 610 1161 1018 1016
5.5229064503e+05 3.9870138573e+06 533 535 612 1021 1031 861
5.5280728166e+05 3.9901410213e+06 533 612 608 1138 1020 1013
5.7012423198e+05 3.9709283309e+06 539 540 613 1023 1091 872
5.6756392976e+05 3.9718177779e+06 539 613 581 1105 1022 955
5.7446188496e+05 4.0444698143e+06 579 503 614 1082 1025 945
5.7509752579e+05 4.0472055123e+06 614 503 537 1027 1024 865
5.7365923971e+05 4.0518020892e+06 537 538 615 1027 1029 868
5.7314260312e+05 4.0490800480e+06 537 615 614 1122 1026 1025
5.7195698061e+05 4.0562942617e+06 538 570 616 1029 1100 931
5.7155841319e+05 4.0537035924e+06 538 616 615 1123 1028 1026
5.5390323545e+05 3.9820219215e+06 535 536 617 1031 1033 863
5.5449275800e+05 3.9852330455e+06 535 617 612 1142 1030 1020
5.5544247269e+05 3.9769394891e+06 536 469 618 1033 1034 864
5.5609726609e+05 3.9802515656e+06 536 618 617 1144 1032 1030
5.5777752861e+05 3.9751238698e+06 469 534 618 1103 1032 858
5.8443305442e+05 3.9693568576e+06 454 528 619 1036 1133 844
5.8302790910e+05 3.9674454472e+06 454 619 121 1037 1035 799
5.7966595281e+05 3.9676234200e+06 457 121 619 1039 1036 798
5.7616691812e+05 3.9696744264e+06 540 457 620 1092 1039 871
5.7860381083e+05 3.9693090429e+06 620 457 619 1135 1038 1037
5.5502001086e+05 4.0831055078e+06 474 575 621 1041 1097 938
5.5738911969e+05 4.0814640208e+06 474 621 567 1070 1040 926
5.7759887111e+05 4.0644614523e+06 569 505 622 1076 1043 929
5.8018534923e+05 4.0658027080e+06 622 505 529 1090 1042 846
5.3059599929e+05 4.0473179759e+06 555 556 623 1045 1047 905
5.3075481710e+05 4.0501989850e+06 555 623 611 1163 1044 1018
5.3291939412e+05 4.0427686820e+06 556 557 624 1047 1049 907
5.3310221224e+05 4.0456726089e+06 556 624 623 1165 1046 1044
5.3513614982e+05 4.0381698037e+06 557 558 625 1049 1051 909
5.3535536997e+05 4.0411193707e+06 557 625 624 1171 1048 1046
5.3725103088e+05 4.0335305326e+06 558 559 626 1051 1053 911
5.3751616946e+05 4.0365248756e+06 558 626 625 1173 1050 1048
5.3931745750e+05 4.0288780821e+06 559 560 627 1053 1055 913
5.3961908394e+05 4.0318812917e+06 559 627 626 1175 1052 1050
5.4139221399e+05 4.0242344124e+06 560 561 628 1055 1057 915
5.4170842816e+05 4.0272112703e+06 560 628 627 1177 1054 1052
5.4349256273e+05 4.0196005147e+06 561 562 629 1057 1059 917
5.4380949300e+05 4.0225437104e+06 561 629 628 1179 1056 1054
5.4559829188e+05 4.0149605186e+06 562 563 630 1059 1061 919
5.4591626080e+05 4.0178871940e+06 562 630 629 1181 1058 1056
5.4766152270e+05 4.0102903734e+06 563 564 631 1061 1063 921
5.4799190599e+05 4.0132397822e+06 563 631 630 1183 1060 1058
5.4972819918e+05 4.0056010201e+06 564 565 632 1063 1065 923
5.5006910801e+05 4.0085574676e+06 564 632 631 1185 1062 1060
5.5180929362e+05 4.0008786696e+06 565 566 633 1065 1137 925
5.5214841428e+05 4.0038392016e+06 565 633 632 1187 1064 1062
5.8272286051e+05 4.0070375986e+06 509 510 634 1067 1195 805
5.8475966456e+05 4.0043115709e+06 509 634 547 1085 1066 951
5.6172204287e+05 4.0776616335e+06 568 567 635 1095 1069 927
5.5910415931e+05 4.0770808886e+06 635 567 636 1189 1070 1068
5.5717086771e+05 4.0787300392e+06 636 567 621 1114 1069 1041
5.4677222667e+05 4.0895283690e+06 573 574 637 1072 1125 936
5.4707414436e+05 4.0868377831e+06 573 637 638 1073 1203 1071
5.4968672319e+05 4.0855583349e+06 573 638 575 1098 1072 939
5.7271327988e+05 4.0618835142e+06 570 569 639 1099 1075 930
5.7289358733e+05 4.0650503967e+06 639 569 640 1200 1076 1074
5.7509502994e+05 4.0661025439e+06 640 569 622 1140 1075 1042
5.7620133955e+05 4.0168307734e+06 577 576 641 1194 1078 941
5.7457229370e+05 4.0194001158e+06 641 576 642 1197 1079 1077
5.7586757701e+05 4.0219058116e+06 642 576 578 1101 1078 944
5.7291659068e+05 4.0391871231e+06 580 579 643 1127 1081 946
5.7108854528e+05 4.0409320877e+06 643 579 644 1206 1082 1080
5.7164170185e+05 4.0436466075e+06 644 579 614 1121 1081 1024
5.4269953757e+05 4.0988814029e+06 582 511 591 1268 976 957
5.9875243383e+05 3.9806207356e+06 590 585 587 1110 975 969
5.8396319717e+05 4.0024323824e+06 547 634 645 1086 1240 1067
5.8521217334e+05 3.9998233246e+06 547 645 595 1225 1085 984
5.8218215201e+05 4.0733539805e+06 530 507 646 1088 1089 950
5.8274056038e+05 4.0704102828e+06 530 646 529 1090 1087 953
5.7931216489e+05 4.0740673960e+06 507 583 646 1210 1087 959
5.8004019833e+05 4.0687388852e+06 622 529 646 1141 1088 1043
5.7253729211e+05 3.9733146665e+06 613 540 647 1222 1092 1022
5.7490945394e+05 3.9728002208e+06 647 540 620 1224 1091 1038
5.7158648627e+05 4.0755954864e+06 531 609 648 1094 1217 1014
5.7411803037e+05 4.0753864023e+06 531 648 583 1211 1093 958
5.6355655088e+05 4.0756297141e+06 568 635 649 1096 1191 1068
5.6602888405e+05 4.0758774538e+06 568 649 609 1218 1095 1015
5.5225080264e+05 4.0814920352e+06 621 575 650 1115 1098 1040
5.4989044335e+05 4.0828261257e+06 650 575 638 1263 1097 1073
5.6999794497e+05 4.0607256985e+06 570 639 651 1100 1202 1074
5.6964799696e+05 4.0582005444e+06 570 651 616 1228 1099 1028
5.7438829041e+05 4.0242046356e+06 642 578 652 1251 1102 1079
5.7554839396e+05 4.0265410276e+06 652 578 596 1108 1101 988
5.6022318759e+05 3.9759416798e+06 618 534 653 1213 1104 1034
5.6242934728e+05 3.9744805386e+06 653 534 581 1106 1103 954
5.6699485635e+05 3.9742192616e+06 581 613 654 1106 1221 1023
5.6461698353e+05 3.9753981503e+06 581 654 653 1215 1105 1104
5.7550346505e+05 4.0308536860e+06 596 584 655 1108 1209 987
5.7446899484e+05 4.0283215358e+06 596 655 652 1233 1107 1102
5.9566521402e+05 3.9839169826e+06 587 588 656 1110 1113 971
5.9626793964e+05 3.9814866087e+06 587 656 590 1111 1109 1084
5.9411977407e+05 3.9793793941e+06 592 590 656 1120 1110 979
5.9240120875e+05 3.9872865382e+06 588 589 657 1113 1130 973
5.9299228039e+05 3.9848704447e+06 588 657 656 1212 1112 1109
5.5437455836e+05 4.0775145913e+06 636 621 658 1247 1115 1070
5.5235665915e+05 4.0788213929e+06 658 621 650 1265 1114 1097
5.3746323723e+05 4.1009139049e+06 591 571 659 1269 1117 977
5.3517336102e+05 4.1023362403e+06 659 571 508 1118 1116 964
5.3283182809e+05 4.1014863583e+06 508 597 659 1214 1117 990
5.8937989805e+05 3.9780308510e+06 594 592 660 1246 1120 983
5.9146253373e+05 3.9801950218e+06 660 592 656 1212 1119 1111
5.6973635446e+05 4.0454520535e+06 644 614 661 1290 1122 1082
5.7025303558e+05 4.0481507271e+06 661 614 615 1124 1121 1027
5.6869903750e+05 4.0526177770e+06 615 616 662 1124 1227 1029
5.6825013686e+05 4.0499881860e+06 615 662 661 1292 1123 1122
5.4409931917e+05 4.0907289139e+06 637 574 663 1205 1126 1071
5.4375326553e+05 4.0933975623e+06 663 574 582 1267 1125 956
5.7240115396e+05 4.0364959268e+06 580 643 664 1128 1208 1080
5.7411383504e+05 4.0348770641e+06 580 664 584 1209 1127 961
5.8907049393e+05 3.9907246226e+06 589 593 665 1130 1132 981
5.8965100379e+05 3.9882782734e+06 589 665 657 1272 1129 1112
5.8580591446e+05 3.9942421751e+06 593 595 666 1132 1226 985
5.8635953058e+05 3.9917425889e+06 593 666 665 1274 1131 1129
5.8352266360e+05 3.9717150873e+06 619 528 667 1135 1134 1035
5.8543694132e+05 3.9740182817e+06 667 528 594 1245 1133 982
5.8074694785e+05 3.9722570937e+06 620 619 667 1223 1133 1039
5.5379398398e+05 3.9960616934e+06 566 608 668 1137 1139 1012
5.5417749255e+05 3.9991030841e+06 566 668 633 1253 1136 1064
5.5560595796e+05 3.9911329335e+06 608 612 669 1139 1143 1021
5.5608781764e+05 3.9942763147e+06 608 669 668 1255 1138 1136
5.7541895160e+05 4.0683568910e+06 640 622 586 1236 1141 1076
5.7821237650e+05 4.0697000928e+06 586 622 646 1210 1140 1090
5.5727588725e+05 3.9861320932e+06 612 617 670 1143 1145 1031
5.5783885884e+05 3.9893283964e+06 612 670 669 1261 1142 1138
5.5878546194e+05 3.9810703880e+06 617 618 672 1145 1213 1033
5.5939713180e+05 3.9843662892e+06 617 672 670 1243 1144 1142
5.1612469201e+05 4.0863214779e+06 601 602 673 1148 1147 1001
5.1674922132e+05 4.0835205205e+06 673 602 603 1150 1146 1003
5.1748257694e+05 4.0883824173e+06 600 601 673 1152 1146 998
5.1879102437e+05 4.0788238012e+06 603 604 674 1150 1154 1005
5.1893519156e+05 4.0823601383e+06 603 674 673 1235 1149 1147
5.2160525480e+05 4.0918510611e+06 599 600 675 1168 1152 996
5.2025558398e+05 4.0885417230e+06 675 600 673 1234 1151 1148
5.2103121234e+05 4.0741175705e+06 604 605 676 1154 1156 1007
5.2127154850e+05 4.0772882719e+06 604 676 674 1241 1153 1149
5.2340029816e+05 4.0695221885e+06 605 606 677 1156 1158 1009
5.2360797383e+05 4.0725214277e+06 605 677 676 1249 1155 1153
5.2586473323e+05 4.0650185359e+06 606 607 678 1158 1160 1011
5.2602388083e+05 4.0679216353e+06 606 678 677 1276 1157 1155
5.2837039743e+05 4.0605523487e+06 607 610 679 1160 1162 1017
5.2849847948e+05 4.0634186773e+06 607 679 678 1278 1159 1157
5.3086391685e+05 4.0560765660e+06 610 611 680 1162 1164 1019
5.3098341553e+05 4.0589505202e+06 610 680 679 1280 1161 1159
5.3332176939e+05 4.0515689913e+06 611 623 681 1164 1166 1045
5.3345411022e+05 4.0544667339e+06 611 681 680 1282 1163 1161
5.3574535790e+05 4.0470269044e+06 623 624 682 1166 1172 1047
5.3590191379e+05 4.0499305530e+06 623 682 681 1284 1165 1163
5.2537500655e+05 4.0952648466e+06 598 599 683 1170 1168 994
5.2428010113e+05 4.0922541915e+06 683 599 675 1257 1167 1151
5.2897871409e+05 4.0985885126e+06 597 598 684 1214 1170 992
5.2797147144e+05 4.0957339227e+06 684 598 683 1259 1169 1167
5.3806194450e+05 4.0424211324e+06 624 625 685 1172 1174 1049
5.3825519944e+05 4.0453588000e+06 624 685 682 1286 1171 1165
5.4019945608e+05 4.0377383396e+06 625 626 686 1174 1176 1051
5.4045957131e+05 4.0407565940e+06 625 686 685 1288 1173 1171
5.4222225110e+05 4.0330281486e+06 626 627 687 1176 1178 1053
5.4254687383e+05 4.0360805751e+06 626 687 686 1294 1175 1173
5.4425232797e+05 4.0283447871e+06 627 628 688 1178 1180 1055
5.4459198968e+05 4.0313601186e+06 627 688 687 1296 1177 1175
5.4635084787e+05 4.0236993326e+06 628 629 689 1180 1182 1057
5.4667630097e+05 4.0266598773e+06 628 689 688 1298 1179 1177
5.4850392414e+05 4.0190692442e+06 629 630 690 1182 1184 1059
5.4881119303e+05 4.0219911352e+06 629 690 689 1300 1181 1179
5.5065621276e+05 4.0144198870e+06 630 631 691 1184 1186 1061
5.5096971780e+05 4.0173322084e+06 630 691 690 1302 1183 1181
5.5264625272e+05 4.0097032964e+06 631 632 692 1186 1188 1063
5.5299067609e+05 4.0127067088e+06 631 692 691 1304 1185 1183
5.5483637220e+05 4.0050478554e+06 632 633 693 1188 1254 1065
5.5512755387e+05 4.0079721242e+06 632 693 692 1306 1187 1185
5.5837225101e+05 4.0740974593e+06 635 636 694 1190 1248 1069
5.5996625821e+05 4.0724731499e+06 635 694 695 1191 1317 1189
5.6242111461e+05 4.0728344265e+06 635 695 649 1219 1190 1095
5.7882300997e+05 4.0114938539e+06 510 577 696 1196 1193 952
5.7556905611e+05 4.0125757115e+06 696 577 697 1309 1194 1192
5.7480811099e+05 4.0143774883e+06 697 577 641 1199 1193 1077
5.7999977974e+05 4.0066542287e+06 634 510 698 1239 1196 1066
5.7857721873e+05 4.0080684909e+06 698 510 696 1308 1195 1192
5.7185235313e+05 4.0193465096e+06 641 642 699 1198 1252 1078
5.7035626044e+05 4.0168394484e+06 641 699 700 1199 1314 1197
5.7147773211e+05 4.0146824437e+06 641 700 697 1310 1198 1194
5.7115453730e+05 4.0659871736e+06 639 640 701 1201 1237 1075
5.6833482993e+05 4.0646456753e+06 639 701 702 1202 1312 1200
5.6800623021e+05 4.0624439971e+06 639 702 651 1229 1201 1099
5.4466206615e+05 4.0850754178e+06 638 637 703 1264 1204 1072
5.4198867097e+05 4.0863086608e+06 703 637 704 1320 1205 1203
5.4170600463e+05 4.0889080617e+06 704 637 663 1270 1204 1125
5.6828612621e+05 4.0400931224e+06 643 644 705 1207 1291 1081
5.6774068218e+05 4.0372717358e+06 643 705 706 1208 1323 1206
5.6960403230e+05 4.0356607179e+06 643 706 664 1231 1207 1127
5.7376131297e+05 4.0327031473e+06 655 584 664 1232 1128 1107
5.7776861185e+05 4.0726223388e+06 646 583 586 1211 1141 1089
5.7512373159e+05 4.0731392762e+06 583 648 586 1236 1210 1094
5.9078368473e+05 3.9826812006e+06 656 657 660 1273 1120 1113
5.6078962918e+05 3.9794545498e+06 672 618 653 1216 1144 1103
5.3202363975e+05 4.0990972627e+06 597 684 659 1331 1169 1118
5.6506430141e+05 3.9788986446e+06 653 654 707 1216 1335 1106
5.6360723540e+05 3.9802085319e+06 653 707 672 1244 1215 1213
5.7007178026e+05 4.0734477896e+06 648 609 708 1238 1218 1093
5.6769680420e+05 4.0733798459e+06 708 609 649 1220 1217 1096
5.6404155289e+05 4.0708704770e+06 649 695 709 1220 1344 1191
5.6638482036e+05 4.0710397831e+06 649 709 708 1313 1219 1218
5.6952904146e+05 3.9765936613e+06 654 613 710 1335 1222 1105
5.7135419871e+05 3.9762543668e+06 710 613 647 1337 1221 1091
5.7968675622e+05 3.9747151957e+06 620 667 711 1224 1327 1135
5.7717002918e+05 3.9752286226e+06 620 711 647 1336 1223 1092
5.8292577099e+05 3.9975203506e+06 595 645 712 1226 1329 1086
5.8336263269e+05 3.9952428071e+06 595 712 666 1341 1225 1131
5.6650501284e+05 4.0545231001e+06 662 616 713 1353 1228 1123
5.6691723412e+05 4.0570501207e+06 713 616 651 1230 1227 1100
5.6492901672e+05 4.0614540897e+06 651 702 714 1230 1346 1202
5.6446036995e+05 4.0591586374e+06 651 714 713 1355 1229 1228
5.6913190492e+05 4.0324018990e+06 664 706 715 1232 1373 1208
5.7065905367e+05 4.0313816516e+06 664 715 655 1233 1231 1209
5.7121290778e+05 4.0285430530e+06 652 655 715 1330 1232 1108
5.2210780793e+05 4.0864572301e+06 675 673 716 1258 1235 1152
5.2149521094e+05 4.0835214614e+06 716 673 674 1242 1234 1150
5.7337185058e+05 4.0705255647e+06 640 586 648 1238 1211 1140
5.7050608468e+05 4.0689518830e+06 701 640 708 1313 1238 1200
5.7171666505e+05 4.0704721568e+06 708 640 648 1237 1236 1217
5.7894980750e+05 4.0031737602e+06 634 698 717 1240 1366 1195
5.8023307484e+05 4.0018107876e+06 634 717 645 1329 1239 1085
5.2370675360e+05 4.0784199976e+06 674 676 718 1242 1250 1154
5.2414258158e+05 4.0814657244e+06 674 718 716 1348 1241 1235
5.6229656128e+05 3.9852142702e+06 670 672 719 1328 1244 1145
5.6427065824e+05 3.9833875534e+06 719 672 707 1382 1243 1216
5.8457332446e+05 3.9765164353e+06 667 594 720 1327 1246 1134
5.8664198810e+05 3.9787848605e+06 720 594 660 1326 1245 1119
5.5432454513e+05 4.0750969517e+06 636 658 721 1248 1339 1114
5.5618314025e+05 4.0736384390e+06 636 721 694 1319 1247 1189
5.2596511046e+05 4.0737202351e+06 676 677 722 1250 1277 1156
5.2626571729e+05 4.0766855232e+06 676 722 718 1349 1249 1241
5.7159628093e+05 4.0240826646e+06 642 652 723 1252 1330 1101
5.7032349305e+05 4.0218675970e+06 642 723 699 1316 1251 1197
5.5703063760e+05 4.0002991262e+06 633 668 724 1254 1256 1137
5.5728537858e+05 4.0032938412e+06 633 724 693 1377 1253 1187
5.5893743066e+05 3.9953285597e+06 668 669 725 1256 1262 1139
5.5939251444e+05 3.9985522582e+06 668 725 724 1378 1255 1253
5.2624937252e+05 4.0901485833e+06 683 675 726 1260 1258 1168
5.2548377212e+05 4.0873014001e+06 726 675 716 1347 1257 1234
5.2990749152e+05 4.0937071771e+06 684 683 727 1333 1260 1170
5.2906225843e+05 4.0908630848e+06 727 683 726 1363 1259 1257
5.6068622946e+05 3.9902778615e+06 669 670 728 1262 1328 1143
5.6124634439e+05 3.9934892187e+06 669 728 725 1380 1261 1255
5.4732532467e+05 4.0811553825e+06 650 638 729 1266 1264 1098
5.4493624879e+05 4.0823327068e+06 729 638 703 1322 1263 1203
5.4968809990e+05 4.0772652637e+06 658 650 730 1338 1266 1115
5.4759667253e+05 4.0783255940e+06 730 650 729 1352 1265 1263
5.4107337993e+05 4.0945126840e+06 663 582 731 1271 1268 1126
5.4075138480e+05 4.0972788647e+06 731 582 591 1269 1267 1083
5.3768294180e+05 4.0984411398e+06 591 659 731 1332 1268 1116
5.3916728347e+05 4.0901301259e+06 704 663 732 1371 1271 1205
5.3886280889e+05 4.0928594342e+06 732 663 731 1334 1270 1267
5.8738469184e+05 3.9860591190e+06 657 665 733 1273 1275 1130
5.8804409803e+05 3.9835613180e+06 657 733 660 1326 1272 1212
5.8397790869e+05 3.9895478391e+06 665 666 734 1275 1342 1132
5.8458711759e+05 3.9870089128e+06 665 734 733 1384 1274 1272
5.2839984847e+05 4.0692212611e+06 677 678 735 1277 1279 1158
5.2857737014e+05 4.0720870550e+06 677 735 722 1357 1276 1249
5.3093066203e+05 4.0647913401e+06 678 679 736 1279 1281 1160
5.3104099201e+05 4.0676346655e+06 678 736 735 1369 1278 1276
5.3349603703e+05 4.0603598627e+06 679 680 737 1281 1283 1162
5.3357850856e+05 4.0632138839e+06 679 737 736 1386 1280 1278
5.3600044121e+05 4.0558640236e+06 680 681 738 1283 1285 1164
5.3608865364e+05 4.0587855272e+06 680 738 737 1388 1282 1280
5.3847395722e+05 4.0513154720e+06 681 682 739 1285 1287 1166
5.3859475079e+05 4.0542830831e+06 681 739 738 1390 1284 1282
5.4099698741e+05 4.0467438522e+06 682 685 740 1287 1289 1172
5.4114469180e+05 4.0496600822e+06 682 740 739 1392 1286 1284
5.4325661465e+05 4.0420189347e+06 685 686 741 1289 1295 1174
5.4348799477e+05 4.0450373805e+06 685 741 740 1394 1288 1286
5.6689124189e+05 4.0445539498e+06 644 661 742 1291 1293 1121
5.6637415939e+05 4.0418632252e+06 644 742 705 1325 1290 1206
5.6543715730e+05 4.0490019955e+06 661 662 743 1293 1354 1124
5.6496660394e+05 4.0463461001e+06 661 743 742 1367 1292 1290
5.4519374755e+05 4.0371960409e+06 686 687 744 1295 1297 1176
5.4558013895e+05 4.0403317973e+06 686 744 741 1396 1294 1288
5.4713461633e+05 4.0324500149e+06 687 688 745 1297 1299 1178
5.4752763930e+05 4.0354919565e+06 687 745 744 1400 1296 1294
5.4914952727e+05 4.0277787345e+06 688 689 746 1299 1301 1180
5.4950345419e+05 4.0307648080e+06 688 746 745 1402 1298 1296
5.5134406947e+05 4.0231808061e+06 689 690 747 1301 1303 1182
5.5163231296e+05 4.0260927811e+06 689 747 746 1404 1300 1298
5.5357005469e+05 4.0185508207e+06 690 691 748 1303 1305 1184
5.5383887061e+05 4.0214837717e+06 690 748 747 1406 1302 1300
5.5582992962e+05 4.0138835835e+06 691 692 749 1305 1307 1186
5.5619236798e+05 4.0167506673e+06 691 749 748 1408 1304 1302
5.5728749200e+05 4.0090186589e+06 692 693 750 1307 1376 1188
5.5779522486e+05 4.0122441255e+06 692 750 749 1410 1306 1304
5.7522128464e+05 4.0074284565e+06 698 696 751 1365 1309 1196
5.7372797477e+05 4.0097250598e+06 751 696 697 1311 1308 1193
5.6985675515e+05 4.0119192964e+06 697 700 752 1311 1359 1199
5.7099890483e+05 4.0098385302e+06 697 752 751 1398 1310 1309
5.6643913698e+05 4.0665152756e+06 702 701 709 1345 1313 1201
5.6765468124e+05 4.0690920729e+06 709 701 708 1312 1237 1220
5.6774638158e+05 4.0170774372e+06 700 699 753 1360 1315 1198
5.6652914497e+05 4.0193400275e+06 753 699 754 1416 1316 1314
5.6789931350e+05 4.0217623709e+06 754 699 723 1361 1315 1252
5.5913672300e+05 4.0698443226e+06 695 694 755 1343 1318 1190
5.5616893721e+05 4.0693011960e+06 755 694 756 1413 1319 1317
5.5520397616e+05 4.0704322639e+06 756 694 721 1340 1318 1248
5.3981480264e+05 4.0846111025e+06 703 704 757 1321 1372 1204
5.4009161023e+05 4.0818214471e+06 703 757 758 1322 1419 1320
5.4256755143e+05 4.0807005974e+06 703 758 729 1351 1321 1264
5.6510589073e+05 4.0364500395e+06 706 705 759 1375 1324 1207
5.6303985229e+05 4.0383615640e+06 759 705 760 1422 1325 1323
5.6358101969e+05 4.0409733198e+06 760 705 742 1368 1324 1291
5.8587343856e+05 3.9813273208e+06 660 733 720 1385 1273 1246
5.8183725343e+05 3.9771783568e+06 711 667 720 1430 1245 1223
5.6296073481e+05 3.9883696961e+06 728 670 719 1468 1261 1243
5.8001182370e+05 3.9988363469e+06 712 645 717 1473 1240 1225
5.7002456862e+05 4.0269040539e+06 652 715 723 1362 1251 1233
5.3330134231e+05 4.0973503926e+06 659 684 671 1332 1333 1214
5.3620863540e+05 4.0970783099e+06 659 671 731 1334 1331 1269
5.3204610359e+05 4.0941896150e+06 684 727 671 1426 1331 1259
5.3680542610e+05 4.0937627993e+06 732 731 671 1426 1332 1271
5.6798008222e+05 3.9792297994e+06 654 710 707 1383 1221 1215
5.7600153637e+05 3.9781930829e+06 647 711 761 1337 1431 1224
5.7353119400e+05 3.9786257239e+06 647 761 710 1432 1336 1222
5.5004007327e+05 4.0743791466e+06 658 730 763 1339 1436 1265
5.5170818800e+05 4.0736496483e+06 658 763 721 1340 1338 1247
5.5251021916e+05 4.0706402009e+06 756 721 763 1476 1339 1319
5.8070415028e+05 3.9932219809e+06 666 712 764 1342 1475 1226
5.8115729442e+05 3.9906330788e+06 666 764 734 1447 1341 1274
5.6070866263e+05 4.0679811833e+06 695 755 765 1344 1415 1317
5.6287660160e+05 4.0682548875e+06 695 765 709 1345 1343 1219
5.6457270753e+05 4.0662663584e+06 702 709 765 1346 1344 1312
5.6329922765e+05 4.0633979284e+06 714 702 765 1425 1345 1229
5.2738875190e+05 4.0853241076e+06 726 716 766 1364 1348 1258
5.2681302004e+05 4.0824818899e+06 766 716 718 1350 1347 1242
5.2858042552e+05 4.0777559073e+06 718 722 767 1350 1358 1250
5.2902501157e+05 4.0806571744e+06 718 767 766 1429 1349 1348
5.4284467622e+05 4.0778125677e+06 729 758 768 1352 1458 1322
5.4512331698e+05 4.0767394105e+06 729 768 730 1435 1351 1266
5.6382564346e+05 4.0534451725e+06 662 713 769 1354 1356 1227
5.6342168608e+05 4.0507848865e+06 662 769 743 1450 1353 1292
5.6194084051e+05 4.0580196852e+06 713 714 770 1356 1444 1230
5.6164929704e+05 4.0551793311e+06 713 770 769 1453 1355 1353
5.3091088541e+05 4.0733508452e+06 722 735 771 1358 1370 1277
5.3109049759e+05 4.0760906595e+06 722 771 767 1434 1357 1349
5.6672053001e+05 4.0122688477e+06 752 700 772 1438 1360 1310
5.6579698911e+05 4.0144613682e+06 772 700 753 1418 1359 1314
5.6614718131e+05 4.0241358308e+06 754 723 773 1443 1362 1316
5.6724923089e+05 4.0268227321e+06 773 723 715 1374 1361 1330
5.3139948665e+05 4.0886003314e+06 727 726 774 1427 1364 1260
5.3082406032e+05 4.0862026778e+06 774 726 766 1428 1363 1347
5.7434448210e+05 4.0051669830e+06 698 751 775 1366 1399 1308
5.7603650721e+05 4.0028379181e+06 698 775 717 1471 1365 1239
5.6211100336e+05 4.0454129207e+06 742 743 776 1368 1449 1293
5.6160773261e+05 4.0428449735e+06 742 776 760 1424 1367 1325
5.3342053588e+05 4.0690097241e+06 735 736 777 1370 1387 1279
5.3349015066e+05 4.0718113949e+06 735 777 771 1455 1369 1357
5.3644990933e+05 4.0882257651e+06 704 732 774 1372 1427 1270
5.3669347309e+05 4.0858633510e+06 704 774 757 1421 1371 1320
5.6674196679e+05 4.0316478086e+06 715 706 778 1374 1375 1231
5.6579396729e+05 4.0287430845e+06 715 778 773 1466 1373 1362
5.6447388897e+05 4.0337817646e+06 706 759 778 1464 1373 1323
5.6034063507e+05 4.0072992701e+06 750 693 779 1437 1377 1306
5.6043611542e+05 4.0048137532e+06 779 693 724 1379 1376 1254
5.6206475708e+05 3.9995868327e+06 724 725 780 1379 1381 1256
5.6260725689e+05 4.0032877052e+06 724 780 779 1440 1378 1377
5.6427611427e+05 3.9945348761e+06 725 728 781 1381 1470 1262
5.6474398994e+05 3.9976989996e+06 725 781 780 1461 1380 1378
5.6765463833e+05 3.9841880958e+06 719 707 782 1469 1383 1244
5.6939948729e+05 3.9819922393e+06 782 707 710 1432 1382 1335
5.8232729427e+05 3.9847669890e+06 733 734 783 1385 1448 1275
5.8309346465e+05 3.9821251582e+06 733 783 720 1430 1384 1326
5.3603708066e+05 4.0646585485e+06 736 737 784 1387 1389 1281
5.3606300957e+05 4.0675068897e+06 736 784 777 1459 1386 1369
5.3870298350e+05 4.0602531518e+06 737 738 785 1389 1391 1283
5.3872620508e+05 4.0631234836e+06 737 785 784 1480 1388 1386
5.4110458417e+05 4.0556584761e+06 738 739 786 1391 1393 1285
5.4117073337e+05 4.0587384308e+06 738 786 785 1482 1390 1388
5.4364064722e+05 4.0510713429e+06 739 740 787 1393 1395 1287
5.4372688961e+05 4.0541576186e+06 739 787 786 1484 1392 1390
5.4655109572e+05 4.0464983700e+06 740 741 788 1395 1397 1289
5.4663550375e+05 4.0493828349e+06 740 788 787 1486 1394 1392
5.4827053188e+05 4.0413666048e+06 741 744 789 1397 1401 1295
5.4886713329e+05 4.0447479323e+06 741 789 788 1488 1396 1394
5.6968515057e+05 4.0071984596e+06 751 752 790 1399 1439 1311
5.7124905621e+05 4.0048370460e+06 751 790 775 1463 1398 1365
5.5010587035e+05 4.0365176878e+06 744 745 791 1401 1403 1297
5.5061159888e+05 4.0395125807e+06 744 791 789 1491 1400 1396
5.5198297633e+05 4.0318213498e+06 745 746 792 1403 1405 1299
5.5239905859e+05 4.0347489963e+06 745 792 791 1494 1402 1400
5.5397281470e+05 4.0272299172e+06 746 747 793 1405 1407 1301
5.5427852724e+05 4.0301794046e+06 746 793 792 1495 1404 1402
5.5651535580e+05 4.0227961158e+06 747 748 794 1407 1409 1303
5.5662422795e+05 4.0256004986e+06 747 794 793 1497 1406 1404
5.5856357926e+05 4.0179239060e+06 748 749 795 1409 1412 1305
5.5877014961e+05 4.0213002580e+06 748 795 794 1442 1408 1406
5.6082422389e+05 4.0129556088e+06 749 750 772 1411 1437 1307
5.6100811325e+05 4.0133377915e+06 749 772 352 1412 1418 1410
5.5982182803e+05 4.0172516003e+06 749 352 795 1417 1411 1408
5.5580697409e+05 4.0672147352e+06 755 756 796 1414 1478 1318
5.5772695542e+05 4.0655186562e+06 755 796 798 1415 1446 1413
5.5981263352e+05 4.0659496189e+06 755 798 765 1425 1414 1343
5.6370742685e+05 4.0194454070e+06 753 754 795 1417 1441 1315
5.6294842763e+05 4.0181206056e+06 753 795 352 1418 1416 1412
5.6429344483e+05 4.0148925868e+06 753 352 772 1417 1411 1360
5.3793400705e+05 4.0802998502e+06 758 757 799 1457 1420 1321
5.3585095006e+05 4.0811695173e+06 799 757 762 1433 1421 1419
5.3521543200e+05 4.0844047822e+06 762 757 774 1428 1420 1372
5.6032652730e+05 4.0374495811e+06 759 760 800 1465 1423 1324
5.5822718562e+05 4.0394011481e+06 800 760 802 1493 1424 1422
5.5876042742e+05 4.0419075363e+06 802 760 776 1451 1423 1368
5.6150873932e+05 4.0633992272e+06 765 798 714 1445 1415 1346
5.3428767378e+05 4.0923597344e+06 732 671 727 1427 1334 1333
5.3406921706e+05 4.0897057477e+06 774 732 727 1426 1371 1363
5.3212195533e+05 4.0845766513e+06 762 774 766 1429 1421 1364
5.3116486703e+05 4.0813914437e+06 766 767 762 1433 1428 1350
5.8092507054e+05 3.9798172938e+06 720 783 711 1431 1385 1327
5.7813185799e+05 3.9805045404e+06 761 711 783 1506 1430 1336
5.7208824381e+05 3.9818997589e+06 710 761 782 1507 1383 1337
5.3349963808e+05 4.0797130705e+06 799 762 767 1434 1429 1420
5.3340912097e+05 4.0773395700e+06 767 771 799 1456 1433 1358
5.4545146634e+05 4.0737504433e+06 730 768 803 1436 1502 1352
5.4768364574e+05 4.0727903537e+06 730 803 763 1477 1435 1338
5.6277753282e+05 4.0095571904e+06 772 750 779 1438 1410 1376
5.6480759182e+05 4.0093803073e+06 752 772 779 1439 1437 1359
5.6631886895e+05 4.0069957641e+06 790 752 779 1440 1438 1398
5.6525744888e+05 4.0040592712e+06 779 780 790 1462 1439 1379
5.6309320676e+05 4.0206913559e+06 795 754 797 1442 1443 1416
5.6009235412e+05 4.0218445269e+06 795 797 794 1511 1441 1409
5.6456846876e+05 4.0238002425e+06 754 773 797 1511 1441 1361
5.5930625814e+05 4.0597322038e+06 770 714 804 1526 1445 1355
5.5924634029e+05 4.0609939185e+06 804 714 798 1446 1444 1425
5.5695184625e+05 4.0628563051e+06 798 796 804 1512 1445 1414
5.7871458877e+05 3.9884517123e+06 734 764 806 1448 1515 1342
5.7949644659e+05 3.9856229661e+06 734 806 783 1506 1447 1384
5.6024991978e+05 4.0472002590e+06 776 743 807 1452 1450 1367
5.6070602530e+05 4.0497912227e+06 807 743 769 1454 1449 1354
5.5673427646e+05 4.0439227434e+06 802 776 808 1492 1452 1424
5.5729301838e+05 4.0462961141e+06 808 776 807 1499 1451 1449
5.5901766726e+05 4.0540248296e+06 769 770 809 1454 1525 1356
5.5872517443e+05 4.0515107478e+06 769 809 807 1500 1453 1450
5.3584587585e+05 4.0732038413e+06 771 777 810 1456 1460 1370
5.3581593782e+05 4.0759495849e+06 771 810 799 1457 1455 1434
5.3817333276e+05 4.0774072318e+06 758 799 810 1458 1456 1419
5.4049003889e+05 4.0762847894e+06 768 758 810 1501 1457 1351
5.3843311467e+05 4.0689670349e+06 777 784 811 1460 1481 1387
5.3835559621e+05 4.0718616680e+06 777 811 810 1501 1459 1455
5.6673940852e+05 3.9986347169e+06 780 781 812 1462 1519 1381
5.6727874824e+05 4.0021268812e+06 780 812 790 1463 1461 1440
5.7034058634e+05 4.0027115605e+06 775 790 812 1472 1462 1399
5.6190750047e+05 4.0329778848e+06 778 759 813 1467 1465 1375
5.5980420628e+05 4.0349473730e+06 813 759 800 1496 1464 1422
5.6325341936e+05 4.0285378402e+06 773 778 814 1510 1467 1374
5.6134900865e+05 4.0308136733e+06 814 778 813 1498 1466 1464
5.6557605427e+05 3.9891923926e+06 728 719 815 1470 1469 1328
5.6832315473e+05 3.9868905041e+06 815 719 782 1513 1468 1382
5.6648016888e+05 3.9926296344e+06 781 728 815 1520 1468 1380
5.7469049312e+05 3.9999991794e+06 717 775 816 1474 1472 1366
5.7195170810e+05 4.0001516302e+06 816 775 812 1519 1471 1463
5.7868007214e+05 3.9978979377e+06 712 717 805 1475 1474 1329
5.7552675118e+05 3.9985343465e+06 805 717 816 1518 1473 1471
5.7890658311e+05 3.9941693872e+06 764 712 805 1516 1473 1341
5.5082526533e+05 4.0688880218e+06 756 763 817 1479 1477 1340
5.4817725081e+05 4.0697482246e+06 817 763 803 1504 1476 1436
5.5332903919e+05 4.0657786635e+06 796 756 819 1512 1479 1413
5.5152426204e+05 4.0663797001e+06 819 756 817 1509 1478 1476
5.4119246029e+05 4.0646587343e+06 784 785 820 1481 1483 1389
5.4110318675e+05 4.0676066609e+06 784 820 811 1503 1480 1459
5.4413123569e+05 4.0602625470e+06 785 786 821 1483 1485 1391
5.4413770088e+05 4.0631234251e+06 785 821 820 1508 1482 1480
5.4566689914e+05 4.0552492026e+06 786 787 822 1485 1487 1393
5.4598556832e+05 4.0589205695e+06 786 822 821 1522 1484 1482
5.4919298686e+05 4.0511467729e+06 787 788 823 1487 1490 1395
5.4864599378e+05 4.0540431292e+06 787 823 822 1524 1486 1484
5.5148040498e+05 4.0455175802e+06 788 789 808 1489 1492 1397
5.5228257761e+05 4.0474328710e+06 788 808 801 1490 1499 1488
5.5095166545e+05 4.0505350607e+06 788 801 823 1505 1489 1486
5.5323851156e+05 4.0404545388e+06 789 791 802 1492 1493 1401
5.5386506686e+05 4.0429974045e+06 789 802 808 1491 1488 1451
5.5549329130e+05 4.0384343065e+06 800 802 791 1494 1491 1423
5.5498953697e+05 4.0357487166e+06 791 792 800 1496 1493 1403
5.5673414283e+05 4.0312243250e+06 792 793 813 1496 1498 1405
5.5713166312e+05 4.0339728269e+06 792 813 800 1495 1494 1465
5.5852054715e+05 4.0267821979e+06 793 794 814 1498 1510 1407
5.5860650971e+05 4.0298486769e+06 793 814 813 1497 1495 1467
5.5574200727e+05 4.0480381970e+06 801 808 807 1500 1489 1452
5.5626108055e+05 4.0505265747e+06 807 809 801 1505 1499 1454
5.4069946161e+05 4.0733410419e+06 810 811 768 1502 1460 1458
5.4311686739e+05 4.0722082598e+06 803 768 811 1503 1501 1435
5.4338954016e+05 4.0691295278e+06 811 820 803 1504 1502 1481
5.4597165885e+05 4.0680667633e+06 817 803 820 1508 1503 1477
5.5388529361e+05 4.0524806501e+06 823 801 809 1530 1500 1490
5.7725278404e+05 3.9832970518e+06 783 806 761 1507 1448 1431
5.7400334752e+05 3.9841582082e+06 782 761 806 1514 1506 1432
5.4646148070e+05 4.0647687984e+06 820 821 817 1509 1504 1483
5.4900267347e+05 4.0639402866e+06 819 817 821 1523 1508 1479
5.6151039285e+05 4.0257223116e+06 773 814 794 1511 1497 1466
5.6157966766e+05 4.0255375864e+06 794 797 773 1510 1443 1442
5.5446636935e+05 4.0624425977e+06 804 796 819 1527 1478 1446
5.7070698693e+05 3.9879461017e+06 815 782 824 1532 1514 1469
5.7340743958e+05 3.9865637777e+06 824 782 806 1515 1513 1507
5.7628824813e+05 3.9892496358e+06 806 764 824 1517 1514 1447
5.7692381892e+05 3.9935311997e+06 764 805 818 1517 1518 1475
5.7560558449e+05 3.9911152937e+06 764 818 824 1533 1516 1515
5.7449502202e+05 3.9959434930e+06 805 816 818 1531 1516 1474
5.6980933201e+05 3.9972852069e+06 812 781 816 1521 1472 1461
5.6824718998e+05 3.9930028068e+06 781 815 825 1521 1532 1470
5.7017267254e+05 3.9961971455e+06 781 825 816 1531 1520 1519
5.4880679356e+05 4.0595120155e+06 821 822 826 1523 1524 1485
5.4992959164e+05 4.0613594636e+06 821 826 819 1527 1522 1509
5.5069385266e+05 4.0562146796e+06 822 823 826 1529 1522 1487
5.5722196565e+05 4.0553938727e+06 809 770 827 1530 1526 1453
5.5712489792e+05 4.0581167889e+06 827 770 804 1528 1525 1444
5.5353852580e+05 4.0610142765e+06 819 826 804 1528 1523 1512
5.5424566263e+05 4.0591141668e+06 827 804 826 1529 1527 1526
5.5226448650e+05 4.0561640816e+06 826 823 827 1530 1528 1524
5.5404827230e+05 4.0540501069e+06 823 809 827 1529 1525 1505
5.7271997112e+05 3.9951753070e+06 818 816 825 1533 1521 1518
5.7094827979e+05 3.9908104005e+06 815 824 825 1533 1520 1513
5.7289287392e+05 3.9919609299e+06 824 818 825 1532 1531 1517
