1177
-5.102041e-01 0.000000e+00 0
5.102041e-01 0.000000e+00 0
1.530612e+00 0.000000e+00 0
2.551020e+00 0.000000e+00 0
3.571429e+00 0.000000e+00 0
4.591837e+00 0.000000e+00 0
5.612245e+00 0.000000e+00 0
6.632653e+00 0.000000e+00 0
7.653061e+00 0.000000e+00 0
8.673469e+00 0.000000e+00 0
9.693878e+00 0.000000e+00 0
1.071429e+01 0.000000e+00 0
1.173469e+01 0.000000e+00 0
1.275510e+01 0.000000e+00 0
1.377551e+01 0.000000e+00 0
1.479592e+01 0.000000e+00 0
1.581633e+01 0.000000e+00 0
1.683673e+01 0.000000e+00 0
1.785714e+01 0.000000e+00 0
1.887755e+01 0.000000e+00 0
1.989796e+01 0.000000e+00 0
2.091837e+01 0.000000e+00 0
2.193878e+01 0.000000e+00 0
2.295918e+01 0.000000e+00 0
2.397959e+01 0.000000e+00 0
2.500000e+01 0.000000e+00 0
2.602041e+01 0.000000e+00 0
2.704082e+01 0.000000e+00 0
2.806122e+01 0.000000e+00 0
2.908163e+01 0.000000e+00 0
3.010204e+01 0.000000e+00 0
3.112245e+01 0.000000e+00 0
3.214286e+01 0.000000e+00 0
3.316327e+01 0.000000e+00 0
3.418367e+01 0.000000e+00 0
3.520408e+01 0.000000e+00 0
3.622449e+01 0.000000e+00 0
3.724490e+01 0.000000e+00 0
3.826531e+01 0.000000e+00 0
3.928571e+01 0.000000e+00 0
4.030612e+01 0.000000e+00 0
4.132653e+01 0.000000e+00 0
4.234694e+01 0.000000e+00 0
4.336735e+01 0.000000e+00 0
4.438776e+01 0.000000e+00 0
4.540816e+01 0.000000e+00 0
4.642857e+01 0.000000e+00 0
4.744898e+01 0.000000e+00 0
4.846939e+01 0.000000e+00 0
4.948980e+01 0.000000e+00 0
5.051020e+01 0.000000e+00 0
5.051020e+01 8.836994e-01 0
5.000000e+01 8.836994e-01 0
4.897959e+01 8.836994e-01 0
4.795918e+01 8.836994e-01 0
4.693878e+01 8.836994e-01 0
4.591837e+01 8.836994e-01 0
4.489796e+01 8.836994e-01 0
4.387755e+01 8.836994e-01 0
4.285714e+01 8.836994e-01 0
4.183673e+01 8.836994e-01 0
4.081633e+01 8.836994e-01 0
3.979592e+01 8.836994e-01 0
3.877551e+01 8.836994e-01 0
3.775510e+01 8.836994e-01 0
3.673469e+01 8.836994e-01 0
3.571429e+01 8.836994e-01 0
3.469388e+01 8.836994e-01 0
3.367347e+01 8.836994e-01 0
3.265306e+01 8.836994e-01 0
3.163265e+01 8.836994e-01 0
3.061224e+01 8.836994e-01 0
2.959184e+01 8.836994e-01 0
2.857143e+01 8.836994e-01 0
2.755102e+01 8.836994e-01 0
2.653061e+01 8.836994e-01 0
2.551020e+01 8.836994e-01 0
2.448980e+01 8.836994e-01 0
2.346939e+01 8.836994e-01 0
2.244898e+01 8.836994e-01 0
2.142857e+01 8.836994e-01 0
2.040816e+01 8.836994e-01 0
1.938776e+01 8.836994e-01 0
1.836735e+01 8.836994e-01 0
1.734694e+01 8.836994e-01 0
1.632653e+01 8.836994e-01 0
1.530612e+01 8.836994e-01 0
1.428571e+01 8.836994e-01 0
1.326531e+01 8.836994e-01 0
1.224490e+01 8.836994e-01 0
1.122449e+01 8.836994e-01 0
1.020408e+01 8.836994e-01 0
9.183673e+00 8.836994e-01 0
8.163265e+00 8.836994e-01 0
7.142857e+00 8.836994e-01 0
6.122449e+00 8.836994e-01 0
5.102041e+00 8.836994e-01 0
4.081633e+00 8.836994e-01 0
3.061224e+00 8.836994e-01 0
2.040816e+00 8.836994e-01 0
1.020408e+00 8.836994e-01 0
0.000000e+00 8.836994e-01 0
-5.102041e-01 1.767399e+00 0
5.102041e-01 1.767399e+00 0
1.530612e+00 1.767399e+00 0
2.551020e+00 1.767399e+00 0
3.571429e+00 1.767399e+00 0
4.591837e+00 1.767399e+00 0
5.612245e+00 1.767399e+00 0
6.632653e+00 1.767399e+00 0
7.653061e+00 1.767399e+00 0
8.673469e+00 1.767399e+00 0
9.693878e+00 1.767399e+00 0
1.071429e+01 1.767399e+00 0
1.173469e+01 1.767399e+00 0
1.275510e+01 1.767399e+00 0
1.377551e+01 1.767399e+00 0
1.479592e+01 1.767399e+00 0
1.581633e+01 1.767399e+00 0
1.683673e+01 1.767399e+00 0
1.785714e+01 1.767399e+00 0
1.887755e+01 1.767399e+00 0
1.989796e+01 1.767399e+00 0
2.091837e+01 1.767399e+00 0
2.193878e+01 1.767399e+00 0
2.295918e+01 1.767399e+00 0
2.397959e+01 1.767399e+00 0
2.500000e+01 1.767399e+00 0
2.602041e+01 1.767399e+00 0
2.704082e+01 1.767399e+00 0
2.806122e+01 1.767399e+00 0
2.908163e+01 1.767399e+00 0
3.010204e+01 1.767399e+00 0
3.112245e+01 1.767399e+00 0
3.214286e+01 1.767399e+00 0
3.316327e+01 1.767399e+00 0
3.418367e+01 1.767399e+00 0
3.520408e+01 1.767399e+00 0
3.622449e+01 1.767399e+00 0
3.724490e+01 1.767399e+00 0
3.826531e+01 1.767399e+00 0
3.928571e+01 1.767399e+00 0
4.030612e+01 1.767399e+00 0
4.132653e+01 1.767399e+00 0
4.234694e+01 1.767399e+00 0
4.336735e+01 1.767399e+00 0
4.438776e+01 1.767399e+00 0
4.540816e+01 1.767399e+00 0
4.642857e+01 1.767399e+00 0
4.744898e+01 1.767399e+00 0
4.846939e+01 1.767399e+00 0
4.948980e+01 1.767399e+00 0
5.051020e+01 1.767399e+00 0
5.051020e+01 2.651098e+00 0
5.000000e+01 2.651098e+00 0
4.897959e+01 2.651098e+00 0
4.795918e+01 2.651098e+00 0
4.693878e+01 2.651098e+00 0
4.591837e+01 2.651098e+00 0
4.489796e+01 2.651098e+00 0
4.387755e+01 2.651098e+00 0
4.285714e+01 2.651098e+00 0
4.183673e+01 2.651098e+00 0
4.081633e+01 2.651098e+00 0
3.979592e+01 2.651098e+00 0
3.877551e+01 2.651098e+00 0
3.775510e+01 2.651098e+00 0
3.673469e+01 2.651098e+00 0
3.571429e+01 2.651098e+00 0
3.469388e+01 2.651098e+00 0
3.367347e+01 2.651098e+00 0
3.265306e+01 2.651098e+00 0
3.163265e+01 2.651098e+00 0
3.061224e+01 2.651098e+00 0
2.959184e+01 2.651098e+00 0
2.857143e+01 2.651098e+00 0
2.755102e+01 2.651098e+00 0
2.653061e+01 2.651098e+00 0
2.551020e+01 2.651098e+00 0
2.448980e+01 2.651098e+00 0
2.346939e+01 2.651098e+00 0
2.244898e+01 2.651098e+00 0
2.142857e+01 2.651098e+00 0
2.040816e+01 2.651098e+00 0
1.938776e+01 2.651098e+00 0
1.836735e+01 2.651098e+00 0
1.734694e+01 2.651098e+00 0
1.632653e+01 2.651098e+00 0
1.530612e+01 2.651098e+00 0
1.428571e+01 2.651098e+00 0
1.326531e+01 2.651098e+00 0
1.224490e+01 2.651098e+00 0
1.122449e+01 2.651098e+00 0
1.020408e+01 2.651098e+00 0
9.183673e+00 2.651098e+00 0
8.163265e+00 2.651098e+00 0
7.142857e+00 2.651098e+00 0
6.122449e+00 2.651098e+00 0
5.102041e+00 2.651098e+00 0
4.081633e+00 2.651098e+00 0
3.061224e+00 2.651098e+00 0
2.040816e+00 2.651098e+00 0
1.020408e+00 2.651098e+00 0
0.000000e+00 2.651098e+00 0
-5.102041e-01 3.534798e+00 0
5.102041e-01 3.534798e+00 0
1.530612e+00 3.534798e+00 0
2.551020e+00 3.534798e+00 0
3.571429e+00 3.534798e+00 0
4.591837e+00 3.534798e+00 0
5.612245e+00 3.534798e+00 0
6.632653e+00 3.534798e+00 0
7.653061e+00 3.534798e+00 0
8.673469e+00 3.534798e+00 0
9.693878e+00 3.534798e+00 0
1.071429e+01 3.534798e+00 0
1.173469e+01 3.534798e+00 0
1.275510e+01 3.534798e+00 0
1.377551e+01 3.534798e+00 0
1.479592e+01 3.534798e+00 0
1.581633e+01 3.534798e+00 0
1.683673e+01 3.534798e+00 0
1.785714e+01 3.534798e+00 0
1.887755e+01 3.534798e+00 0
1.989796e+01 3.534798e+00 0
2.091837e+01 3.534798e+00 0
2.193878e+01 3.534798e+00 0
2.295918e+01 3.534798e+00 0
2.397959e+01 3.534798e+00 0
2.500000e+01 3.534798e+00 0
2.602041e+01 3.534798e+00 0
2.704082e+01 3.534798e+00 0
2.806122e+01 3.534798e+00 0
2.908163e+01 3.534798e+00 0
3.010204e+01 3.534798e+00 0
3.112245e+01 3.534798e+00 0
3.214286e+01 3.534798e+00 0
3.316327e+01 3.534798e+00 0
3.418367e+01 3.534798e+00 0
3.520408e+01 3.534798e+00 0
3.622449e+01 3.534798e+00 0
3.724490e+01 3.534798e+00 0
3.826531e+01 3.534798e+00 0
3.928571e+01 3.534798e+00 0
4.030612e+01 3.534798e+00 0
4.132653e+01 3.534798e+00 0
4.234694e+01 3.534798e+00 0
4.336735e+01 3.534798e+00 0
4.438776e+01 3.534798e+00 0
4.540816e+01 3.534798e+00 0
4.642857e+01 3.534798e+00 0
4.744898e+01 3.534798e+00 0
4.846939e+01 3.534798e+00 0
4.948980e+01 3.534798e+00 0
5.051020e+01 3.534798e+00 0
5.051020e+01 4.418497e+00 0
5.000000e+01 4.418497e+00 0
4.897959e+01 4.418497e+00 0
4.795918e+01 4.418497e+00 0
4.693878e+01 4.418497e+00 0
4.591837e+01 4.418497e+00 0
4.489796e+01 4.418497e+00 0
4.387755e+01 4.418497e+00 0
4.285714e+01 4.418497e+00 0
4.183673e+01 4.418497e+00 0
4.081633e+01 4.418497e+00 0
3.979592e+01 4.418497e+00 0
3.877551e+01 4.418497e+00 0
3.775510e+01 4.418497e+00 0
3.673469e+01 4.418497e+00 0
3.571429e+01 4.418497e+00 0
3.469388e+01 4.418497e+00 0
3.367347e+01 4.418497e+00 0
3.265306e+01 4.418497e+00 0
3.163265e+01 4.418497e+00 0
3.061224e+01 4.418497e+00 0
2.959184e+01 4.418497e+00 0
2.857143e+01 4.418497e+00 0
2.755102e+01 4.418497e+00 0
2.653061e+01 4.418497e+00 0
2.551020e+01 4.418497e+00 0
2.448980e+01 4.418497e+00 0
2.346939e+01 4.418497e+00 0
2.244898e+01 4.418497e+00 0
2.142857e+01 4.418497e+00 0
2.040816e+01 4.418497e+00 0
1.938776e+01 4.418497e+00 0
1.836735e+01 4.418497e+00 0
1.734694e+01 4.418497e+00 0
1.632653e+01 4.418497e+00 0
1.530612e+01 4.418497e+00 0
1.428571e+01 4.418497e+00 0
1.326531e+01 4.418497e+00 0
1.224490e+01 4.418497e+00 0
1.122449e+01 4.418497e+00 0
1.020408e+01 4.418497e+00 0
9.183673e+00 4.418497e+00 0
8.163265e+00 4.418497e+00 0
7.142857e+00 4.418497e+00 0
6.122449e+00 4.418497e+00 0
5.102041e+00 4.418497e+00 0
4.081633e+00 4.418497e+00 0
3.061224e+00 4.418497e+00 0
2.040816e+00 4.418497e+00 0
1.020408e+00 4.418497e+00 0
0.000000e+00 4.418497e+00 0
-5.102041e-01 5.302196e+00 0
5.102041e-01 5.302196e+00 0
1.530612e+00 5.302196e+00 0
2.551020e+00 5.302196e+00 0
3.571429e+00 5.302196e+00 0
4.591837e+00 5.302196e+00 0
5.612245e+00 5.302196e+00 0
6.632653e+00 5.302196e+00 0
7.653061e+00 5.302196e+00 0
8.673469e+00 5.302196e+00 0
9.693878e+00 5.302196e+00 0
1.071429e+01 5.302196e+00 0
1.173469e+01 5.302196e+00 0
1.275510e+01 5.302196e+00 0
1.377551e+01 5.302196e+00 0
1.479592e+01 5.302196e+00 0
1.581633e+01 5.302196e+00 0
1.683673e+01 5.302196e+00 0
1.785714e+01 5.302196e+00 0
1.887755e+01 5.302196e+00 0
1.989796e+01 5.302196e+00 0
2.091837e+01 5.302196e+00 0
2.193878e+01 5.302196e+00 0
2.295918e+01 5.302196e+00 0
2.397959e+01 5.302196e+00 0
2.500000e+01 5.302196e+00 0
2.602041e+01 5.302196e+00 0
2.704082e+01 5.302196e+00 0
2.806122e+01 5.302196e+00 0
2.908163e+01 5.302196e+00 0
3.010204e+01 5.302196e+00 0
3.112245e+01 5.302196e+00 0
3.214286e+01 5.302196e+00 0
3.316327e+01 5.302196e+00 0
3.418367e+01 5.302196e+00 0
3.520408e+01 5.302196e+00 0
3.622449e+01 5.302196e+00 0
3.724490e+01 5.302196e+00 0
3.826531e+01 5.302196e+00 0
3.928571e+01 5.302196e+00 0
4.030612e+01 5.302196e+00 0
4.132653e+01 5.302196e+00 0
4.234694e+01 5.302196e+00 0
4.336735e+01 5.302196e+00 0
4.438776e+01 5.302196e+00 0
4.540816e+01 5.302196e+00 0
4.642857e+01 5.302196e+00 0
4.744898e+01 5.302196e+00 0
4.846939e+01 5.302196e+00 0
4.948980e+01 5.302196e+00 0
5.051020e+01 5.302196e+00 0
5.051020e+01 6.185896e+00 0
5.000000e+01 6.185896e+00 0
4.897959e+01 6.185896e+00 0
4.795918e+01 6.185896e+00 0
4.693878e+01 6.185896e+00 0
4.591837e+01 6.185896e+00 0
4.489796e+01 6.185896e+00 0
4.387755e+01 6.185896e+00 0
4.285714e+01 6.185896e+00 0
4.183673e+01 6.185896e+00 0
4.081633e+01 6.185896e+00 0
3.979592e+01 6.185896e+00 0
3.877551e+01 6.185896e+00 0
3.775510e+01 6.185896e+00 0
3.673469e+01 6.185896e+00 0
3.571429e+01 6.185896e+00 0
3.469388e+01 6.185896e+00 0
3.367347e+01 6.185896e+00 0
3.265306e+01 6.185896e+00 0
3.163265e+01 6.185896e+00 0
3.061224e+01 6.185896e+00 0
2.959184e+01 6.185896e+00 0
2.857143e+01 6.185896e+00 0
2.755102e+01 6.185896e+00 0
2.653061e+01 6.185896e+00 0
2.551020e+01 6.185896e+00 0
2.448980e+01 6.185896e+00 0
2.346939e+01 6.185896e+00 0
2.244898e+01 6.185896e+00 0
2.142857e+01 6.185896e+00 0
2.040816e+01 6.185896e+00 0
1.938776e+01 6.185896e+00 0
1.836735e+01 6.185896e+00 0
1.734694e+01 6.185896e+00 0
1.632653e+01 6.185896e+00 0
1.530612e+01 6.185896e+00 0
1.428571e+01 6.185896e+00 0
1.326531e+01 6.185896e+00 0
1.224490e+01 6.185896e+00 0
1.122449e+01 6.185896e+00 0
1.020408e+01 6.185896e+00 0
9.183673e+00 6.185896e+00 0
8.163265e+00 6.185896e+00 0
7.142857e+00 6.185896e+00 0
6.122449e+00 6.185896e+00 0
5.102041e+00 6.185896e+00 0
4.081633e+00 6.185896e+00 0
3.061224e+00 6.185896e+00 0
2.040816e+00 6.185896e+00 0
1.020408e+00 6.185896e+00 0
0.000000e+00 6.185896e+00 0
-5.102041e-01 7.069595e+00 0
5.102041e-01 7.069595e+00 0
1.530612e+00 7.069595e+00 0
2.551020e+00 7.069595e+00 0
3.571429e+00 7.069595e+00 0
4.591837e+00 7.069595e+00 0
5.612245e+00 7.069595e+00 0
6.632653e+00 7.069595e+00 0
7.653061e+00 7.069595e+00 0
8.673469e+00 7.069595e+00 0
9.693878e+00 7.069595e+00 0
1.071429e+01 7.069595e+00 0
1.173469e+01 7.069595e+00 0
1.275510e+01 7.069595e+00 0
1.377551e+01 7.069595e+00 0
1.479592e+01 7.069595e+00 0
1.581633e+01 7.069595e+00 0
1.683673e+01 7.069595e+00 0
1.785714e+01 7.069595e+00 0
1.887755e+01 7.069595e+00 0
1.989796e+01 7.069595e+00 0
2.091837e+01 7.069595e+00 0
2.193878e+01 7.069595e+00 0
2.295918e+01 7.069595e+00 0
2.397959e+01 7.069595e+00 0
2.500000e+01 7.069595e+00 0
2.602041e+01 7.069595e+00 0
2.704082e+01 7.069595e+00 0
2.806122e+01 7.069595e+00 0
2.908163e+01 7.069595e+00 0
3.010204e+01 7.069595e+00 0
3.112245e+01 7.069595e+00 0
3.214286e+01 7.069595e+00 0
3.316327e+01 7.069595e+00 0
3.418367e+01 7.069595e+00 0
3.520408e+01 7.069595e+00 0
3.622449e+01 7.069595e+00 0
3.724490e+01 7.069595e+00 0
3.826531e+01 7.069595e+00 0
3.928571e+01 7.069595e+00 0
4.030612e+01 7.069595e+00 0
4.132653e+01 7.069595e+00 0
4.234694e+01 7.069595e+00 0
4.336735e+01 7.069595e+00 0
4.438776e+01 7.069595e+00 0
4.540816e+01 7.069595e+00 0
4.642857e+01 7.069595e+00 0
4.744898e+01 7.069595e+00 0
4.846939e+01 7.069595e+00 0
4.948980e+01 7.069595e+00 0
5.051020e+01 7.069595e+00 0
5.051020e+01 7.953295e+00 0
5.000000e+01 7.953295e+00 0
4.897959e+01 7.953295e+00 0
4.795918e+01 7.953295e+00 0
4.693878e+01 7.953295e+00 0
4.591837e+01 7.953295e+00 0
4.489796e+01 7.953295e+00 0
4.387755e+01 7.953295e+00 0
4.285714e+01 7.953295e+00 0
4.183673e+01 7.953295e+00 0
4.081633e+01 7.953295e+00 0
3.979592e+01 7.953295e+00 0
3.877551e+01 7.953295e+00 0
3.775510e+01 7.953295e+00 0
3.673469e+01 7.953295e+00 0
3.571429e+01 7.953295e+00 0
3.469388e+01 7.953295e+00 0
3.367347e+01 7.953295e+00 0
3.265306e+01 7.953295e+00 0
3.163265e+01 7.953295e+00 0
3.061224e+01 7.953295e+00 0
2.959184e+01 7.953295e+00 0
2.857143e+01 7.953295e+00 0
2.755102e+01 7.953295e+00 0
2.653061e+01 7.953295e+00 0
2.551020e+01 7.953295e+00 0
2.448980e+01 7.953295e+00 0
2.346939e+01 7.953295e+00 0
2.244898e+01 7.953295e+00 0
2.142857e+01 7.953295e+00 0
2.040816e+01 7.953295e+00 0
1.938776e+01 7.953295e+00 0
1.836735e+01 7.953295e+00 0
1.734694e+01 7.953295e+00 0
1.632653e+01 7.953295e+00 0
1.530612e+01 7.953295e+00 0
1.428571e+01 7.953295e+00 0
1.326531e+01 7.953295e+00 0
1.224490e+01 7.953295e+00 0
1.122449e+01 7.953295e+00 0
1.020408e+01 7.953295e+00 0
9.183673e+00 7.953295e+00 0
8.163265e+00 7.953295e+00 0
7.142857e+00 7.953295e+00 0
6.122449e+00 7.953295e+00 0
5.102041e+00 7.953295e+00 0
4.081633e+00 7.953295e+00 0
3.061224e+00 7.953295e+00 0
2.040816e+00 7.953295e+00 0
1.020408e+00 7.953295e+00 0
0.000000e+00 7.953295e+00 0
-5.102041e-01 8.836994e+00 0
5.102041e-01 8.836994e+00 0
1.530612e+00 8.836994e+00 0
2.551020e+00 8.836994e+00 0
3.571429e+00 8.836994e+00 0
4.591837e+00 8.836994e+00 0
5.612245e+00 8.836994e+00 0
6.632653e+00 8.836994e+00 0
7.653061e+00 8.836994e+00 0
8.673469e+00 8.836994e+00 0
9.693878e+00 8.836994e+00 0
1.071429e+01 8.836994e+00 0
1.173469e+01 8.836994e+00 0
1.275510e+01 8.836994e+00 0
1.377551e+01 8.836994e+00 0
1.479592e+01 8.836994e+00 0
1.581633e+01 8.836994e+00 0
1.683673e+01 8.836994e+00 0
1.785714e+01 8.836994e+00 0
1.887755e+01 8.836994e+00 0
1.989796e+01 8.836994e+00 0
2.091837e+01 8.836994e+00 0
2.193878e+01 8.836994e+00 0
2.295918e+01 8.836994e+00 0
2.397959e+01 8.836994e+00 0
2.500000e+01 8.836994e+00 0
2.602041e+01 8.836994e+00 0
2.704082e+01 8.836994e+00 0
2.806122e+01 8.836994e+00 0
2.908163e+01 8.836994e+00 0
3.010204e+01 8.836994e+00 0
3.112245e+01 8.836994e+00 0
3.214286e+01 8.836994e+00 0
3.316327e+01 8.836994e+00 0
3.418367e+01 8.836994e+00 0
3.520408e+01 8.836994e+00 0
3.622449e+01 8.836994e+00 0
3.724490e+01 8.836994e+00 0
3.826531e+01 8.836994e+00 0
3.928571e+01 8.836994e+00 0
4.030612e+01 8.836994e+00 0
4.132653e+01 8.836994e+00 0
4.234694e+01 8.836994e+00 0
4.336735e+01 8.836994e+00 0
4.438776e+01 8.836994e+00 0
4.540816e+01 8.836994e+00 0
4.642857e+01 8.836994e+00 0
4.744898e+01 8.836994e+00 0
4.846939e+01 8.836994e+00 0
4.948980e+01 8.836994e+00 0
5.051020e+01 8.836994e+00 0
5.051020e+01 9.720693e+00 0
5.000000e+01 9.720693e+00 0
4.897959e+01 9.720693e+00 0
4.795918e+01 9.720693e+00 0
4.693878e+01 9.720693e+00 0
4.591837e+01 9.720693e+00 0
4.489796e+01 9.720693e+00 0
4.387755e+01 9.720693e+00 0
4.285714e+01 9.720693e+00 0
4.183673e+01 9.720693e+00 0
4.081633e+01 9.720693e+00 0
3.979592e+01 9.720693e+00 0
3.877551e+01 9.720693e+00 0
3.775510e+01 9.720693e+00 0
3.673469e+01 9.720693e+00 0
3.571429e+01 9.720693e+00 0
3.469388e+01 9.720693e+00 0
3.367347e+01 9.720693e+00 0
3.265306e+01 9.720693e+00 0
3.163265e+01 9.720693e+00 0
3.061224e+01 9.720693e+00 0
2.959184e+01 9.720693e+00 0
2.857143e+01 9.720693e+00 0
2.755102e+01 9.720693e+00 0
2.653061e+01 9.720693e+00 0
2.551020e+01 9.720693e+00 0
2.448980e+01 9.720693e+00 0
2.346939e+01 9.720693e+00 0
2.244898e+01 9.720693e+00 0
2.142857e+01 9.720693e+00 0
2.040816e+01 9.720693e+00 0
1.938776e+01 9.720693e+00 0
1.836735e+01 9.720693e+00 0
1.734694e+01 9.720693e+00 0
1.632653e+01 9.720693e+00 0
1.530612e+01 9.720693e+00 0
1.428571e+01 9.720693e+00 0
1.326531e+01 9.720693e+00 0
1.224490e+01 9.720693e+00 0
1.122449e+01 9.720693e+00 0
1.020408e+01 9.720693e+00 0
9.183673e+00 9.720693e+00 0
8.163265e+00 9.720693e+00 0
7.142857e+00 9.720693e+00 0
6.122449e+00 9.720693e+00 0
5.102041e+00 9.720693e+00 0
4.081633e+00 9.720693e+00 0
3.061224e+00 9.720693e+00 0
2.040816e+00 9.720693e+00 0
1.020408e+00 9.720693e+00 0
0.000000e+00 9.720693e+00 0
-5.102041e-01 1.060439e+01 0
5.102041e-01 1.060439e+01 0
1.530612e+00 1.060439e+01 0
2.551020e+00 1.060439e+01 0
3.571429e+00 1.060439e+01 0
4.591837e+00 1.060439e+01 0
5.612245e+00 1.060439e+01 0
6.632653e+00 1.060439e+01 0
7.653061e+00 1.060439e+01 0
8.673469e+00 1.060439e+01 0
9.693878e+00 1.060439e+01 0
1.071429e+01 1.060439e+01 0
1.173469e+01 1.060439e+01 0
1.275510e+01 1.060439e+01 0
1.377551e+01 1.060439e+01 0
1.479592e+01 1.060439e+01 0
1.581633e+01 1.060439e+01 0
1.683673e+01 1.060439e+01 0
1.785714e+01 1.060439e+01 0
1.887755e+01 1.060439e+01 0
1.989796e+01 1.060439e+01 0
2.091837e+01 1.060439e+01 0
2.193878e+01 1.060439e+01 0
2.295918e+01 1.060439e+01 0
2.397959e+01 1.060439e+01 0
2.500000e+01 1.060439e+01 0
2.602041e+01 1.060439e+01 0
2.704082e+01 1.060439e+01 0
2.806122e+01 1.060439e+01 0
2.908163e+01 1.060439e+01 0
3.010204e+01 1.060439e+01 0
3.112245e+01 1.060439e+01 0
3.214286e+01 1.060439e+01 0
3.316327e+01 1.060439e+01 0
3.418367e+01 1.060439e+01 0
3.520408e+01 1.060439e+01 0
3.622449e+01 1.060439e+01 0
3.724490e+01 1.060439e+01 0
3.826531e+01 1.060439e+01 0
3.928571e+01 1.060439e+01 0
4.030612e+01 1.060439e+01 0
4.132653e+01 1.060439e+01 0
4.234694e+01 1.060439e+01 0
4.336735e+01 1.060439e+01 0
4.438776e+01 1.060439e+01 0
4.540816e+01 1.060439e+01 0
4.642857e+01 1.060439e+01 0
4.744898e+01 1.060439e+01 0
4.846939e+01 1.060439e+01 0
4.948980e+01 1.060439e+01 0
5.051020e+01 1.060439e+01 0
5.051020e+01 1.148809e+01 0
5.000000e+01 1.148809e+01 0
4.897959e+01 1.148809e+01 0
4.795918e+01 1.148809e+01 0
4.693878e+01 1.148809e+01 0
4.591837e+01 1.148809e+01 0
4.489796e+01 1.148809e+01 0
4.387755e+01 1.148809e+01 0
4.285714e+01 1.148809e+01 0
4.183673e+01 1.148809e+01 0
4.081633e+01 1.148809e+01 0
3.979592e+01 1.148809e+01 0
3.877551e+01 1.148809e+01 0
3.775510e+01 1.148809e+01 0
3.673469e+01 1.148809e+01 0
3.571429e+01 1.148809e+01 0
3.469388e+01 1.148809e+01 0
3.367347e+01 1.148809e+01 0
3.265306e+01 1.148809e+01 0
3.163265e+01 1.148809e+01 0
3.061224e+01 1.148809e+01 0
2.959184e+01 1.148809e+01 0
2.857143e+01 1.148809e+01 0
2.755102e+01 1.148809e+01 0
2.653061e+01 1.148809e+01 0
2.551020e+01 1.148809e+01 0
2.448980e+01 1.148809e+01 0
2.346939e+01 1.148809e+01 0
2.244898e+01 1.148809e+01 0
2.142857e+01 1.148809e+01 0
2.040816e+01 1.148809e+01 0
1.938776e+01 1.148809e+01 0
1.836735e+01 1.148809e+01 0
1.734694e+01 1.148809e+01 0
1.632653e+01 1.148809e+01 0
1.530612e+01 1.148809e+01 0
1.428571e+01 1.148809e+01 0
1.326531e+01 1.148809e+01 0
1.224490e+01 1.148809e+01 0
1.122449e+01 1.148809e+01 0
1.020408e+01 1.148809e+01 0
9.183673e+00 1.148809e+01 0
8.163265e+00 1.148809e+01 0
7.142857e+00 1.148809e+01 0
6.122449e+00 1.148809e+01 0
5.102041e+00 1.148809e+01 0
4.081633e+00 1.148809e+01 0
3.061224e+00 1.148809e+01 0
2.040816e+00 1.148809e+01 0
1.020408e+00 1.148809e+01 0
0.000000e+00 1.148809e+01 0
-5.102041e-01 1.237179e+01 0
5.102041e-01 1.237179e+01 0
1.530612e+00 1.237179e+01 0
2.551020e+00 1.237179e+01 0
3.571429e+00 1.237179e+01 0
4.591837e+00 1.237179e+01 0
5.612245e+00 1.237179e+01 0
6.632653e+00 1.237179e+01 0
7.653061e+00 1.237179e+01 0
8.673469e+00 1.237179e+01 0
9.693878e+00 1.237179e+01 0
1.071429e+01 1.237179e+01 0
1.173469e+01 1.237179e+01 0
1.275510e+01 1.237179e+01 0
1.377551e+01 1.237179e+01 0
1.479592e+01 1.237179e+01 0
1.581633e+01 1.237179e+01 0
1.683673e+01 1.237179e+01 0
1.785714e+01 1.237179e+01 0
1.887755e+01 1.237179e+01 0
1.989796e+01 1.237179e+01 0
2.091837e+01 1.237179e+01 0
2.193878e+01 1.237179e+01 0
2.295918e+01 1.237179e+01 0
2.397959e+01 1.237179e+01 0
2.500000e+01 1.237179e+01 0
2.602041e+01 1.237179e+01 0
2.704082e+01 1.237179e+01 0
2.806122e+01 1.237179e+01 0
2.908163e+01 1.237179e+01 0
3.010204e+01 1.237179e+01 0
3.112245e+01 1.237179e+01 0
3.214286e+01 1.237179e+01 0
3.316327e+01 1.237179e+01 0
3.418367e+01 1.237179e+01 0
3.520408e+01 1.237179e+01 0
3.622449e+01 1.237179e+01 0
3.724490e+01 1.237179e+01 0
3.826531e+01 1.237179e+01 0
3.928571e+01 1.237179e+01 0
4.030612e+01 1.237179e+01 0
4.132653e+01 1.237179e+01 0
4.234694e+01 1.237179e+01 0
4.336735e+01 1.237179e+01 0
4.438776e+01 1.237179e+01 0
4.540816e+01 1.237179e+01 0
4.642857e+01 1.237179e+01 0
4.744898e+01 1.237179e+01 0
4.846939e+01 1.237179e+01 0
4.948980e+01 1.237179e+01 0
5.051020e+01 1.237179e+01 0
5.051020e+01 1.325549e+01 0
5.000000e+01 1.325549e+01 0
4.897959e+01 1.325549e+01 0
4.795918e+01 1.325549e+01 0
4.693878e+01 1.325549e+01 0
4.591837e+01 1.325549e+01 0
4.489796e+01 1.325549e+01 0
4.387755e+01 1.325549e+01 0
4.285714e+01 1.325549e+01 0
4.183673e+01 1.325549e+01 0
4.081633e+01 1.325549e+01 0
3.979592e+01 1.325549e+01 0
3.877551e+01 1.325549e+01 0
3.775510e+01 1.325549e+01 0
3.673469e+01 1.325549e+01 0
3.571429e+01 1.325549e+01 0
3.469388e+01 1.325549e+01 0
3.367347e+01 1.325549e+01 0
3.265306e+01 1.325549e+01 0
3.163265e+01 1.325549e+01 0
3.061224e+01 1.325549e+01 0
2.959184e+01 1.325549e+01 0
2.857143e+01 1.325549e+01 0
2.755102e+01 1.325549e+01 0
2.653061e+01 1.325549e+01 0
2.551020e+01 1.325549e+01 0
2.448980e+01 1.325549e+01 0
2.346939e+01 1.325549e+01 0
2.244898e+01 1.325549e+01 0
2.142857e+01 1.325549e+01 0
2.040816e+01 1.325549e+01 0
1.938776e+01 1.325549e+01 0
1.836735e+01 1.325549e+01 0
1.734694e+01 1.325549e+01 0
1.632653e+01 1.325549e+01 0
1.530612e+01 1.325549e+01 0
1.428571e+01 1.325549e+01 0
1.326531e+01 1.325549e+01 0
1.224490e+01 1.325549e+01 0
1.122449e+01 1.325549e+01 0
1.020408e+01 1.325549e+01 0
9.183673e+00 1.325549e+01 0
8.163265e+00 1.325549e+01 0
7.142857e+00 1.325549e+01 0
6.122449e+00 1.325549e+01 0
5.102041e+00 1.325549e+01 0
4.081633e+00 1.325549e+01 0
3.061224e+00 1.325549e+01 0
2.040816e+00 1.325549e+01 0
1.020408e+00 1.325549e+01 0
0.000000e+00 1.325549e+01 0
-5.102041e-01 1.413919e+01 0
5.102041e-01 1.413919e+01 0
1.530612e+00 1.413919e+01 0
2.551020e+00 1.413919e+01 0
3.571429e+00 1.413919e+01 0
4.591837e+00 1.413919e+01 0
5.612245e+00 1.413919e+01 0
6.632653e+00 1.413919e+01 0
7.653061e+00 1.413919e+01 0
8.673469e+00 1.413919e+01 0
9.693878e+00 1.413919e+01 0
1.071429e+01 1.413919e+01 0
1.173469e+01 1.413919e+01 0
1.275510e+01 1.413919e+01 0
1.377551e+01 1.413919e+01 0
1.479592e+01 1.413919e+01 0
1.581633e+01 1.413919e+01 0
1.683673e+01 1.413919e+01 0
1.785714e+01 1.413919e+01 0
1.887755e+01 1.413919e+01 0
1.989796e+01 1.413919e+01 0
2.091837e+01 1.413919e+01 0
2.193878e+01 1.413919e+01 0
2.295918e+01 1.413919e+01 0
2.397959e+01 1.413919e+01 0
2.500000e+01 1.413919e+01 0
2.602041e+01 1.413919e+01 0
2.704082e+01 1.413919e+01 0
2.806122e+01 1.413919e+01 0
2.908163e+01 1.413919e+01 0
3.010204e+01 1.413919e+01 0
3.112245e+01 1.413919e+01 0
3.214286e+01 1.413919e+01 0
3.316327e+01 1.413919e+01 0
3.418367e+01 1.413919e+01 0
3.520408e+01 1.413919e+01 0
3.622449e+01 1.413919e+01 0
3.724490e+01 1.413919e+01 0
3.826531e+01 1.413919e+01 0
3.928571e+01 1.413919e+01 0
4.030612e+01 1.413919e+01 0
4.132653e+01 1.413919e+01 0
4.234694e+01 1.413919e+01 0
4.336735e+01 1.413919e+01 0
4.438776e+01 1.413919e+01 0
4.540816e+01 1.413919e+01 0
4.642857e+01 1.413919e+01 0
4.744898e+01 1.413919e+01 0
4.846939e+01 1.413919e+01 0
4.948980e+01 1.413919e+01 0
5.051020e+01 1.413919e+01 0
5.051020e+01 1.502289e+01 0
5.000000e+01 1.502289e+01 0
4.897959e+01 1.502289e+01 0
4.795918e+01 1.502289e+01 0
4.693878e+01 1.502289e+01 0
4.591837e+01 1.502289e+01 0
4.489796e+01 1.502289e+01 0
4.387755e+01 1.502289e+01 0
4.285714e+01 1.502289e+01 0
4.183673e+01 1.502289e+01 0
4.081633e+01 1.502289e+01 0
3.979592e+01 1.502289e+01 0
3.877551e+01 1.502289e+01 0
3.775510e+01 1.502289e+01 0
3.673469e+01 1.502289e+01 0
3.571429e+01 1.502289e+01 0
3.469388e+01 1.502289e+01 0
3.367347e+01 1.502289e+01 0
3.265306e+01 1.502289e+01 0
3.163265e+01 1.502289e+01 0
3.061224e+01 1.502289e+01 0
2.959184e+01 1.502289e+01 0
2.857143e+01 1.502289e+01 0
2.755102e+01 1.502289e+01 0
2.653061e+01 1.502289e+01 0
2.551020e+01 1.502289e+01 0
2.448980e+01 1.502289e+01 0
2.346939e+01 1.502289e+01 0
2.244898e+01 1.502289e+01 0
2.142857e+01 1.502289e+01 0
2.040816e+01 1.502289e+01 0
1.938776e+01 1.502289e+01 0
1.836735e+01 1.502289e+01 0
1.734694e+01 1.502289e+01 0
1.632653e+01 1.502289e+01 0
1.530612e+01 1.502289e+01 0
1.428571e+01 1.502289e+01 0
1.326531e+01 1.502289e+01 0
1.224490e+01 1.502289e+01 0
1.122449e+01 1.502289e+01 0
1.020408e+01 1.502289e+01 0
9.183673e+00 1.502289e+01 0
8.163265e+00 1.502289e+01 0
7.142857e+00 1.502289e+01 0
6.122449e+00 1.502289e+01 0
5.102041e+00 1.502289e+01 0
4.081633e+00 1.502289e+01 0
3.061224e+00 1.502289e+01 0
2.040816e+00 1.502289e+01 0
1.020408e+00 1.502289e+01 0
0.000000e+00 1.502289e+01 0
-5.102041e-01 1.590659e+01 0
5.102041e-01 1.590659e+01 0
1.530612e+00 1.590659e+01 0
2.551020e+00 1.590659e+01 0
3.571429e+00 1.590659e+01 0
4.591837e+00 1.590659e+01 0
5.612245e+00 1.590659e+01 0
6.632653e+00 1.590659e+01 0
7.653061e+00 1.590659e+01 0
8.673469e+00 1.590659e+01 0
9.693878e+00 1.590659e+01 0
1.071429e+01 1.590659e+01 0
1.173469e+01 1.590659e+01 0
1.275510e+01 1.590659e+01 0
1.377551e+01 1.590659e+01 0
1.479592e+01 1.590659e+01 0
1.581633e+01 1.590659e+01 0
1.683673e+01 1.590659e+01 0
1.785714e+01 1.590659e+01 0
1.887755e+01 1.590659e+01 0
1.989796e+01 1.590659e+01 0
2.091837e+01 1.590659e+01 0
2.193878e+01 1.590659e+01 0
2.295918e+01 1.590659e+01 0
2.397959e+01 1.590659e+01 0
2.500000e+01 1.590659e+01 0
2.602041e+01 1.590659e+01 0
2.704082e+01 1.590659e+01 0
2.806122e+01 1.590659e+01 0
2.908163e+01 1.590659e+01 0
3.010204e+01 1.590659e+01 0
3.112245e+01 1.590659e+01 0
3.214286e+01 1.590659e+01 0
3.316327e+01 1.590659e+01 0
3.418367e+01 1.590659e+01 0
3.520408e+01 1.590659e+01 0
3.622449e+01 1.590659e+01 0
3.724490e+01 1.590659e+01 0
3.826531e+01 1.590659e+01 0
3.928571e+01 1.590659e+01 0
4.030612e+01 1.590659e+01 0
4.132653e+01 1.590659e+01 0
4.234694e+01 1.590659e+01 0
4.336735e+01 1.590659e+01 0
4.438776e+01 1.590659e+01 0
4.540816e+01 1.590659e+01 0
4.642857e+01 1.590659e+01 0
4.744898e+01 1.590659e+01 0
4.846939e+01 1.590659e+01 0
4.948980e+01 1.590659e+01 0
5.051020e+01 1.590659e+01 0
5.051020e+01 1.679029e+01 0
5.000000e+01 1.679029e+01 0
4.897959e+01 1.679029e+01 0
4.795918e+01 1.679029e+01 0
4.693878e+01 1.679029e+01 0
4.591837e+01 1.679029e+01 0
4.489796e+01 1.679029e+01 0
4.387755e+01 1.679029e+01 0
4.285714e+01 1.679029e+01 0
4.183673e+01 1.679029e+01 0
4.081633e+01 1.679029e+01 0
3.979592e+01 1.679029e+01 0
3.877551e+01 1.679029e+01 0
3.775510e+01 1.679029e+01 0
3.673469e+01 1.679029e+01 0
3.571429e+01 1.679029e+01 0
3.469388e+01 1.679029e+01 0
3.367347e+01 1.679029e+01 0
3.265306e+01 1.679029e+01 0
3.163265e+01 1.679029e+01 0
3.061224e+01 1.679029e+01 0
2.959184e+01 1.679029e+01 0
2.857143e+01 1.679029e+01 0
2.755102e+01 1.679029e+01 0
2.653061e+01 1.679029e+01 0
2.551020e+01 1.679029e+01 0
2.448980e+01 1.679029e+01 0
2.346939e+01 1.679029e+01 0
2.244898e+01 1.679029e+01 0
2.142857e+01 1.679029e+01 0
2.040816e+01 1.679029e+01 0
1.938776e+01 1.679029e+01 0
1.836735e+01 1.679029e+01 0
1.734694e+01 1.679029e+01 0
1.632653e+01 1.679029e+01 0
1.530612e+01 1.679029e+01 0
1.428571e+01 1.679029e+01 0
1.326531e+01 1.679029e+01 0
1.224490e+01 1.679029e+01 0
1.122449e+01 1.679029e+01 0
1.020408e+01 1.679029e+01 0
9.183673e+00 1.679029e+01 0
8.163265e+00 1.679029e+01 0
7.142857e+00 1.679029e+01 0
6.122449e+00 1.679029e+01 0
5.102041e+00 1.679029e+01 0
4.081633e+00 1.679029e+01 0
3.061224e+00 1.679029e+01 0
2.040816e+00 1.679029e+01 0
1.020408e+00 1.679029e+01 0
0.000000e+00 1.679029e+01 0
-5.102041e-01 1.767399e+01 0
5.102041e-01 1.767399e+01 0
1.530612e+00 1.767399e+01 0
2.551020e+00 1.767399e+01 0
3.571429e+00 1.767399e+01 0
4.591837e+00 1.767399e+01 0
5.612245e+00 1.767399e+01 0
6.632653e+00 1.767399e+01 0
7.653061e+00 1.767399e+01 0
8.673469e+00 1.767399e+01 0
9.693878e+00 1.767399e+01 0
1.071429e+01 1.767399e+01 0
1.173469e+01 1.767399e+01 0
1.275510e+01 1.767399e+01 0
1.377551e+01 1.767399e+01 0
1.479592e+01 1.767399e+01 0
1.581633e+01 1.767399e+01 0
1.683673e+01 1.767399e+01 0
1.785714e+01 1.767399e+01 0
1.887755e+01 1.767399e+01 0
1.989796e+01 1.767399e+01 0
2.091837e+01 1.767399e+01 0
2.193878e+01 1.767399e+01 0
2.295918e+01 1.767399e+01 0
2.397959e+01 1.767399e+01 0
2.500000e+01 1.767399e+01 0
2.602041e+01 1.767399e+01 0
2.704082e+01 1.767399e+01 0
2.806122e+01 1.767399e+01 0
2.908163e+01 1.767399e+01 0
3.010204e+01 1.767399e+01 0
3.112245e+01 1.767399e+01 0
3.214286e+01 1.767399e+01 0
3.316327e+01 1.767399e+01 0
3.418367e+01 1.767399e+01 0
3.520408e+01 1.767399e+01 0
3.622449e+01 1.767399e+01 0
3.724490e+01 1.767399e+01 0
3.826531e+01 1.767399e+01 0
3.928571e+01 1.767399e+01 0
4.030612e+01 1.767399e+01 0
4.132653e+01 1.767399e+01 0
4.234694e+01 1.767399e+01 0
4.336735e+01 1.767399e+01 0
4.438776e+01 1.767399e+01 0
4.540816e+01 1.767399e+01 0
4.642857e+01 1.767399e+01 0
4.744898e+01 1.767399e+01 0
4.846939e+01 1.767399e+01 0
4.948980e+01 1.767399e+01 0
5.051020e+01 1.767399e+01 0
5.051020e+01 1.855769e+01 0
5.000000e+01 1.855769e+01 0
4.897959e+01 1.855769e+01 0
4.795918e+01 1.855769e+01 0
4.693878e+01 1.855769e+01 0
4.591837e+01 1.855769e+01 0
4.489796e+01 1.855769e+01 0
4.387755e+01 1.855769e+01 0
4.285714e+01 1.855769e+01 0
4.183673e+01 1.855769e+01 0
4.081633e+01 1.855769e+01 0
3.979592e+01 1.855769e+01 0
3.877551e+01 1.855769e+01 0
3.775510e+01 1.855769e+01 0
3.673469e+01 1.855769e+01 0
3.571429e+01 1.855769e+01 0
3.469388e+01 1.855769e+01 0
3.367347e+01 1.855769e+01 0
3.265306e+01 1.855769e+01 0
3.163265e+01 1.855769e+01 0
3.061224e+01 1.855769e+01 0
2.959184e+01 1.855769e+01 0
2.857143e+01 1.855769e+01 0
2.755102e+01 1.855769e+01 0
2.653061e+01 1.855769e+01 0
2.551020e+01 1.855769e+01 0
2.448980e+01 1.855769e+01 0
2.346939e+01 1.855769e+01 0
2.244898e+01 1.855769e+01 0
2.142857e+01 1.855769e+01 0
2.040816e+01 1.855769e+01 0
1.938776e+01 1.855769e+01 0
1.836735e+01 1.855769e+01 0
1.734694e+01 1.855769e+01 0
1.632653e+01 1.855769e+01 0
1.530612e+01 1.855769e+01 0
1.428571e+01 1.855769e+01 0
1.326531e+01 1.855769e+01 0
1.224490e+01 1.855769e+01 0
1.122449e+01 1.855769e+01 0
1.020408e+01 1.855769e+01 0
9.183673e+00 1.855769e+01 0
8.163265e+00 1.855769e+01 0
7.142857e+00 1.855769e+01 0
6.122449e+00 1.855769e+01 0
5.102041e+00 1.855769e+01 0
4.081633e+00 1.855769e+01 0
3.061224e+00 1.855769e+01 0
2.040816e+00 1.855769e+01 0
1.020408e+00 1.855769e+01 0
0.000000e+00 1.855769e+01 0
-5.102041e-01 1.944139e+01 0
5.102041e-01 1.944139e+01 0
1.530612e+00 1.944139e+01 0
2.551020e+00 1.944139e+01 0
3.571429e+00 1.944139e+01 0
4.591837e+00 1.944139e+01 0
5.612245e+00 1.944139e+01 0
6.632653e+00 1.944139e+01 0
7.653061e+00 1.944139e+01 0
8.673469e+00 1.944139e+01 0
9.693878e+00 1.944139e+01 0
1.071429e+01 1.944139e+01 0
1.173469e+01 1.944139e+01 0
1.275510e+01 1.944139e+01 0
1.377551e+01 1.944139e+01 0
1.479592e+01 1.944139e+01 0
1.581633e+01 1.944139e+01 0
1.683673e+01 1.944139e+01 0
1.785714e+01 1.944139e+01 0
1.887755e+01 1.944139e+01 0
1.989796e+01 1.944139e+01 0
2.091837e+01 1.944139e+01 0
2.193878e+01 1.944139e+01 0
2.295918e+01 1.944139e+01 0
2.397959e+01 1.944139e+01 0
2.500000e+01 1.944139e+01 0
2.602041e+01 1.944139e+01 0
2.704082e+01 1.944139e+01 0
2.806122e+01 1.944139e+01 0
2.908163e+01 1.944139e+01 0
3.010204e+01 1.944139e+01 0
3.112245e+01 1.944139e+01 0
3.214286e+01 1.944139e+01 0
3.316327e+01 1.944139e+01 0
3.418367e+01 1.944139e+01 0
3.520408e+01 1.944139e+01 0
3.622449e+01 1.944139e+01 0
3.724490e+01 1.944139e+01 0
3.826531e+01 1.944139e+01 0
3.928571e+01 1.944139e+01 0
4.030612e+01 1.944139e+01 0
4.132653e+01 1.944139e+01 0
4.234694e+01 1.944139e+01 0
4.336735e+01 1.944139e+01 0
4.438776e+01 1.944139e+01 0
4.540816e+01 1.944139e+01 0
4.642857e+01 1.944139e+01 0
4.744898e+01 1.944139e+01 0
4.846939e+01 1.944139e+01 0
4.948980e+01 1.944139e+01 0
5.051020e+01 1.944139e+01 0
-5.102041e-01 0.000000e+00 0
-5.102041e-01 1.944139e+01 0
5.051020e+01 1.944139e+01 0
5.051020e+01 0.000000e+00 0
4
1173 1174 1
1174 1175 1
1175 1176 1
1176 1173 1
0
9.017341e-01
