4 2.5000000000e+01 2.5000000000e+01 1 62 61 0 -1 60 1 -1
4 7.5000000000e+01 2.5000000000e+01 2 63 62 1 0 61 2 -1
4 1.2500000000e+02 2.5000000000e+01 3 64 63 2 1 62 3 -1
4 1.7500000000e+02 2.5000000000e+01 4 65 64 3 2 63 4 -1
4 2.2500000000e+02 2.5000000000e+01 5 66 65 4 3 64 5 -1
4 2.7500000000e+02 2.5000000000e+01 6 67 66 5 4 65 6 -1
4 3.2500000000e+02 2.5000000000e+01 7 68 67 6 5 66 7 -1
4 3.7500000000e+02 2.5000000000e+01 8 69 68 7 6 67 8 -1
4 4.2500000000e+02 2.5000000000e+01 9 70 69 8 7 68 9 -1
4 4.7500000000e+02 2.5000000000e+01 10 71 70 9 8 69 10 -1
4 5.2500000000e+02 2.5000000000e+01 11 72 71 10 9 70 11 -1
4 5.7500000000e+02 2.5000000000e+01 12 73 72 11 10 71 12 -1
4 6.2500000000e+02 2.5000000000e+01 13 74 73 12 11 72 13 -1
4 6.7500000000e+02 2.5000000000e+01 14 75 74 13 12 73 14 -1
4 7.2500000000e+02 2.5000000000e+01 15 76 75 14 13 74 15 -1
4 7.7500000000e+02 2.5000000000e+01 16 77 76 15 14 75 16 -1
4 8.2500000000e+02 2.5000000000e+01 17 78 77 16 15 76 17 -1
4 8.7500000000e+02 2.5000000000e+01 18 79 78 17 16 77 18 -1
4 9.2500000000e+02 2.5000000000e+01 19 80 79 18 17 78 19 -1
4 9.7500000000e+02 2.5000000000e+01 20 81 80 19 18 79 20 -1
4 1.0250000000e+03 2.5000000000e+01 21 82 81 20 19 80 21 -1
4 1.0750000000e+03 2.5000000000e+01 22 83 82 21 20 81 22 -1
4 1.1250000000e+03 2.5000000000e+01 23 84 83 22 21 82 23 -1
4 1.1750000000e+03 2.5000000000e+01 24 85 84 23 22 83 24 -1
4 1.2250000000e+03 2.5000000000e+01 25 86 85 24 23 84 25 -1
4 1.2750000000e+03 2.5000000000e+01 26 87 86 25 24 85 26 -1
4 1.3250000000e+03 2.5000000000e+01 27 88 87 26 25 86 27 -1
4 1.3750000000e+03 2.5000000000e+01 28 89 88 27 26 87 28 -1
4 1.4250000000e+03 2.5000000000e+01 29 90 89 28 27 88 29 -1
4 1.4750000000e+03 2.5000000000e+01 30 91 90 29 28 89 30 -1
4 1.5250000000e+03 2.5000000000e+01 31 92 91 30 29 90 31 -1
4 1.5750000000e+03 2.5000000000e+01 32 93 92 31 30 91 32 -1
4 1.6250000000e+03 2.5000000000e+01 33 94 93 32 31 92 33 -1
4 1.6750000000e+03 2.5000000000e+01 34 95 94 33 32 93 34 -1
4 1.7250000000e+03 2.5000000000e+01 35 96 95 34 33 94 35 -1
4 1.7750000000e+03 2.5000000000e+01 36 97 96 35 34 95 36 -1
4 1.8250000000e+03 2.5000000000e+01 37 98 97 36 35 96 37 -1
4 1.8750000000e+03 2.5000000000e+01 38 99 98 37 36 97 38 -1
4 1.9250000000e+03 2.5000000000e+01 39 100 99 38 37 98 39 -1
4 1.9750000000e+03 2.5000000000e+01 40 101 100 39 38 99 40 -1
4 2.0250000000e+03 2.5000000000e+01 41 102 101 40 39 100 41 -1
4 2.0750000000e+03 2.5000000000e+01 42 103 102 41 40 101 42 -1
4 2.1250000000e+03 2.5000000000e+01 43 104 103 42 41 102 43 -1
4 2.1750000000e+03 2.5000000000e+01 44 105 104 43 42 103 44 -1
4 2.2250000000e+03 2.5000000000e+01 45 106 105 44 43 104 45 -1
4 2.2750000000e+03 2.5000000000e+01 46 107 106 45 44 105 46 -1
4 2.3250000000e+03 2.5000000000e+01 47 108 107 46 45 106 47 -1
4 2.3750000000e+03 2.5000000000e+01 48 109 108 47 46 107 48 -1
4 2.4250000000e+03 2.5000000000e+01 49 110 109 48 47 108 49 -1
4 2.4750000000e+03 2.5000000000e+01 50 111 110 49 48 109 50 -1
4 2.5250000000e+03 2.5000000000e+01 51 112 111 50 49 110 51 -1
4 2.5750000000e+03 2.5000000000e+01 52 113 112 51 50 111 52 -1
4 2.6250000000e+03 2.5000000000e+01 53 114 113 52 51 112 53 -1
4 2.6750000000e+03 2.5000000000e+01 54 115 114 53 52 113 54 -1
4 2.7250000000e+03 2.5000000000e+01 55 116 115 54 53 114 55 -1
4 2.7750000000e+03 2.5000000000e+01 56 117 116 55 54 115 56 -1
4 2.8250000000e+03 2.5000000000e+01 57 118 117 56 55 116 57 -1
4 2.8750000000e+03 2.5000000000e+01 58 119 118 57 56 117 58 -1
4 2.9250000000e+03 2.5000000000e+01 59 120 119 58 57 118 59 -1
4 2.9750000000e+03 2.5000000000e+01 60 121 120 59 58 119 -1 -1
4 2.5000000000e+01 7.5000000000e+01 62 123 122 61 -1 120 61 0
4 7.5000000000e+01 7.5000000000e+01 63 124 123 62 60 121 62 1
4 1.2500000000e+02 7.5000000000e+01 64 125 124 63 61 122 63 2
4 1.7500000000e+02 7.5000000000e+01 65 126 125 64 62 123 64 3
4 2.2500000000e+02 7.5000000000e+01 66 127 126 65 63 124 65 4
4 2.7500000000e+02 7.5000000000e+01 67 128 127 66 64 125 66 5
4 3.2500000000e+02 7.5000000000e+01 68 129 128 67 65 126 67 6
4 3.7500000000e+02 7.5000000000e+01 69 130 129 68 66 127 68 7
4 4.2500000000e+02 7.5000000000e+01 70 131 130 69 67 128 69 8
4 4.7500000000e+02 7.5000000000e+01 71 132 131 70 68 129 70 9
4 5.2500000000e+02 7.5000000000e+01 72 133 132 71 69 130 71 10
4 5.7500000000e+02 7.5000000000e+01 73 134 133 72 70 131 72 11
4 6.2500000000e+02 7.5000000000e+01 74 135 134 73 71 132 73 12
4 6.7500000000e+02 7.5000000000e+01 75 136 135 74 72 133 74 13
4 7.2500000000e+02 7.5000000000e+01 76 137 136 75 73 134 75 14
4 7.7500000000e+02 7.5000000000e+01 77 138 137 76 74 135 76 15
4 8.2500000000e+02 7.5000000000e+01 78 139 138 77 75 136 77 16
4 8.7500000000e+02 7.5000000000e+01 79 140 139 78 76 137 78 17
4 9.2500000000e+02 7.5000000000e+01 80 141 140 79 77 138 79 18
4 9.7500000000e+02 7.5000000000e+01 81 142 141 80 78 139 80 19
4 1.0250000000e+03 7.5000000000e+01 82 143 142 81 79 140 81 20
4 1.0750000000e+03 7.5000000000e+01 83 144 143 82 80 141 82 21
4 1.1250000000e+03 7.5000000000e+01 84 145 144 83 81 142 83 22
4 1.1750000000e+03 7.5000000000e+01 85 146 145 84 82 143 84 23
4 1.2250000000e+03 7.5000000000e+01 86 147 146 85 83 144 85 24
4 1.2750000000e+03 7.5000000000e+01 87 148 147 86 84 145 86 25
4 1.3250000000e+03 7.5000000000e+01 88 149 148 87 85 146 87 26
4 1.3750000000e+03 7.5000000000e+01 89 150 149 88 86 147 88 27
4 1.4250000000e+03 7.5000000000e+01 90 151 150 89 87 148 89 28
4 1.4750000000e+03 7.5000000000e+01 91 152 151 90 88 149 90 29
4 1.5250000000e+03 7.5000000000e+01 92 153 152 91 89 150 91 30
4 1.5750000000e+03 7.5000000000e+01 93 154 153 92 90 151 92 31
4 1.6250000000e+03 7.5000000000e+01 94 155 154 93 91 152 93 32
4 1.6750000000e+03 7.5000000000e+01 95 156 155 94 92 153 94 33
4 1.7250000000e+03 7.5000000000e+01 96 157 156 95 93 154 95 34
4 1.7750000000e+03 7.5000000000e+01 97 158 157 96 94 155 96 35
4 1.8250000000e+03 7.5000000000e+01 98 159 158 97 95 156 97 36
4 1.8750000000e+03 7.5000000000e+01 99 160 159 98 96 157 98 37
4 1.9250000000e+03 7.5000000000e+01 100 161 160 99 97 158 99 38
4 1.9750000000e+03 7.5000000000e+01 101 162 161 100 98 159 100 39
4 2.0250000000e+03 7.5000000000e+01 102 163 162 101 99 160 101 40
4 2.0750000000e+03 7.5000000000e+01 103 164 163 102 100 161 102 41
4 2.1250000000e+03 7.5000000000e+01 104 165 164 103 101 162 103 42
4 2.1750000000e+03 7.5000000000e+01 105 166 165 104 102 163 104 43
4 2.2250000000e+03 7.5000000000e+01 106 167 166 105 103 164 105 44
4 2.2750000000e+03 7.5000000000e+01 107 168 167 106 104 165 106 45
4 2.3250000000e+03 7.5000000000e+01 108 169 168 107 105 166 107 46
4 2.3750000000e+03 7.5000000000e+01 109 170 169 108 106 167 108 47
4 2.4250000000e+03 7.5000000000e+01 110 171 170 109 107 168 109 48
4 2.4750000000e+03 7.5000000000e+01 111 172 171 110 108 169 110 49
4 2.5250000000e+03 7.5000000000e+01 112 173 172 111 109 170 111 50
4 2.5750000000e+03 7.5000000000e+01 113 174 173 112 110 171 112 51
4 2.6250000000e+03 7.5000000000e+01 114 175 174 113 111 172 113 52
4 2.6750000000e+03 7.5000000000e+01 115 176 175 114 112 173 114 53
4 2.7250000000e+03 7.5000000000e+01 116 177 176 115 113 174 115 54
4 2.7750000000e+03 7.5000000000e+01 117 178 177 116 114 175 116 55
4 2.8250000000e+03 7.5000000000e+01 118 179 178 117 115 176 117 56
4 2.8750000000e+03 7.5000000000e+01 119 180 179 118 116 177 118 57
4 2.9250000000e+03 7.5000000000e+01 120 181 180 119 117 178 119 58
4 2.9750000000e+03 7.5000000000e+01 121 182 181 120 118 179 -1 59
4 2.5000000000e+01 1.2500000000e+02 123 184 183 122 -1 180 121 60
4 7.5000000000e+01 1.2500000000e+02 124 185 184 123 120 181 122 61
4 1.2500000000e+02 1.2500000000e+02 125 186 185 124 121 182 123 62
4 1.7500000000e+02 1.2500000000e+02 126 187 186 125 122 183 124 63
4 2.2500000000e+02 1.2500000000e+02 127 188 187 126 123 184 125 64
4 2.7500000000e+02 1.2500000000e+02 128 189 188 127 124 185 126 65
4 3.2500000000e+02 1.2500000000e+02 129 190 189 128 125 186 127 66
4 3.7500000000e+02 1.2500000000e+02 130 191 190 129 126 187 128 67
4 4.2500000000e+02 1.2500000000e+02 131 192 191 130 127 188 129 68
4 4.7500000000e+02 1.2500000000e+02 132 193 192 131 128 189 130 69
4 5.2500000000e+02 1.2500000000e+02 133 194 193 132 129 190 131 70
4 5.7500000000e+02 1.2500000000e+02 134 195 194 133 130 191 132 71
4 6.2500000000e+02 1.2500000000e+02 135 196 195 134 131 192 133 72
4 6.7500000000e+02 1.2500000000e+02 136 197 196 135 132 193 134 73
4 7.2500000000e+02 1.2500000000e+02 137 198 197 136 133 194 135 74
4 7.7500000000e+02 1.2500000000e+02 138 199 198 137 134 195 136 75
4 8.2500000000e+02 1.2500000000e+02 139 200 199 138 135 196 137 76
4 8.7500000000e+02 1.2500000000e+02 140 201 200 139 136 197 138 77
4 9.2500000000e+02 1.2500000000e+02 141 202 201 140 137 198 139 78
4 9.7500000000e+02 1.2500000000e+02 142 203 202 141 138 199 140 79
4 1.0250000000e+03 1.2500000000e+02 143 204 203 142 139 200 141 80
4 1.0750000000e+03 1.2500000000e+02 144 205 204 143 140 201 142 81
4 1.1250000000e+03 1.2500000000e+02 145 206 205 144 141 202 143 82
4 1.1750000000e+03 1.2500000000e+02 146 207 206 145 142 203 144 83
4 1.2250000000e+03 1.2500000000e+02 147 208 207 146 143 204 145 84
4 1.2750000000e+03 1.2500000000e+02 148 209 208 147 144 205 146 85
4 1.3250000000e+03 1.2500000000e+02 149 210 209 148 145 206 147 86
4 1.3750000000e+03 1.2500000000e+02 150 211 210 149 146 207 148 87
4 1.4250000000e+03 1.2500000000e+02 151 212 211 150 147 208 149 88
4 1.4750000000e+03 1.2500000000e+02 152 213 212 151 148 209 150 89
4 1.5250000000e+03 1.2500000000e+02 153 214 213 152 149 210 151 90
4 1.5750000000e+03 1.2500000000e+02 154 215 214 153 150 211 152 91
4 1.6250000000e+03 1.2500000000e+02 155 216 215 154 151 212 153 92
4 1.6750000000e+03 1.2500000000e+02 156 217 216 155 152 213 154 93
4 1.7250000000e+03 1.2500000000e+02 157 218 217 156 153 214 155 94
4 1.7750000000e+03 1.2500000000e+02 158 219 218 157 154 215 156 95
4 1.8250000000e+03 1.2500000000e+02 159 220 219 158 155 216 157 96
4 1.8750000000e+03 1.2500000000e+02 160 221 220 159 156 217 158 97
4 1.9250000000e+03 1.2500000000e+02 161 222 221 160 157 218 159 98
4 1.9750000000e+03 1.2500000000e+02 162 223 222 161 158 219 160 99
4 2.0250000000e+03 1.2500000000e+02 163 224 223 162 159 220 161 100
4 2.0750000000e+03 1.2500000000e+02 164 225 224 163 160 221 162 101
4 2.1250000000e+03 1.2500000000e+02 165 226 225 164 161 222 163 102
4 2.1750000000e+03 1.2500000000e+02 166 227 226 165 162 223 164 103
4 2.2250000000e+03 1.2500000000e+02 167 228 227 166 163 224 165 104
4 2.2750000000e+03 1.2500000000e+02 168 229 228 167 164 225 166 105
4 2.3250000000e+03 1.2500000000e+02 169 230 229 168 165 226 167 106
4 2.3750000000e+03 1.2500000000e+02 170 231 230 169 166 227 168 107
4 2.4250000000e+03 1.2500000000e+02 171 232 231 170 167 228 169 108
4 2.4750000000e+03 1.2500000000e+02 172 233 232 171 168 229 170 109
4 2.5250000000e+03 1.2500000000e+02 173 234 233 172 169 230 171 110
4 2.5750000000e+03 1.2500000000e+02 174 235 234 173 170 231 172 111
4 2.6250000000e+03 1.2500000000e+02 175 236 235 174 171 232 173 112
4 2.6750000000e+03 1.2500000000e+02 176 237 236 175 172 233 174 113
4 2.7250000000e+03 1.2500000000e+02 177 238 237 176 173 234 175 114
4 2.7750000000e+03 1.2500000000e+02 178 239 238 177 174 235 176 115
4 2.8250000000e+03 1.2500000000e+02 179 240 239 178 175 236 177 116
4 2.8750000000e+03 1.2500000000e+02 180 241 240 179 176 237 178 117
4 2.9250000000e+03 1.2500000000e+02 181 242 241 180 177 238 179 118
4 2.9750000000e+03 1.2500000000e+02 182 243 242 181 178 239 -1 119
4 2.5000000000e+01 1.7500000000e+02 184 245 244 183 -1 240 181 120
4 7.5000000000e+01 1.7500000000e+02 185 246 245 184 180 241 182 121
4 1.2500000000e+02 1.7500000000e+02 186 247 246 185 181 242 183 122
4 1.7500000000e+02 1.7500000000e+02 187 248 247 186 182 243 184 123
4 2.2500000000e+02 1.7500000000e+02 188 249 248 187 183 244 185 124
4 2.7500000000e+02 1.7500000000e+02 189 250 249 188 184 245 186 125
4 3.2500000000e+02 1.7500000000e+02 190 251 250 189 185 246 187 126
4 3.7500000000e+02 1.7500000000e+02 191 252 251 190 186 247 188 127
4 4.2500000000e+02 1.7500000000e+02 192 253 252 191 187 248 189 128
4 4.7500000000e+02 1.7500000000e+02 193 254 253 192 188 249 190 129
4 5.2500000000e+02 1.7500000000e+02 194 255 254 193 189 250 191 130
4 5.7500000000e+02 1.7500000000e+02 195 256 255 194 190 251 192 131
4 6.2500000000e+02 1.7500000000e+02 196 257 256 195 191 252 193 132
4 6.7500000000e+02 1.7500000000e+02 197 258 257 196 192 253 194 133
4 7.2500000000e+02 1.7500000000e+02 198 259 258 197 193 254 195 134
4 7.7500000000e+02 1.7500000000e+02 199 260 259 198 194 255 196 135
4 8.2500000000e+02 1.7500000000e+02 200 261 260 199 195 256 197 136
4 8.7500000000e+02 1.7500000000e+02 201 262 261 200 196 257 198 137
4 9.2500000000e+02 1.7500000000e+02 202 263 262 201 197 258 199 138
4 9.7500000000e+02 1.7500000000e+02 203 264 263 202 198 259 200 139
4 1.0250000000e+03 1.7500000000e+02 204 265 264 203 199 260 201 140
4 1.0750000000e+03 1.7500000000e+02 205 266 265 204 200 261 202 141
4 1.1250000000e+03 1.7500000000e+02 206 267 266 205 201 262 203 142
4 1.1750000000e+03 1.7500000000e+02 207 268 267 206 202 263 204 143
4 1.2250000000e+03 1.7500000000e+02 208 269 268 207 203 264 205 144
4 1.2750000000e+03 1.7500000000e+02 209 270 269 208 204 265 206 145
4 1.3250000000e+03 1.7500000000e+02 210 271 270 209 205 266 207 146
4 1.3750000000e+03 1.7500000000e+02 211 272 271 210 206 267 208 147
4 1.4250000000e+03 1.7500000000e+02 212 273 272 211 207 268 209 148
4 1.4750000000e+03 1.7500000000e+02 213 274 273 212 208 269 210 149
4 1.5250000000e+03 1.7500000000e+02 214 275 274 213 209 270 211 150
4 1.5750000000e+03 1.7500000000e+02 215 276 275 214 210 271 212 151
4 1.6250000000e+03 1.7500000000e+02 216 277 276 215 211 272 213 152
4 1.6750000000e+03 1.7500000000e+02 217 278 277 216 212 273 214 153
4 1.7250000000e+03 1.7500000000e+02 218 279 278 217 213 274 215 154
4 1.7750000000e+03 1.7500000000e+02 219 280 279 218 214 275 216 155
4 1.8250000000e+03 1.7500000000e+02 220 281 280 219 215 276 217 156
4 1.8750000000e+03 1.7500000000e+02 221 282 281 220 216 277 218 157
4 1.9250000000e+03 1.7500000000e+02 222 283 282 221 217 278 219 158
4 1.9750000000e+03 1.7500000000e+02 223 284 283 222 218 279 220 159
4 2.0250000000e+03 1.7500000000e+02 224 285 284 223 219 280 221 160
4 2.0750000000e+03 1.7500000000e+02 225 286 285 224 220 281 222 161
4 2.1250000000e+03 1.7500000000e+02 226 287 286 225 221 282 223 162
4 2.1750000000e+03 1.7500000000e+02 227 288 287 226 222 283 224 163
4 2.2250000000e+03 1.7500000000e+02 228 289 288 227 223 284 225 164
4 2.2750000000e+03 1.7500000000e+02 229 290 289 228 224 285 226 165
4 2.3250000000e+03 1.7500000000e+02 230 291 290 229 225 286 227 166
4 2.3750000000e+03 1.7500000000e+02 231 292 291 230 226 287 228 167
4 2.4250000000e+03 1.7500000000e+02 232 293 292 231 227 288 229 168
4 2.4750000000e+03 1.7500000000e+02 233 294 293 232 228 289 230 169
4 2.5250000000e+03 1.7500000000e+02 234 295 294 233 229 290 231 170
4 2.5750000000e+03 1.7500000000e+02 235 296 295 234 230 291 232 171
4 2.6250000000e+03 1.7500000000e+02 236 297 296 235 231 292 233 172
4 2.6750000000e+03 1.7500000000e+02 237 298 297 236 232 293 234 173
4 2.7250000000e+03 1.7500000000e+02 238 299 298 237 233 294 235 174
4 2.7750000000e+03 1.7500000000e+02 239 300 299 238 234 295 236 175
4 2.8250000000e+03 1.7500000000e+02 240 301 300 239 235 296 237 176
4 2.8750000000e+03 1.7500000000e+02 241 302 301 240 236 297 238 177
4 2.9250000000e+03 1.7500000000e+02 242 303 302 241 237 298 239 178
4 2.9750000000e+03 1.7500000000e+02 243 304 303 242 238 299 -1 179
4 2.5000000000e+01 2.2500000000e+02 245 306 305 244 -1 300 241 180
4 7.5000000000e+01 2.2500000000e+02 246 307 306 245 240 301 242 181
4 1.2500000000e+02 2.2500000000e+02 247 308 307 246 241 302 243 182
4 1.7500000000e+02 2.2500000000e+02 248 309 308 247 242 303 244 183
4 2.2500000000e+02 2.2500000000e+02 249 310 309 248 243 304 245 184
4 2.7500000000e+02 2.2500000000e+02 250 311 310 249 244 305 246 185
4 3.2500000000e+02 2.2500000000e+02 251 312 311 250 245 306 247 186
4 3.7500000000e+02 2.2500000000e+02 252 313 312 251 246 307 248 187
4 4.2500000000e+02 2.2500000000e+02 253 314 313 252 247 308 249 188
4 4.7500000000e+02 2.2500000000e+02 254 315 314 253 248 309 250 189
4 5.2500000000e+02 2.2500000000e+02 255 316 315 254 249 310 251 190
4 5.7500000000e+02 2.2500000000e+02 256 317 316 255 250 311 252 191
4 6.2500000000e+02 2.2500000000e+02 257 318 317 256 251 312 253 192
4 6.7500000000e+02 2.2500000000e+02 258 319 318 257 252 313 254 193
4 7.2500000000e+02 2.2500000000e+02 259 320 319 258 253 314 255 194
4 7.7500000000e+02 2.2500000000e+02 260 321 320 259 254 315 256 195
4 8.2500000000e+02 2.2500000000e+02 261 322 321 260 255 316 257 196
4 8.7500000000e+02 2.2500000000e+02 262 323 322 261 256 317 258 197
4 9.2500000000e+02 2.2500000000e+02 263 324 323 262 257 318 259 198
4 9.7500000000e+02 2.2500000000e+02 264 325 324 263 258 319 260 199
4 1.0250000000e+03 2.2500000000e+02 265 326 325 264 259 320 261 200
4 1.0750000000e+03 2.2500000000e+02 266 327 326 265 260 321 262 201
4 1.1250000000e+03 2.2500000000e+02 267 328 327 266 261 322 263 202
4 1.1750000000e+03 2.2500000000e+02 268 329 328 267 262 323 264 203
4 1.2250000000e+03 2.2500000000e+02 269 330 329 268 263 324 265 204
4 1.2750000000e+03 2.2500000000e+02 270 331 330 269 264 325 266 205
4 1.3250000000e+03 2.2500000000e+02 271 332 331 270 265 326 267 206
4 1.3750000000e+03 2.2500000000e+02 272 333 332 271 266 327 268 207
4 1.4250000000e+03 2.2500000000e+02 273 334 333 272 267 328 269 208
4 1.4750000000e+03 2.2500000000e+02 274 335 334 273 268 329 270 209
4 1.5250000000e+03 2.2500000000e+02 275 336 335 274 269 330 271 210
4 1.5750000000e+03 2.2500000000e+02 276 337 336 275 270 331 272 211
4 1.6250000000e+03 2.2500000000e+02 277 338 337 276 271 332 273 212
4 1.6750000000e+03 2.2500000000e+02 278 339 338 277 272 333 274 213
4 1.7250000000e+03 2.2500000000e+02 279 340 339 278 273 334 275 214
4 1.7750000000e+03 2.2500000000e+02 280 341 340 279 274 335 276 215
4 1.8250000000e+03 2.2500000000e+02 281 342 341 280 275 336 277 216
4 1.8750000000e+03 2.2500000000e+02 282 343 342 281 276 337 278 217
4 1.9250000000e+03 2.2500000000e+02 283 344 343 282 277 338 279 218
4 1.9750000000e+03 2.2500000000e+02 284 345 344 283 278 339 280 219
4 2.0250000000e+03 2.2500000000e+02 285 346 345 284 279 340 281 220
4 2.0750000000e+03 2.2500000000e+02 286 347 346 285 280 341 282 221
4 2.1250000000e+03 2.2500000000e+02 287 348 347 286 281 342 283 222
4 2.1750000000e+03 2.2500000000e+02 288 349 348 287 282 343 284 223
4 2.2250000000e+03 2.2500000000e+02 289 350 349 288 283 344 285 224
4 2.2750000000e+03 2.2500000000e+02 290 351 350 289 284 345 286 225
4 2.3250000000e+03 2.2500000000e+02 291 352 351 290 285 346 287 226
4 2.3750000000e+03 2.2500000000e+02 292 353 352 291 286 347 288 227
4 2.4250000000e+03 2.2500000000e+02 293 354 353 292 287 348 289 228
4 2.4750000000e+03 2.2500000000e+02 294 355 354 293 288 349 290 229
4 2.5250000000e+03 2.2500000000e+02 295 356 355 294 289 350 291 230
4 2.5750000000e+03 2.2500000000e+02 296 357 356 295 290 351 292 231
4 2.6250000000e+03 2.2500000000e+02 297 358 357 296 291 352 293 232
4 2.6750000000e+03 2.2500000000e+02 298 359 358 297 292 353 294 233
4 2.7250000000e+03 2.2500000000e+02 299 360 359 298 293 354 295 234
4 2.7750000000e+03 2.2500000000e+02 300 361 360 299 294 355 296 235
4 2.8250000000e+03 2.2500000000e+02 301 362 361 300 295 356 297 236
4 2.8750000000e+03 2.2500000000e+02 302 363 362 301 296 357 298 237
4 2.9250000000e+03 2.2500000000e+02 303 364 363 302 297 358 299 238
4 2.9750000000e+03 2.2500000000e+02 304 365 364 303 298 359 -1 239
4 2.5000000000e+01 2.7500000000e+02 306 367 366 305 -1 360 301 240
4 7.5000000000e+01 2.7500000000e+02 307 368 367 306 300 361 302 241
4 1.2500000000e+02 2.7500000000e+02 308 369 368 307 301 362 303 242
4 1.7500000000e+02 2.7500000000e+02 309 370 369 308 302 363 304 243
4 2.2500000000e+02 2.7500000000e+02 310 371 370 309 303 364 305 244
4 2.7500000000e+02 2.7500000000e+02 311 372 371 310 304 365 306 245
4 3.2500000000e+02 2.7500000000e+02 312 373 372 311 305 366 307 246
4 3.7500000000e+02 2.7500000000e+02 313 374 373 312 306 367 308 247
4 4.2500000000e+02 2.7500000000e+02 314 375 374 313 307 368 309 248
4 4.7500000000e+02 2.7500000000e+02 315 376 375 314 308 369 310 249
4 5.2500000000e+02 2.7500000000e+02 316 377 376 315 309 370 311 250
4 5.7500000000e+02 2.7500000000e+02 317 378 377 316 310 371 312 251
4 6.2500000000e+02 2.7500000000e+02 318 379 378 317 311 372 313 252
4 6.7500000000e+02 2.7500000000e+02 319 380 379 318 312 373 314 253
4 7.2500000000e+02 2.7500000000e+02 320 381 380 319 313 374 315 254
4 7.7500000000e+02 2.7500000000e+02 321 382 381 320 314 375 316 255
4 8.2500000000e+02 2.7500000000e+02 322 383 382 321 315 376 317 256
4 8.7500000000e+02 2.7500000000e+02 323 384 383 322 316 377 318 257
4 9.2500000000e+02 2.7500000000e+02 324 385 384 323 317 378 319 258
4 9.7500000000e+02 2.7500000000e+02 325 386 385 324 318 379 320 259
4 1.0250000000e+03 2.7500000000e+02 326 387 386 325 319 380 321 260
4 1.0750000000e+03 2.7500000000e+02 327 388 387 326 320 381 322 261
4 1.1250000000e+03 2.7500000000e+02 328 389 388 327 321 382 323 262
4 1.1750000000e+03 2.7500000000e+02 329 390 389 328 322 383 324 263
4 1.2250000000e+03 2.7500000000e+02 330 391 390 329 323 384 325 264
4 1.2750000000e+03 2.7500000000e+02 331 392 391 330 324 385 326 265
4 1.3250000000e+03 2.7500000000e+02 332 393 392 331 325 386 327 266
4 1.3750000000e+03 2.7500000000e+02 333 394 393 332 326 387 328 267
4 1.4250000000e+03 2.7500000000e+02 334 395 394 333 327 388 329 268
4 1.4750000000e+03 2.7500000000e+02 335 396 395 334 328 389 330 269
4 1.5250000000e+03 2.7500000000e+02 336 397 396 335 329 390 331 270
4 1.5750000000e+03 2.7500000000e+02 337 398 397 336 330 391 332 271
4 1.6250000000e+03 2.7500000000e+02 338 399 398 337 331 392 333 272
4 1.6750000000e+03 2.7500000000e+02 339 400 399 338 332 393 334 273
4 1.7250000000e+03 2.7500000000e+02 340 401 400 339 333 394 335 274
4 1.7750000000e+03 2.7500000000e+02 341 402 401 340 334 395 336 275
4 1.8250000000e+03 2.7500000000e+02 342 403 402 341 335 396 337 276
4 1.8750000000e+03 2.7500000000e+02 343 404 403 342 336 397 338 277
4 1.9250000000e+03 2.7500000000e+02 344 405 404 343 337 398 339 278
4 1.9750000000e+03 2.7500000000e+02 345 406 405 344 338 399 340 279
4 2.0250000000e+03 2.7500000000e+02 346 407 406 345 339 400 341 280
4 2.0750000000e+03 2.7500000000e+02 347 408 407 346 340 401 342 281
4 2.1250000000e+03 2.7500000000e+02 348 409 408 347 341 402 343 282
4 2.1750000000e+03 2.7500000000e+02 349 410 409 348 342 403 344 283
4 2.2250000000e+03 2.7500000000e+02 350 411 410 349 343 404 345 284
4 2.2750000000e+03 2.7500000000e+02 351 412 411 350 344 405 346 285
4 2.3250000000e+03 2.7500000000e+02 352 413 412 351 345 406 347 286
4 2.3750000000e+03 2.7500000000e+02 353 414 413 352 346 407 348 287
4 2.4250000000e+03 2.7500000000e+02 354 415 414 353 347 408 349 288
4 2.4750000000e+03 2.7500000000e+02 355 416 415 354 348 409 350 289
4 2.5250000000e+03 2.7500000000e+02 356 417 416 355 349 410 351 290
4 2.5750000000e+03 2.7500000000e+02 357 418 417 356 350 411 352 291
4 2.6250000000e+03 2.7500000000e+02 358 419 418 357 351 412 353 292
4 2.6750000000e+03 2.7500000000e+02 359 420 419 358 352 413 354 293
4 2.7250000000e+03 2.7500000000e+02 360 421 420 359 353 414 355 294
4 2.7750000000e+03 2.7500000000e+02 361 422 421 360 354 415 356 295
4 2.8250000000e+03 2.7500000000e+02 362 423 422 361 355 416 357 296
4 2.8750000000e+03 2.7500000000e+02 363 424 423 362 356 417 358 297
4 2.9250000000e+03 2.7500000000e+02 364 425 424 363 357 418 359 298
4 2.9750000000e+03 2.7500000000e+02 365 426 425 364 358 419 -1 299
4 2.5000000000e+01 3.2500000000e+02 367 428 427 366 -1 420 361 300
4 7.5000000000e+01 3.2500000000e+02 368 429 428 367 360 421 362 301
4 1.2500000000e+02 3.2500000000e+02 369 430 429 368 361 422 363 302
4 1.7500000000e+02 3.2500000000e+02 370 431 430 369 362 423 364 303
4 2.2500000000e+02 3.2500000000e+02 371 432 431 370 363 424 365 304
4 2.7500000000e+02 3.2500000000e+02 372 433 432 371 364 425 366 305
4 3.2500000000e+02 3.2500000000e+02 373 434 433 372 365 426 367 306
4 3.7500000000e+02 3.2500000000e+02 374 435 434 373 366 427 368 307
4 4.2500000000e+02 3.2500000000e+02 375 436 435 374 367 428 369 308
4 4.7500000000e+02 3.2500000000e+02 376 437 436 375 368 429 370 309
4 5.2500000000e+02 3.2500000000e+02 377 438 437 376 369 430 371 310
4 5.7500000000e+02 3.2500000000e+02 378 439 438 377 370 431 372 311
4 6.2500000000e+02 3.2500000000e+02 379 440 439 378 371 432 373 312
4 6.7500000000e+02 3.2500000000e+02 380 441 440 379 372 433 374 313
4 7.2500000000e+02 3.2500000000e+02 381 442 441 380 373 434 375 314
4 7.7500000000e+02 3.2500000000e+02 382 443 442 381 374 435 376 315
4 8.2500000000e+02 3.2500000000e+02 383 444 443 382 375 436 377 316
4 8.7500000000e+02 3.2500000000e+02 384 445 444 383 376 437 378 317
4 9.2500000000e+02 3.2500000000e+02 385 446 445 384 377 438 379 318
4 9.7500000000e+02 3.2500000000e+02 386 447 446 385 378 439 380 319
4 1.0250000000e+03 3.2500000000e+02 387 448 447 386 379 440 381 320
4 1.0750000000e+03 3.2500000000e+02 388 449 448 387 380 441 382 321
4 1.1250000000e+03 3.2500000000e+02 389 450 449 388 381 442 383 322
4 1.1750000000e+03 3.2500000000e+02 390 451 450 389 382 443 384 323
4 1.2250000000e+03 3.2500000000e+02 391 452 451 390 383 444 385 324
4 1.2750000000e+03 3.2500000000e+02 392 453 452 391 384 445 386 325
4 1.3250000000e+03 3.2500000000e+02 393 454 453 392 385 446 387 326
4 1.3750000000e+03 3.2500000000e+02 394 455 454 393 386 447 388 327
4 1.4250000000e+03 3.2500000000e+02 395 456 455 394 387 448 389 328
4 1.4750000000e+03 3.2500000000e+02 396 457 456 395 388 449 390 329
4 1.5250000000e+03 3.2500000000e+02 397 458 457 396 389 450 391 330
4 1.5750000000e+03 3.2500000000e+02 398 459 458 397 390 451 392 331
4 1.6250000000e+03 3.2500000000e+02 399 460 459 398 391 452 393 332
4 1.6750000000e+03 3.2500000000e+02 400 461 460 399 392 453 394 333
4 1.7250000000e+03 3.2500000000e+02 401 462 461 400 393 454 395 334
4 1.7750000000e+03 3.2500000000e+02 402 463 462 401 394 455 396 335
4 1.8250000000e+03 3.2500000000e+02 403 464 463 402 395 456 397 336
4 1.8750000000e+03 3.2500000000e+02 404 465 464 403 396 457 398 337
4 1.9250000000e+03 3.2500000000e+02 405 466 465 404 397 458 399 338
4 1.9750000000e+03 3.2500000000e+02 406 467 466 405 398 459 400 339
4 2.0250000000e+03 3.2500000000e+02 407 468 467 406 399 460 401 340
4 2.0750000000e+03 3.2500000000e+02 408 469 468 407 400 461 402 341
4 2.1250000000e+03 3.2500000000e+02 409 470 469 408 401 462 403 342
4 2.1750000000e+03 3.2500000000e+02 410 471 470 409 402 463 404 343
4 2.2250000000e+03 3.2500000000e+02 411 472 471 410 403 464 405 344
4 2.2750000000e+03 3.2500000000e+02 412 473 472 411 404 465 406 345
4 2.3250000000e+03 3.2500000000e+02 413 474 473 412 405 466 407 346
4 2.3750000000e+03 3.2500000000e+02 414 475 474 413 406 467 408 347
4 2.4250000000e+03 3.2500000000e+02 415 476 475 414 407 468 409 348
4 2.4750000000e+03 3.2500000000e+02 416 477 476 415 408 469 410 349
4 2.5250000000e+03 3.2500000000e+02 417 478 477 416 409 470 411 350
4 2.5750000000e+03 3.2500000000e+02 418 479 478 417 410 471 412 351
4 2.6250000000e+03 3.2500000000e+02 419 480 479 418 411 472 413 352
4 2.6750000000e+03 3.2500000000e+02 420 481 480 419 412 473 414 353
4 2.7250000000e+03 3.2500000000e+02 421 482 481 420 413 474 415 354
4 2.7750000000e+03 3.2500000000e+02 422 483 482 421 414 475 416 355
4 2.8250000000e+03 3.2500000000e+02 423 484 483 422 415 476 417 356
4 2.8750000000e+03 3.2500000000e+02 424 485 484 423 416 477 418 357
4 2.9250000000e+03 3.2500000000e+02 425 486 485 424 417 478 419 358
4 2.9750000000e+03 3.2500000000e+02 426 487 486 425 418 479 -1 359
4 2.5000000000e+01 3.7500000000e+02 428 489 488 427 -1 480 421 360
4 7.5000000000e+01 3.7500000000e+02 429 490 489 428 420 481 422 361
4 1.2500000000e+02 3.7500000000e+02 430 491 490 429 421 482 423 362
4 1.7500000000e+02 3.7500000000e+02 431 492 491 430 422 483 424 363
4 2.2500000000e+02 3.7500000000e+02 432 493 492 431 423 484 425 364
4 2.7500000000e+02 3.7500000000e+02 433 494 493 432 424 485 426 365
4 3.2500000000e+02 3.7500000000e+02 434 495 494 433 425 486 427 366
4 3.7500000000e+02 3.7500000000e+02 435 496 495 434 426 487 428 367
4 4.2500000000e+02 3.7500000000e+02 436 497 496 435 427 488 429 368
4 4.7500000000e+02 3.7500000000e+02 437 498 497 436 428 489 430 369
4 5.2500000000e+02 3.7500000000e+02 438 499 498 437 429 490 431 370
4 5.7500000000e+02 3.7500000000e+02 439 500 499 438 430 491 432 371
4 6.2500000000e+02 3.7500000000e+02 440 501 500 439 431 492 433 372
4 6.7500000000e+02 3.7500000000e+02 441 502 501 440 432 493 434 373
4 7.2500000000e+02 3.7500000000e+02 442 503 502 441 433 494 435 374
4 7.7500000000e+02 3.7500000000e+02 443 504 503 442 434 495 436 375
4 8.2500000000e+02 3.7500000000e+02 444 505 504 443 435 496 437 376
4 8.7500000000e+02 3.7500000000e+02 445 506 505 444 436 497 438 377
4 9.2500000000e+02 3.7500000000e+02 446 507 506 445 437 498 439 378
4 9.7500000000e+02 3.7500000000e+02 447 508 507 446 438 499 440 379
4 1.0250000000e+03 3.7500000000e+02 448 509 508 447 439 500 441 380
4 1.0750000000e+03 3.7500000000e+02 449 510 509 448 440 501 442 381
4 1.1250000000e+03 3.7500000000e+02 450 511 510 449 441 502 443 382
4 1.1750000000e+03 3.7500000000e+02 451 512 511 450 442 503 444 383
4 1.2250000000e+03 3.7500000000e+02 452 513 512 451 443 504 445 384
4 1.2750000000e+03 3.7500000000e+02 453 514 513 452 444 505 446 385
4 1.3250000000e+03 3.7500000000e+02 454 515 514 453 445 506 447 386
4 1.3750000000e+03 3.7500000000e+02 455 516 515 454 446 507 448 387
4 1.4250000000e+03 3.7500000000e+02 456 517 516 455 447 508 449 388
4 1.4750000000e+03 3.7500000000e+02 457 518 517 456 448 509 450 389
4 1.5250000000e+03 3.7500000000e+02 458 519 518 457 449 510 451 390
4 1.5750000000e+03 3.7500000000e+02 459 520 519 458 450 511 452 391
4 1.6250000000e+03 3.7500000000e+02 460 521 520 459 451 512 453 392
4 1.6750000000e+03 3.7500000000e+02 461 522 521 460 452 513 454 393
4 1.7250000000e+03 3.7500000000e+02 462 523 522 461 453 514 455 394
4 1.7750000000e+03 3.7500000000e+02 463 524 523 462 454 515 456 395
4 1.8250000000e+03 3.7500000000e+02 464 525 524 463 455 516 457 396
4 1.8750000000e+03 3.7500000000e+02 465 526 525 464 456 517 458 397
4 1.9250000000e+03 3.7500000000e+02 466 527 526 465 457 518 459 398
4 1.9750000000e+03 3.7500000000e+02 467 528 527 466 458 519 460 399
4 2.0250000000e+03 3.7500000000e+02 468 529 528 467 459 520 461 400
4 2.0750000000e+03 3.7500000000e+02 469 530 529 468 460 521 462 401
4 2.1250000000e+03 3.7500000000e+02 470 531 530 469 461 522 463 402
4 2.1750000000e+03 3.7500000000e+02 471 532 531 470 462 523 464 403
4 2.2250000000e+03 3.7500000000e+02 472 533 532 471 463 524 465 404
4 2.2750000000e+03 3.7500000000e+02 473 534 533 472 464 525 466 405
4 2.3250000000e+03 3.7500000000e+02 474 535 534 473 465 526 467 406
4 2.3750000000e+03 3.7500000000e+02 475 536 535 474 466 527 468 407
4 2.4250000000e+03 3.7500000000e+02 476 537 536 475 467 528 469 408
4 2.4750000000e+03 3.7500000000e+02 477 538 537 476 468 529 470 409
4 2.5250000000e+03 3.7500000000e+02 478 539 538 477 469 530 471 410
4 2.5750000000e+03 3.7500000000e+02 479 540 539 478 470 531 472 411
4 2.6250000000e+03 3.7500000000e+02 480 541 540 479 471 532 473 412
4 2.6750000000e+03 3.7500000000e+02 481 542 541 480 472 533 474 413
4 2.7250000000e+03 3.7500000000e+02 482 543 542 481 473 534 475 414
4 2.7750000000e+03 3.7500000000e+02 483 544 543 482 474 535 476 415
4 2.8250000000e+03 3.7500000000e+02 484 545 544 483 475 536 477 416
4 2.8750000000e+03 3.7500000000e+02 485 546 545 484 476 537 478 417
4 2.9250000000e+03 3.7500000000e+02 486 547 546 485 477 538 479 418
4 2.9750000000e+03 3.7500000000e+02 487 548 547 486 478 539 -1 419
4 2.5000000000e+01 4.2500000000e+02 489 550 549 488 -1 540 481 420
4 7.5000000000e+01 4.2500000000e+02 490 551 550 489 480 541 482 421
4 1.2500000000e+02 4.2500000000e+02 491 552 551 490 481 542 483 422
4 1.7500000000e+02 4.2500000000e+02 492 553 552 491 482 543 484 423
4 2.2500000000e+02 4.2500000000e+02 493 554 553 492 483 544 485 424
4 2.7500000000e+02 4.2500000000e+02 494 555 554 493 484 545 486 425
4 3.2500000000e+02 4.2500000000e+02 495 556 555 494 485 546 487 426
4 3.7500000000e+02 4.2500000000e+02 496 557 556 495 486 547 488 427
4 4.2500000000e+02 4.2500000000e+02 497 558 557 496 487 548 489 428
4 4.7500000000e+02 4.2500000000e+02 498 559 558 497 488 549 490 429
4 5.2500000000e+02 4.2500000000e+02 499 560 559 498 489 550 491 430
4 5.7500000000e+02 4.2500000000e+02 500 561 560 499 490 551 492 431
4 6.2500000000e+02 4.2500000000e+02 501 562 561 500 491 552 493 432
4 6.7500000000e+02 4.2500000000e+02 502 563 562 501 492 553 494 433
4 7.2500000000e+02 4.2500000000e+02 503 564 563 502 493 554 495 434
4 7.7500000000e+02 4.2500000000e+02 504 565 564 503 494 555 496 435
4 8.2500000000e+02 4.2500000000e+02 505 566 565 504 495 556 497 436
4 8.7500000000e+02 4.2500000000e+02 506 567 566 505 496 557 498 437
4 9.2500000000e+02 4.2500000000e+02 507 568 567 506 497 558 499 438
4 9.7500000000e+02 4.2500000000e+02 508 569 568 507 498 559 500 439
4 1.0250000000e+03 4.2500000000e+02 509 570 569 508 499 560 501 440
4 1.0750000000e+03 4.2500000000e+02 510 571 570 509 500 561 502 441
4 1.1250000000e+03 4.2500000000e+02 511 572 571 510 501 562 503 442
4 1.1750000000e+03 4.2500000000e+02 512 573 572 511 502 563 504 443
4 1.2250000000e+03 4.2500000000e+02 513 574 573 512 503 564 505 444
4 1.2750000000e+03 4.2500000000e+02 514 575 574 513 504 565 506 445
4 1.3250000000e+03 4.2500000000e+02 515 576 575 514 505 566 507 446
4 1.3750000000e+03 4.2500000000e+02 516 577 576 515 506 567 508 447
4 1.4250000000e+03 4.2500000000e+02 517 578 577 516 507 568 509 448
4 1.4750000000e+03 4.2500000000e+02 518 579 578 517 508 569 510 449
4 1.5250000000e+03 4.2500000000e+02 519 580 579 518 509 570 511 450
4 1.5750000000e+03 4.2500000000e+02 520 581 580 519 510 571 512 451
4 1.6250000000e+03 4.2500000000e+02 521 582 581 520 511 572 513 452
4 1.6750000000e+03 4.2500000000e+02 522 583 582 521 512 573 514 453
4 1.7250000000e+03 4.2500000000e+02 523 584 583 522 513 574 515 454
4 1.7750000000e+03 4.2500000000e+02 524 585 584 523 514 575 516 455
4 1.8250000000e+03 4.2500000000e+02 525 586 585 524 515 576 517 456
4 1.8750000000e+03 4.2500000000e+02 526 587 586 525 516 577 518 457
4 1.9250000000e+03 4.2500000000e+02 527 588 587 526 517 578 519 458
4 1.9750000000e+03 4.2500000000e+02 528 589 588 527 518 579 520 459
4 2.0250000000e+03 4.2500000000e+02 529 590 589 528 519 580 521 460
4 2.0750000000e+03 4.2500000000e+02 530 591 590 529 520 581 522 461
4 2.1250000000e+03 4.2500000000e+02 531 592 591 530 521 582 523 462
4 2.1750000000e+03 4.2500000000e+02 532 593 592 531 522 583 524 463
4 2.2250000000e+03 4.2500000000e+02 533 594 593 532 523 584 525 464
4 2.2750000000e+03 4.2500000000e+02 534 595 594 533 524 585 526 465
4 2.3250000000e+03 4.2500000000e+02 535 596 595 534 525 586 527 466
4 2.3750000000e+03 4.2500000000e+02 536 597 596 535 526 587 528 467
4 2.4250000000e+03 4.2500000000e+02 537 598 597 536 527 588 529 468
4 2.4750000000e+03 4.2500000000e+02 538 599 598 537 528 589 530 469
4 2.5250000000e+03 4.2500000000e+02 539 600 599 538 529 590 531 470
4 2.5750000000e+03 4.2500000000e+02 540 601 600 539 530 591 532 471
4 2.6250000000e+03 4.2500000000e+02 541 602 601 540 531 592 533 472
4 2.6750000000e+03 4.2500000000e+02 542 603 602 541 532 593 534 473
4 2.7250000000e+03 4.2500000000e+02 543 604 603 542 533 594 535 474
4 2.7750000000e+03 4.2500000000e+02 544 605 604 543 534 595 536 475
4 2.8250000000e+03 4.2500000000e+02 545 606 605 544 535 596 537 476
4 2.8750000000e+03 4.2500000000e+02 546 607 606 545 536 597 538 477
4 2.9250000000e+03 4.2500000000e+02 547 608 607 546 537 598 539 478
4 2.9750000000e+03 4.2500000000e+02 548 609 608 547 538 599 -1 479
4 2.5000000000e+01 4.7500000000e+02 550 611 610 549 -1 600 541 480
4 7.5000000000e+01 4.7500000000e+02 551 612 611 550 540 601 542 481
4 1.2500000000e+02 4.7500000000e+02 552 613 612 551 541 602 543 482
4 1.7500000000e+02 4.7500000000e+02 553 614 613 552 542 603 544 483
4 2.2500000000e+02 4.7500000000e+02 554 615 614 553 543 604 545 484
4 2.7500000000e+02 4.7500000000e+02 555 616 615 554 544 605 546 485
4 3.2500000000e+02 4.7500000000e+02 556 617 616 555 545 606 547 486
4 3.7500000000e+02 4.7500000000e+02 557 618 617 556 546 607 548 487
4 4.2500000000e+02 4.7500000000e+02 558 619 618 557 547 608 549 488
4 4.7500000000e+02 4.7500000000e+02 559 620 619 558 548 609 550 489
4 5.2500000000e+02 4.7500000000e+02 560 621 620 559 549 610 551 490
4 5.7500000000e+02 4.7500000000e+02 561 622 621 560 550 611 552 491
4 6.2500000000e+02 4.7500000000e+02 562 623 622 561 551 612 553 492
4 6.7500000000e+02 4.7500000000e+02 563 624 623 562 552 613 554 493
4 7.2500000000e+02 4.7500000000e+02 564 625 624 563 553 614 555 494
4 7.7500000000e+02 4.7500000000e+02 565 626 625 564 554 615 556 495
4 8.2500000000e+02 4.7500000000e+02 566 627 626 565 555 616 557 496
4 8.7500000000e+02 4.7500000000e+02 567 628 627 566 556 617 558 497
4 9.2500000000e+02 4.7500000000e+02 568 629 628 567 557 618 559 498
4 9.7500000000e+02 4.7500000000e+02 569 630 629 568 558 619 560 499
4 1.0250000000e+03 4.7500000000e+02 570 631 630 569 559 620 561 500
4 1.0750000000e+03 4.7500000000e+02 571 632 631 570 560 621 562 501
4 1.1250000000e+03 4.7500000000e+02 572 633 632 571 561 622 563 502
4 1.1750000000e+03 4.7500000000e+02 573 634 633 572 562 623 564 503
4 1.2250000000e+03 4.7500000000e+02 574 635 634 573 563 624 565 504
4 1.2750000000e+03 4.7500000000e+02 575 636 635 574 564 625 566 505
4 1.3250000000e+03 4.7500000000e+02 576 637 636 575 565 626 567 506
4 1.3750000000e+03 4.7500000000e+02 577 638 637 576 566 627 568 507
4 1.4250000000e+03 4.7500000000e+02 578 639 638 577 567 628 569 508
4 1.4750000000e+03 4.7500000000e+02 579 640 639 578 568 629 570 509
4 1.5250000000e+03 4.7500000000e+02 580 641 640 579 569 630 571 510
4 1.5750000000e+03 4.7500000000e+02 581 642 641 580 570 631 572 511
4 1.6250000000e+03 4.7500000000e+02 582 643 642 581 571 632 573 512
4 1.6750000000e+03 4.7500000000e+02 583 644 643 582 572 633 574 513
4 1.7250000000e+03 4.7500000000e+02 584 645 644 583 573 634 575 514
4 1.7750000000e+03 4.7500000000e+02 585 646 645 584 574 635 576 515
4 1.8250000000e+03 4.7500000000e+02 586 647 646 585 575 636 577 516
4 1.8750000000e+03 4.7500000000e+02 587 648 647 586 576 637 578 517
4 1.9250000000e+03 4.7500000000e+02 588 649 648 587 577 638 579 518
4 1.9750000000e+03 4.7500000000e+02 589 650 649 588 578 639 580 519
4 2.0250000000e+03 4.7500000000e+02 590 651 650 589 579 640 581 520
4 2.0750000000e+03 4.7500000000e+02 591 652 651 590 580 641 582 521
4 2.1250000000e+03 4.7500000000e+02 592 653 652 591 581 642 583 522
4 2.1750000000e+03 4.7500000000e+02 593 654 653 592 582 643 584 523
4 2.2250000000e+03 4.7500000000e+02 594 655 654 593 583 644 585 524
4 2.2750000000e+03 4.7500000000e+02 595 656 655 594 584 645 586 525
4 2.3250000000e+03 4.7500000000e+02 596 657 656 595 585 646 587 526
4 2.3750000000e+03 4.7500000000e+02 597 658 657 596 586 647 588 527
4 2.4250000000e+03 4.7500000000e+02 598 659 658 597 587 648 589 528
4 2.4750000000e+03 4.7500000000e+02 599 660 659 598 588 649 590 529
4 2.5250000000e+03 4.7500000000e+02 600 661 660 599 589 650 591 530
4 2.5750000000e+03 4.7500000000e+02 601 662 661 600 590 651 592 531
4 2.6250000000e+03 4.7500000000e+02 602 663 662 601 591 652 593 532
4 2.6750000000e+03 4.7500000000e+02 603 664 663 602 592 653 594 533
4 2.7250000000e+03 4.7500000000e+02 604 665 664 603 593 654 595 534
4 2.7750000000e+03 4.7500000000e+02 605 666 665 604 594 655 596 535
4 2.8250000000e+03 4.7500000000e+02 606 667 666 605 595 656 597 536
4 2.8750000000e+03 4.7500000000e+02 607 668 667 606 596 657 598 537
4 2.9250000000e+03 4.7500000000e+02 608 669 668 607 597 658 599 538
4 2.9750000000e+03 4.7500000000e+02 609 670 669 608 598 659 -1 539
4 2.5000000000e+01 5.2500000000e+02 611 672 671 610 -1 660 601 540
4 7.5000000000e+01 5.2500000000e+02 612 673 672 611 600 661 602 541
4 1.2500000000e+02 5.2500000000e+02 613 674 673 612 601 662 603 542
4 1.7500000000e+02 5.2500000000e+02 614 675 674 613 602 663 604 543
4 2.2500000000e+02 5.2500000000e+02 615 676 675 614 603 664 605 544
4 2.7500000000e+02 5.2500000000e+02 616 677 676 615 604 665 606 545
4 3.2500000000e+02 5.2500000000e+02 617 678 677 616 605 666 607 546
4 3.7500000000e+02 5.2500000000e+02 618 679 678 617 606 667 608 547
4 4.2500000000e+02 5.2500000000e+02 619 680 679 618 607 668 609 548
4 4.7500000000e+02 5.2500000000e+02 620 681 680 619 608 669 610 549
4 5.2500000000e+02 5.2500000000e+02 621 682 681 620 609 670 611 550
4 5.7500000000e+02 5.2500000000e+02 622 683 682 621 610 671 612 551
4 6.2500000000e+02 5.2500000000e+02 623 684 683 622 611 672 613 552
4 6.7500000000e+02 5.2500000000e+02 624 685 684 623 612 673 614 553
4 7.2500000000e+02 5.2500000000e+02 625 686 685 624 613 674 615 554
4 7.7500000000e+02 5.2500000000e+02 626 687 686 625 614 675 616 555
4 8.2500000000e+02 5.2500000000e+02 627 688 687 626 615 676 617 556
4 8.7500000000e+02 5.2500000000e+02 628 689 688 627 616 677 618 557
4 9.2500000000e+02 5.2500000000e+02 629 690 689 628 617 678 619 558
4 9.7500000000e+02 5.2500000000e+02 630 691 690 629 618 679 620 559
4 1.0250000000e+03 5.2500000000e+02 631 692 691 630 619 680 621 560
4 1.0750000000e+03 5.2500000000e+02 632 693 692 631 620 681 622 561
4 1.1250000000e+03 5.2500000000e+02 633 694 693 632 621 682 623 562
4 1.1750000000e+03 5.2500000000e+02 634 695 694 633 622 683 624 563
4 1.2250000000e+03 5.2500000000e+02 635 696 695 634 623 684 625 564
4 1.2750000000e+03 5.2500000000e+02 636 697 696 635 624 685 626 565
4 1.3250000000e+03 5.2500000000e+02 637 698 697 636 625 686 627 566
4 1.3750000000e+03 5.2500000000e+02 638 699 698 637 626 687 628 567
4 1.4250000000e+03 5.2500000000e+02 639 700 699 638 627 688 629 568
4 1.4750000000e+03 5.2500000000e+02 640 701 700 639 628 689 630 569
4 1.5250000000e+03 5.2500000000e+02 641 702 701 640 629 690 631 570
4 1.5750000000e+03 5.2500000000e+02 642 703 702 641 630 691 632 571
4 1.6250000000e+03 5.2500000000e+02 643 704 703 642 631 692 633 572
4 1.6750000000e+03 5.2500000000e+02 644 705 704 643 632 693 634 573
4 1.7250000000e+03 5.2500000000e+02 645 706 705 644 633 694 635 574
4 1.7750000000e+03 5.2500000000e+02 646 707 706 645 634 695 636 575
4 1.8250000000e+03 5.2500000000e+02 647 708 707 646 635 696 637 576
4 1.8750000000e+03 5.2500000000e+02 648 709 708 647 636 697 638 577
4 1.9250000000e+03 5.2500000000e+02 649 710 709 648 637 698 639 578
4 1.9750000000e+03 5.2500000000e+02 650 711 710 649 638 699 640 579
4 2.0250000000e+03 5.2500000000e+02 651 712 711 650 639 700 641 580
4 2.0750000000e+03 5.2500000000e+02 652 713 712 651 640 701 642 581
4 2.1250000000e+03 5.2500000000e+02 653 714 713 652 641 702 643 582
4 2.1750000000e+03 5.2500000000e+02 654 715 714 653 642 703 644 583
4 2.2250000000e+03 5.2500000000e+02 655 716 715 654 643 704 645 584
4 2.2750000000e+03 5.2500000000e+02 656 717 716 655 644 705 646 585
4 2.3250000000e+03 5.2500000000e+02 657 718 717 656 645 706 647 586
4 2.3750000000e+03 5.2500000000e+02 658 719 718 657 646 707 648 587
4 2.4250000000e+03 5.2500000000e+02 659 720 719 658 647 708 649 588
4 2.4750000000e+03 5.2500000000e+02 660 721 720 659 648 709 650 589
4 2.5250000000e+03 5.2500000000e+02 661 722 721 660 649 710 651 590
4 2.5750000000e+03 5.2500000000e+02 662 723 722 661 650 711 652 591
4 2.6250000000e+03 5.2500000000e+02 663 724 723 662 651 712 653 592
4 2.6750000000e+03 5.2500000000e+02 664 725 724 663 652 713 654 593
4 2.7250000000e+03 5.2500000000e+02 665 726 725 664 653 714 655 594
4 2.7750000000e+03 5.2500000000e+02 666 727 726 665 654 715 656 595
4 2.8250000000e+03 5.2500000000e+02 667 728 727 666 655 716 657 596
4 2.8750000000e+03 5.2500000000e+02 668 729 728 667 656 717 658 597
4 2.9250000000e+03 5.2500000000e+02 669 730 729 668 657 718 659 598
4 2.9750000000e+03 5.2500000000e+02 670 731 730 669 658 719 -1 599
4 2.5000000000e+01 5.7500000000e+02 672 733 732 671 -1 720 661 600
4 7.5000000000e+01 5.7500000000e+02 673 734 733 672 660 721 662 601
4 1.2500000000e+02 5.7500000000e+02 674 735 734 673 661 722 663 602
4 1.7500000000e+02 5.7500000000e+02 675 736 735 674 662 723 664 603
4 2.2500000000e+02 5.7500000000e+02 676 737 736 675 663 724 665 604
4 2.7500000000e+02 5.7500000000e+02 677 738 737 676 664 725 666 605
4 3.2500000000e+02 5.7500000000e+02 678 739 738 677 665 726 667 606
4 3.7500000000e+02 5.7500000000e+02 679 740 739 678 666 727 668 607
4 4.2500000000e+02 5.7500000000e+02 680 741 740 679 667 728 669 608
4 4.7500000000e+02 5.7500000000e+02 681 742 741 680 668 729 670 609
4 5.2500000000e+02 5.7500000000e+02 682 743 742 681 669 730 671 610
4 5.7500000000e+02 5.7500000000e+02 683 744 743 682 670 731 672 611
4 6.2500000000e+02 5.7500000000e+02 684 745 744 683 671 732 673 612
4 6.7500000000e+02 5.7500000000e+02 685 746 745 684 672 733 674 613
4 7.2500000000e+02 5.7500000000e+02 686 747 746 685 673 734 675 614
4 7.7500000000e+02 5.7500000000e+02 687 748 747 686 674 735 676 615
4 8.2500000000e+02 5.7500000000e+02 688 749 748 687 675 736 677 616
4 8.7500000000e+02 5.7500000000e+02 689 750 749 688 676 737 678 617
4 9.2500000000e+02 5.7500000000e+02 690 751 750 689 677 738 679 618
4 9.7500000000e+02 5.7500000000e+02 691 752 751 690 678 739 680 619
4 1.0250000000e+03 5.7500000000e+02 692 753 752 691 679 740 681 620
4 1.0750000000e+03 5.7500000000e+02 693 754 753 692 680 741 682 621
4 1.1250000000e+03 5.7500000000e+02 694 755 754 693 681 742 683 622
4 1.1750000000e+03 5.7500000000e+02 695 756 755 694 682 743 684 623
4 1.2250000000e+03 5.7500000000e+02 696 757 756 695 683 744 685 624
4 1.2750000000e+03 5.7500000000e+02 697 758 757 696 684 745 686 625
4 1.3250000000e+03 5.7500000000e+02 698 759 758 697 685 746 687 626
4 1.3750000000e+03 5.7500000000e+02 699 760 759 698 686 747 688 627
4 1.4250000000e+03 5.7500000000e+02 700 761 760 699 687 748 689 628
4 1.4750000000e+03 5.7500000000e+02 701 762 761 700 688 749 690 629
4 1.5250000000e+03 5.7500000000e+02 702 763 762 701 689 750 691 630
4 1.5750000000e+03 5.7500000000e+02 703 764 763 702 690 751 692 631
4 1.6250000000e+03 5.7500000000e+02 704 765 764 703 691 752 693 632
4 1.6750000000e+03 5.7500000000e+02 705 766 765 704 692 753 694 633
4 1.7250000000e+03 5.7500000000e+02 706 767 766 705 693 754 695 634
4 1.7750000000e+03 5.7500000000e+02 707 768 767 706 694 755 696 635
4 1.8250000000e+03 5.7500000000e+02 708 769 768 707 695 756 697 636
4 1.8750000000e+03 5.7500000000e+02 709 770 769 708 696 757 698 637
4 1.9250000000e+03 5.7500000000e+02 710 771 770 709 697 758 699 638
4 1.9750000000e+03 5.7500000000e+02 711 772 771 710 698 759 700 639
4 2.0250000000e+03 5.7500000000e+02 712 773 772 711 699 760 701 640
4 2.0750000000e+03 5.7500000000e+02 713 774 773 712 700 761 702 641
4 2.1250000000e+03 5.7500000000e+02 714 775 774 713 701 762 703 642
4 2.1750000000e+03 5.7500000000e+02 715 776 775 714 702 763 704 643
4 2.2250000000e+03 5.7500000000e+02 716 777 776 715 703 764 705 644
4 2.2750000000e+03 5.7500000000e+02 717 778 777 716 704 765 706 645
4 2.3250000000e+03 5.7500000000e+02 718 779 778 717 705 766 707 646
4 2.3750000000e+03 5.7500000000e+02 719 780 779 718 706 767 708 647
4 2.4250000000e+03 5.7500000000e+02 720 781 780 719 707 768 709 648
4 2.4750000000e+03 5.7500000000e+02 721 782 781 720 708 769 710 649
4 2.5250000000e+03 5.7500000000e+02 722 783 782 721 709 770 711 650
4 2.5750000000e+03 5.7500000000e+02 723 784 783 722 710 771 712 651
4 2.6250000000e+03 5.7500000000e+02 724 785 784 723 711 772 713 652
4 2.6750000000e+03 5.7500000000e+02 725 786 785 724 712 773 714 653
4 2.7250000000e+03 5.7500000000e+02 726 787 786 725 713 774 715 654
4 2.7750000000e+03 5.7500000000e+02 727 788 787 726 714 775 716 655
4 2.8250000000e+03 5.7500000000e+02 728 789 788 727 715 776 717 656
4 2.8750000000e+03 5.7500000000e+02 729 790 789 728 716 777 718 657
4 2.9250000000e+03 5.7500000000e+02 730 791 790 729 717 778 719 658
4 2.9750000000e+03 5.7500000000e+02 731 792 791 730 718 779 -1 659
4 2.5000000000e+01 6.2500000000e+02 733 794 793 732 -1 780 721 660
4 7.5000000000e+01 6.2500000000e+02 734 795 794 733 720 781 722 661
4 1.2500000000e+02 6.2500000000e+02 735 796 795 734 721 782 723 662
4 1.7500000000e+02 6.2500000000e+02 736 797 796 735 722 783 724 663
4 2.2500000000e+02 6.2500000000e+02 737 798 797 736 723 784 725 664
4 2.7500000000e+02 6.2500000000e+02 738 799 798 737 724 785 726 665
4 3.2500000000e+02 6.2500000000e+02 739 800 799 738 725 786 727 666
4 3.7500000000e+02 6.2500000000e+02 740 801 800 739 726 787 728 667
4 4.2500000000e+02 6.2500000000e+02 741 802 801 740 727 788 729 668
4 4.7500000000e+02 6.2500000000e+02 742 803 802 741 728 789 730 669
4 5.2500000000e+02 6.2500000000e+02 743 804 803 742 729 790 731 670
4 5.7500000000e+02 6.2500000000e+02 744 805 804 743 730 791 732 671
4 6.2500000000e+02 6.2500000000e+02 745 806 805 744 731 792 733 672
4 6.7500000000e+02 6.2500000000e+02 746 807 806 745 732 793 734 673
4 7.2500000000e+02 6.2500000000e+02 747 808 807 746 733 794 735 674
4 7.7500000000e+02 6.2500000000e+02 748 809 808 747 734 795 736 675
4 8.2500000000e+02 6.2500000000e+02 749 810 809 748 735 796 737 676
4 8.7500000000e+02 6.2500000000e+02 750 811 810 749 736 797 738 677
4 9.2500000000e+02 6.2500000000e+02 751 812 811 750 737 798 739 678
4 9.7500000000e+02 6.2500000000e+02 752 813 812 751 738 799 740 679
4 1.0250000000e+03 6.2500000000e+02 753 814 813 752 739 800 741 680
4 1.0750000000e+03 6.2500000000e+02 754 815 814 753 740 801 742 681
4 1.1250000000e+03 6.2500000000e+02 755 816 815 754 741 802 743 682
4 1.1750000000e+03 6.2500000000e+02 756 817 816 755 742 803 744 683
4 1.2250000000e+03 6.2500000000e+02 757 818 817 756 743 804 745 684
4 1.2750000000e+03 6.2500000000e+02 758 819 818 757 744 805 746 685
4 1.3250000000e+03 6.2500000000e+02 759 820 819 758 745 806 747 686
4 1.3750000000e+03 6.2500000000e+02 760 821 820 759 746 807 748 687
4 1.4250000000e+03 6.2500000000e+02 761 822 821 760 747 808 749 688
4 1.4750000000e+03 6.2500000000e+02 762 823 822 761 748 809 750 689
4 1.5250000000e+03 6.2500000000e+02 763 824 823 762 749 810 751 690
4 1.5750000000e+03 6.2500000000e+02 764 825 824 763 750 811 752 691
4 1.6250000000e+03 6.2500000000e+02 765 826 825 764 751 812 753 692
4 1.6750000000e+03 6.2500000000e+02 766 827 826 765 752 813 754 693
4 1.7250000000e+03 6.2500000000e+02 767 828 827 766 753 814 755 694
4 1.7750000000e+03 6.2500000000e+02 768 829 828 767 754 815 756 695
4 1.8250000000e+03 6.2500000000e+02 769 830 829 768 755 816 757 696
4 1.8750000000e+03 6.2500000000e+02 770 831 830 769 756 817 758 697
4 1.9250000000e+03 6.2500000000e+02 771 832 831 770 757 818 759 698
4 1.9750000000e+03 6.2500000000e+02 772 833 832 771 758 819 760 699
4 2.0250000000e+03 6.2500000000e+02 773 834 833 772 759 820 761 700
4 2.0750000000e+03 6.2500000000e+02 774 835 834 773 760 821 762 701
4 2.1250000000e+03 6.2500000000e+02 775 836 835 774 761 822 763 702
4 2.1750000000e+03 6.2500000000e+02 776 837 836 775 762 823 764 703
4 2.2250000000e+03 6.2500000000e+02 777 838 837 776 763 824 765 704
4 2.2750000000e+03 6.2500000000e+02 778 839 838 777 764 825 766 705
4 2.3250000000e+03 6.2500000000e+02 779 840 839 778 765 826 767 706
4 2.3750000000e+03 6.2500000000e+02 780 841 840 779 766 827 768 707
4 2.4250000000e+03 6.2500000000e+02 781 842 841 780 767 828 769 708
4 2.4750000000e+03 6.2500000000e+02 782 843 842 781 768 829 770 709
4 2.5250000000e+03 6.2500000000e+02 783 844 843 782 769 830 771 710
4 2.5750000000e+03 6.2500000000e+02 784 845 844 783 770 831 772 711
4 2.6250000000e+03 6.2500000000e+02 785 846 845 784 771 832 773 712
4 2.6750000000e+03 6.2500000000e+02 786 847 846 785 772 833 774 713
4 2.7250000000e+03 6.2500000000e+02 787 848 847 786 773 834 775 714
4 2.7750000000e+03 6.2500000000e+02 788 849 848 787 774 835 776 715
4 2.8250000000e+03 6.2500000000e+02 789 850 849 788 775 836 777 716
4 2.8750000000e+03 6.2500000000e+02 790 851 850 789 776 837 778 717
4 2.9250000000e+03 6.2500000000e+02 791 852 851 790 777 838 779 718
4 2.9750000000e+03 6.2500000000e+02 792 853 852 791 778 839 -1 719
4 2.5000000000e+01 6.7500000000e+02 794 855 854 793 -1 840 781 720
4 7.5000000000e+01 6.7500000000e+02 795 856 855 794 780 841 782 721
4 1.2500000000e+02 6.7500000000e+02 796 857 856 795 781 842 783 722
4 1.7500000000e+02 6.7500000000e+02 797 858 857 796 782 843 784 723
4 2.2500000000e+02 6.7500000000e+02 798 859 858 797 783 844 785 724
4 2.7500000000e+02 6.7500000000e+02 799 860 859 798 784 845 786 725
4 3.2500000000e+02 6.7500000000e+02 800 861 860 799 785 846 787 726
4 3.7500000000e+02 6.7500000000e+02 801 862 861 800 786 847 788 727
4 4.2500000000e+02 6.7500000000e+02 802 863 862 801 787 848 789 728
4 4.7500000000e+02 6.7500000000e+02 803 864 863 802 788 849 790 729
4 5.2500000000e+02 6.7500000000e+02 804 865 864 803 789 850 791 730
4 5.7500000000e+02 6.7500000000e+02 805 866 865 804 790 851 792 731
4 6.2500000000e+02 6.7500000000e+02 806 867 866 805 791 852 793 732
4 6.7500000000e+02 6.7500000000e+02 807 868 867 806 792 853 794 733
4 7.2500000000e+02 6.7500000000e+02 808 869 868 807 793 854 795 734
4 7.7500000000e+02 6.7500000000e+02 809 870 869 808 794 855 796 735
4 8.2500000000e+02 6.7500000000e+02 810 871 870 809 795 856 797 736
4 8.7500000000e+02 6.7500000000e+02 811 872 871 810 796 857 798 737
4 9.2500000000e+02 6.7500000000e+02 812 873 872 811 797 858 799 738
4 9.7500000000e+02 6.7500000000e+02 813 874 873 812 798 859 800 739
4 1.0250000000e+03 6.7500000000e+02 814 875 874 813 799 860 801 740
4 1.0750000000e+03 6.7500000000e+02 815 876 875 814 800 861 802 741
4 1.1250000000e+03 6.7500000000e+02 816 877 876 815 801 862 803 742
4 1.1750000000e+03 6.7500000000e+02 817 878 877 816 802 863 804 743
4 1.2250000000e+03 6.7500000000e+02 818 879 878 817 803 864 805 744
4 1.2750000000e+03 6.7500000000e+02 819 880 879 818 804 865 806 745
4 1.3250000000e+03 6.7500000000e+02 820 881 880 819 805 866 807 746
4 1.3750000000e+03 6.7500000000e+02 821 882 881 820 806 867 808 747
4 1.4250000000e+03 6.7500000000e+02 822 883 882 821 807 868 809 748
4 1.4750000000e+03 6.7500000000e+02 823 884 883 822 808 869 810 749
4 1.5250000000e+03 6.7500000000e+02 824 885 884 823 809 870 811 750
4 1.5750000000e+03 6.7500000000e+02 825 886 885 824 810 871 812 751
4 1.6250000000e+03 6.7500000000e+02 826 887 886 825 811 872 813 752
4 1.6750000000e+03 6.7500000000e+02 827 888 887 826 812 873 814 753
4 1.7250000000e+03 6.7500000000e+02 828 889 888 827 813 874 815 754
4 1.7750000000e+03 6.7500000000e+02 829 890 889 828 814 875 816 755
4 1.8250000000e+03 6.7500000000e+02 830 891 890 829 815 876 817 756
4 1.8750000000e+03 6.7500000000e+02 831 892 891 830 816 877 818 757
4 1.9250000000e+03 6.7500000000e+02 832 893 892 831 817 878 819 758
4 1.9750000000e+03 6.7500000000e+02 833 894 893 832 818 879 820 759
4 2.0250000000e+03 6.7500000000e+02 834 895 894 833 819 880 821 760
4 2.0750000000e+03 6.7500000000e+02 835 896 895 834 820 881 822 761
4 2.1250000000e+03 6.7500000000e+02 836 897 896 835 821 882 823 762
4 2.1750000000e+03 6.7500000000e+02 837 898 897 836 822 883 824 763
4 2.2250000000e+03 6.7500000000e+02 838 899 898 837 823 884 825 764
4 2.2750000000e+03 6.7500000000e+02 839 900 899 838 824 885 826 765
4 2.3250000000e+03 6.7500000000e+02 840 901 900 839 825 886 827 766
4 2.3750000000e+03 6.7500000000e+02 841 902 901 840 826 887 828 767
4 2.4250000000e+03 6.7500000000e+02 842 903 902 841 827 888 829 768
4 2.4750000000e+03 6.7500000000e+02 843 904 903 842 828 889 830 769
4 2.5250000000e+03 6.7500000000e+02 844 905 904 843 829 890 831 770
4 2.5750000000e+03 6.7500000000e+02 845 906 905 844 830 891 832 771
4 2.6250000000e+03 6.7500000000e+02 846 907 906 845 831 892 833 772
4 2.6750000000e+03 6.7500000000e+02 847 908 907 846 832 893 834 773
4 2.7250000000e+03 6.7500000000e+02 848 909 908 847 833 894 835 774
4 2.7750000000e+03 6.7500000000e+02 849 910 909 848 834 895 836 775
4 2.8250000000e+03 6.7500000000e+02 850 911 910 849 835 896 837 776
4 2.8750000000e+03 6.7500000000e+02 851 912 911 850 836 897 838 777
4 2.9250000000e+03 6.7500000000e+02 852 913 912 851 837 898 839 778
4 2.9750000000e+03 6.7500000000e+02 853 914 913 852 838 899 -1 779
4 2.5000000000e+01 7.2500000000e+02 855 916 915 854 -1 900 841 780
4 7.5000000000e+01 7.2500000000e+02 856 917 916 855 840 901 842 781
4 1.2500000000e+02 7.2500000000e+02 857 918 917 856 841 902 843 782
4 1.7500000000e+02 7.2500000000e+02 858 919 918 857 842 903 844 783
4 2.2500000000e+02 7.2500000000e+02 859 920 919 858 843 904 845 784
4 2.7500000000e+02 7.2500000000e+02 860 921 920 859 844 905 846 785
4 3.2500000000e+02 7.2500000000e+02 861 922 921 860 845 906 847 786
4 3.7500000000e+02 7.2500000000e+02 862 923 922 861 846 907 848 787
4 4.2500000000e+02 7.2500000000e+02 863 924 923 862 847 908 849 788
4 4.7500000000e+02 7.2500000000e+02 864 925 924 863 848 909 850 789
4 5.2500000000e+02 7.2500000000e+02 865 926 925 864 849 910 851 790
4 5.7500000000e+02 7.2500000000e+02 866 927 926 865 850 911 852 791
4 6.2500000000e+02 7.2500000000e+02 867 928 927 866 851 912 853 792
4 6.7500000000e+02 7.2500000000e+02 868 929 928 867 852 913 854 793
4 7.2500000000e+02 7.2500000000e+02 869 930 929 868 853 914 855 794
4 7.7500000000e+02 7.2500000000e+02 870 931 930 869 854 915 856 795
4 8.2500000000e+02 7.2500000000e+02 871 932 931 870 855 916 857 796
4 8.7500000000e+02 7.2500000000e+02 872 933 932 871 856 917 858 797
4 9.2500000000e+02 7.2500000000e+02 873 934 933 872 857 918 859 798
4 9.7500000000e+02 7.2500000000e+02 874 935 934 873 858 919 860 799
4 1.0250000000e+03 7.2500000000e+02 875 936 935 874 859 920 861 800
4 1.0750000000e+03 7.2500000000e+02 876 937 936 875 860 921 862 801
4 1.1250000000e+03 7.2500000000e+02 877 938 937 876 861 922 863 802
4 1.1750000000e+03 7.2500000000e+02 878 939 938 877 862 923 864 803
4 1.2250000000e+03 7.2500000000e+02 879 940 939 878 863 924 865 804
4 1.2750000000e+03 7.2500000000e+02 880 941 940 879 864 925 866 805
4 1.3250000000e+03 7.2500000000e+02 881 942 941 880 865 926 867 806
4 1.3750000000e+03 7.2500000000e+02 882 943 942 881 866 927 868 807
4 1.4250000000e+03 7.2500000000e+02 883 944 943 882 867 928 869 808
4 1.4750000000e+03 7.2500000000e+02 884 945 944 883 868 929 870 809
4 1.5250000000e+03 7.2500000000e+02 885 946 945 884 869 930 871 810
4 1.5750000000e+03 7.2500000000e+02 886 947 946 885 870 931 872 811
4 1.6250000000e+03 7.2500000000e+02 887 948 947 886 871 932 873 812
4 1.6750000000e+03 7.2500000000e+02 888 949 948 887 872 933 874 813
4 1.7250000000e+03 7.2500000000e+02 889 950 949 888 873 934 875 814
4 1.7750000000e+03 7.2500000000e+02 890 951 950 889 874 935 876 815
4 1.8250000000e+03 7.2500000000e+02 891 952 951 890 875 936 877 816
4 1.8750000000e+03 7.2500000000e+02 892 953 952 891 876 937 878 817
4 1.9250000000e+03 7.2500000000e+02 893 954 953 892 877 938 879 818
4 1.9750000000e+03 7.2500000000e+02 894 955 954 893 878 939 880 819
4 2.0250000000e+03 7.2500000000e+02 895 956 955 894 879 940 881 820
4 2.0750000000e+03 7.2500000000e+02 896 957 956 895 880 941 882 821
4 2.1250000000e+03 7.2500000000e+02 897 958 957 896 881 942 883 822
4 2.1750000000e+03 7.2500000000e+02 898 959 958 897 882 943 884 823
4 2.2250000000e+03 7.2500000000e+02 899 960 959 898 883 944 885 824
4 2.2750000000e+03 7.2500000000e+02 900 961 960 899 884 945 886 825
4 2.3250000000e+03 7.2500000000e+02 901 962 961 900 885 946 887 826
4 2.3750000000e+03 7.2500000000e+02 902 963 962 901 886 947 888 827
4 2.4250000000e+03 7.2500000000e+02 903 964 963 902 887 948 889 828
4 2.4750000000e+03 7.2500000000e+02 904 965 964 903 888 949 890 829
4 2.5250000000e+03 7.2500000000e+02 905 966 965 904 889 950 891 830
4 2.5750000000e+03 7.2500000000e+02 906 967 966 905 890 951 892 831
4 2.6250000000e+03 7.2500000000e+02 907 968 967 906 891 952 893 832
4 2.6750000000e+03 7.2500000000e+02 908 969 968 907 892 953 894 833
4 2.7250000000e+03 7.2500000000e+02 909 970 969 908 893 954 895 834
4 2.7750000000e+03 7.2500000000e+02 910 971 970 909 894 955 896 835
4 2.8250000000e+03 7.2500000000e+02 911 972 971 910 895 956 897 836
4 2.8750000000e+03 7.2500000000e+02 912 973 972 911 896 957 898 837
4 2.9250000000e+03 7.2500000000e+02 913 974 973 912 897 958 899 838
4 2.9750000000e+03 7.2500000000e+02 914 975 974 913 898 959 -1 839
4 2.5000000000e+01 7.7500000000e+02 916 977 976 915 -1 960 901 840
4 7.5000000000e+01 7.7500000000e+02 917 978 977 916 900 961 902 841
4 1.2500000000e+02 7.7500000000e+02 918 979 978 917 901 962 903 842
4 1.7500000000e+02 7.7500000000e+02 919 980 979 918 902 963 904 843
4 2.2500000000e+02 7.7500000000e+02 920 981 980 919 903 964 905 844
4 2.7500000000e+02 7.7500000000e+02 921 982 981 920 904 965 906 845
4 3.2500000000e+02 7.7500000000e+02 922 983 982 921 905 966 907 846
4 3.7500000000e+02 7.7500000000e+02 923 984 983 922 906 967 908 847
4 4.2500000000e+02 7.7500000000e+02 924 985 984 923 907 968 909 848
4 4.7500000000e+02 7.7500000000e+02 925 986 985 924 908 969 910 849
4 5.2500000000e+02 7.7500000000e+02 926 987 986 925 909 970 911 850
4 5.7500000000e+02 7.7500000000e+02 927 988 987 926 910 971 912 851
4 6.2500000000e+02 7.7500000000e+02 928 989 988 927 911 972 913 852
4 6.7500000000e+02 7.7500000000e+02 929 990 989 928 912 973 914 853
4 7.2500000000e+02 7.7500000000e+02 930 991 990 929 913 974 915 854
4 7.7500000000e+02 7.7500000000e+02 931 992 991 930 914 975 916 855
4 8.2500000000e+02 7.7500000000e+02 932 993 992 931 915 976 917 856
4 8.7500000000e+02 7.7500000000e+02 933 994 993 932 916 977 918 857
4 9.2500000000e+02 7.7500000000e+02 934 995 994 933 917 978 919 858
4 9.7500000000e+02 7.7500000000e+02 935 996 995 934 918 979 920 859
4 1.0250000000e+03 7.7500000000e+02 936 997 996 935 919 980 921 860
4 1.0750000000e+03 7.7500000000e+02 937 998 997 936 920 981 922 861
4 1.1250000000e+03 7.7500000000e+02 938 999 998 937 921 982 923 862
4 1.1750000000e+03 7.7500000000e+02 939 1000 999 938 922 983 924 863
4 1.2250000000e+03 7.7500000000e+02 940 1001 1000 939 923 984 925 864
4 1.2750000000e+03 7.7500000000e+02 941 1002 1001 940 924 985 926 865
4 1.3250000000e+03 7.7500000000e+02 942 1003 1002 941 925 986 927 866
4 1.3750000000e+03 7.7500000000e+02 943 1004 1003 942 926 987 928 867
4 1.4250000000e+03 7.7500000000e+02 944 1005 1004 943 927 988 929 868
4 1.4750000000e+03 7.7500000000e+02 945 1006 1005 944 928 989 930 869
4 1.5250000000e+03 7.7500000000e+02 946 1007 1006 945 929 990 931 870
4 1.5750000000e+03 7.7500000000e+02 947 1008 1007 946 930 991 932 871
4 1.6250000000e+03 7.7500000000e+02 948 1009 1008 947 931 992 933 872
4 1.6750000000e+03 7.7500000000e+02 949 1010 1009 948 932 993 934 873
4 1.7250000000e+03 7.7500000000e+02 950 1011 1010 949 933 994 935 874
4 1.7750000000e+03 7.7500000000e+02 951 1012 1011 950 934 995 936 875
4 1.8250000000e+03 7.7500000000e+02 952 1013 1012 951 935 996 937 876
4 1.8750000000e+03 7.7500000000e+02 953 1014 1013 952 936 997 938 877
4 1.9250000000e+03 7.7500000000e+02 954 1015 1014 953 937 998 939 878
4 1.9750000000e+03 7.7500000000e+02 955 1016 1015 954 938 999 940 879
4 2.0250000000e+03 7.7500000000e+02 956 1017 1016 955 939 1000 941 880
4 2.0750000000e+03 7.7500000000e+02 957 1018 1017 956 940 1001 942 881
4 2.1250000000e+03 7.7500000000e+02 958 1019 1018 957 941 1002 943 882
4 2.1750000000e+03 7.7500000000e+02 959 1020 1019 958 942 1003 944 883
4 2.2250000000e+03 7.7500000000e+02 960 1021 1020 959 943 1004 945 884
4 2.2750000000e+03 7.7500000000e+02 961 1022 1021 960 944 1005 946 885
4 2.3250000000e+03 7.7500000000e+02 962 1023 1022 961 945 1006 947 886
4 2.3750000000e+03 7.7500000000e+02 963 1024 1023 962 946 1007 948 887
4 2.4250000000e+03 7.7500000000e+02 964 1025 1024 963 947 1008 949 888
4 2.4750000000e+03 7.7500000000e+02 965 1026 1025 964 948 1009 950 889
4 2.5250000000e+03 7.7500000000e+02 966 1027 1026 965 949 1010 951 890
4 2.5750000000e+03 7.7500000000e+02 967 1028 1027 966 950 1011 952 891
4 2.6250000000e+03 7.7500000000e+02 968 1029 1028 967 951 1012 953 892
4 2.6750000000e+03 7.7500000000e+02 969 1030 1029 968 952 1013 954 893
4 2.7250000000e+03 7.7500000000e+02 970 1031 1030 969 953 1014 955 894
4 2.7750000000e+03 7.7500000000e+02 971 1032 1031 970 954 1015 956 895
4 2.8250000000e+03 7.7500000000e+02 972 1033 1032 971 955 1016 957 896
4 2.8750000000e+03 7.7500000000e+02 973 1034 1033 972 956 1017 958 897
4 2.9250000000e+03 7.7500000000e+02 974 1035 1034 973 957 1018 959 898
4 2.9750000000e+03 7.7500000000e+02 975 1036 1035 974 958 1019 -1 899
4 2.5000000000e+01 8.2500000000e+02 977 1038 1037 976 -1 1020 961 900
4 7.5000000000e+01 8.2500000000e+02 978 1039 1038 977 960 1021 962 901
4 1.2500000000e+02 8.2500000000e+02 979 1040 1039 978 961 1022 963 902
4 1.7500000000e+02 8.2500000000e+02 980 1041 1040 979 962 1023 964 903
4 2.2500000000e+02 8.2500000000e+02 981 1042 1041 980 963 1024 965 904
4 2.7500000000e+02 8.2500000000e+02 982 1043 1042 981 964 1025 966 905
4 3.2500000000e+02 8.2500000000e+02 983 1044 1043 982 965 1026 967 906
4 3.7500000000e+02 8.2500000000e+02 984 1045 1044 983 966 1027 968 907
4 4.2500000000e+02 8.2500000000e+02 985 1046 1045 984 967 1028 969 908
4 4.7500000000e+02 8.2500000000e+02 986 1047 1046 985 968 1029 970 909
4 5.2500000000e+02 8.2500000000e+02 987 1048 1047 986 969 1030 971 910
4 5.7500000000e+02 8.2500000000e+02 988 1049 1048 987 970 1031 972 911
4 6.2500000000e+02 8.2500000000e+02 989 1050 1049 988 971 1032 973 912
4 6.7500000000e+02 8.2500000000e+02 990 1051 1050 989 972 1033 974 913
4 7.2500000000e+02 8.2500000000e+02 991 1052 1051 990 973 1034 975 914
4 7.7500000000e+02 8.2500000000e+02 992 1053 1052 991 974 1035 976 915
4 8.2500000000e+02 8.2500000000e+02 993 1054 1053 992 975 1036 977 916
4 8.7500000000e+02 8.2500000000e+02 994 1055 1054 993 976 1037 978 917
4 9.2500000000e+02 8.2500000000e+02 995 1056 1055 994 977 1038 979 918
4 9.7500000000e+02 8.2500000000e+02 996 1057 1056 995 978 1039 980 919
4 1.0250000000e+03 8.2500000000e+02 997 1058 1057 996 979 1040 981 920
4 1.0750000000e+03 8.2500000000e+02 998 1059 1058 997 980 1041 982 921
4 1.1250000000e+03 8.2500000000e+02 999 1060 1059 998 981 1042 983 922
4 1.1750000000e+03 8.2500000000e+02 1000 1061 1060 999 982 1043 984 923
4 1.2250000000e+03 8.2500000000e+02 1001 1062 1061 1000 983 1044 985 924
4 1.2750000000e+03 8.2500000000e+02 1002 1063 1062 1001 984 1045 986 925
4 1.3250000000e+03 8.2500000000e+02 1003 1064 1063 1002 985 1046 987 926
4 1.3750000000e+03 8.2500000000e+02 1004 1065 1064 1003 986 1047 988 927
4 1.4250000000e+03 8.2500000000e+02 1005 1066 1065 1004 987 1048 989 928
4 1.4750000000e+03 8.2500000000e+02 1006 1067 1066 1005 988 1049 990 929
4 1.5250000000e+03 8.2500000000e+02 1007 1068 1067 1006 989 1050 991 930
4 1.5750000000e+03 8.2500000000e+02 1008 1069 1068 1007 990 1051 992 931
4 1.6250000000e+03 8.2500000000e+02 1009 1070 1069 1008 991 1052 993 932
4 1.6750000000e+03 8.2500000000e+02 1010 1071 1070 1009 992 1053 994 933
4 1.7250000000e+03 8.2500000000e+02 1011 1072 1071 1010 993 1054 995 934
4 1.7750000000e+03 8.2500000000e+02 1012 1073 1072 1011 994 1055 996 935
4 1.8250000000e+03 8.2500000000e+02 1013 1074 1073 1012 995 1056 997 936
4 1.8750000000e+03 8.2500000000e+02 1014 1075 1074 1013 996 1057 998 937
4 1.9250000000e+03 8.2500000000e+02 1015 1076 1075 1014 997 1058 999 938
4 1.9750000000e+03 8.2500000000e+02 1016 1077 1076 1015 998 1059 1000 939
4 2.0250000000e+03 8.2500000000e+02 1017 1078 1077 1016 999 1060 1001 940
4 2.0750000000e+03 8.2500000000e+02 1018 1079 1078 1017 1000 1061 1002 941
4 2.1250000000e+03 8.2500000000e+02 1019 1080 1079 1018 1001 1062 1003 942
4 2.1750000000e+03 8.2500000000e+02 1020 1081 1080 1019 1002 1063 1004 943
4 2.2250000000e+03 8.2500000000e+02 1021 1082 1081 1020 1003 1064 1005 944
4 2.2750000000e+03 8.2500000000e+02 1022 1083 1082 1021 1004 1065 1006 945
4 2.3250000000e+03 8.2500000000e+02 1023 1084 1083 1022 1005 1066 1007 946
4 2.3750000000e+03 8.2500000000e+02 1024 1085 1084 1023 1006 1067 1008 947
4 2.4250000000e+03 8.2500000000e+02 1025 1086 1085 1024 1007 1068 1009 948
4 2.4750000000e+03 8.2500000000e+02 1026 1087 1086 1025 1008 1069 1010 949
4 2.5250000000e+03 8.2500000000e+02 1027 1088 1087 1026 1009 1070 1011 950
4 2.5750000000e+03 8.2500000000e+02 1028 1089 1088 1027 1010 1071 1012 951
4 2.6250000000e+03 8.2500000000e+02 1029 1090 1089 1028 1011 1072 1013 952
4 2.6750000000e+03 8.2500000000e+02 1030 1091 1090 1029 1012 1073 1014 953
4 2.7250000000e+03 8.2500000000e+02 1031 1092 1091 1030 1013 1074 1015 954
4 2.7750000000e+03 8.2500000000e+02 1032 1093 1092 1031 1014 1075 1016 955
4 2.8250000000e+03 8.2500000000e+02 1033 1094 1093 1032 1015 1076 1017 956
4 2.8750000000e+03 8.2500000000e+02 1034 1095 1094 1033 1016 1077 1018 957
4 2.9250000000e+03 8.2500000000e+02 1035 1096 1095 1034 1017 1078 1019 958
4 2.9750000000e+03 8.2500000000e+02 1036 1097 1096 1035 1018 1079 -1 959
4 2.5000000000e+01 8.7500000000e+02 1038 1099 1098 1037 -1 1080 1021 960
4 7.5000000000e+01 8.7500000000e+02 1039 1100 1099 1038 1020 1081 1022 961
4 1.2500000000e+02 8.7500000000e+02 1040 1101 1100 1039 1021 1082 1023 962
4 1.7500000000e+02 8.7500000000e+02 1041 1102 1101 1040 1022 1083 1024 963
4 2.2500000000e+02 8.7500000000e+02 1042 1103 1102 1041 1023 1084 1025 964
4 2.7500000000e+02 8.7500000000e+02 1043 1104 1103 1042 1024 1085 1026 965
4 3.2500000000e+02 8.7500000000e+02 1044 1105 1104 1043 1025 1086 1027 966
4 3.7500000000e+02 8.7500000000e+02 1045 1106 1105 1044 1026 1087 1028 967
4 4.2500000000e+02 8.7500000000e+02 1046 1107 1106 1045 1027 1088 1029 968
4 4.7500000000e+02 8.7500000000e+02 1047 1108 1107 1046 1028 1089 1030 969
4 5.2500000000e+02 8.7500000000e+02 1048 1109 1108 1047 1029 1090 1031 970
4 5.7500000000e+02 8.7500000000e+02 1049 1110 1109 1048 1030 1091 1032 971
4 6.2500000000e+02 8.7500000000e+02 1050 1111 1110 1049 1031 1092 1033 972
4 6.7500000000e+02 8.7500000000e+02 1051 1112 1111 1050 1032 1093 1034 973
4 7.2500000000e+02 8.7500000000e+02 1052 1113 1112 1051 1033 1094 1035 974
4 7.7500000000e+02 8.7500000000e+02 1053 1114 1113 1052 1034 1095 1036 975
4 8.2500000000e+02 8.7500000000e+02 1054 1115 1114 1053 1035 1096 1037 976
4 8.7500000000e+02 8.7500000000e+02 1055 1116 1115 1054 1036 1097 1038 977
4 9.2500000000e+02 8.7500000000e+02 1056 1117 1116 1055 1037 1098 1039 978
4 9.7500000000e+02 8.7500000000e+02 1057 1118 1117 1056 1038 1099 1040 979
4 1.0250000000e+03 8.7500000000e+02 1058 1119 1118 1057 1039 1100 1041 980
4 1.0750000000e+03 8.7500000000e+02 1059 1120 1119 1058 1040 1101 1042 981
4 1.1250000000e+03 8.7500000000e+02 1060 1121 1120 1059 1041 1102 1043 982
4 1.1750000000e+03 8.7500000000e+02 1061 1122 1121 1060 1042 1103 1044 983
4 1.2250000000e+03 8.7500000000e+02 1062 1123 1122 1061 1043 1104 1045 984
4 1.2750000000e+03 8.7500000000e+02 1063 1124 1123 1062 1044 1105 1046 985
4 1.3250000000e+03 8.7500000000e+02 1064 1125 1124 1063 1045 1106 1047 986
4 1.3750000000e+03 8.7500000000e+02 1065 1126 1125 1064 1046 1107 1048 987
4 1.4250000000e+03 8.7500000000e+02 1066 1127 1126 1065 1047 1108 1049 988
4 1.4750000000e+03 8.7500000000e+02 1067 1128 1127 1066 1048 1109 1050 989
4 1.5250000000e+03 8.7500000000e+02 1068 1129 1128 1067 1049 1110 1051 990
4 1.5750000000e+03 8.7500000000e+02 1069 1130 1129 1068 1050 1111 1052 991
4 1.6250000000e+03 8.7500000000e+02 1070 1131 1130 1069 1051 1112 1053 992
4 1.6750000000e+03 8.7500000000e+02 1071 1132 1131 1070 1052 1113 1054 993
4 1.7250000000e+03 8.7500000000e+02 1072 1133 1132 1071 1053 1114 1055 994
4 1.7750000000e+03 8.7500000000e+02 1073 1134 1133 1072 1054 1115 1056 995
4 1.8250000000e+03 8.7500000000e+02 1074 1135 1134 1073 1055 1116 1057 996
4 1.8750000000e+03 8.7500000000e+02 1075 1136 1135 1074 1056 1117 1058 997
4 1.9250000000e+03 8.7500000000e+02 1076 1137 1136 1075 1057 1118 1059 998
4 1.9750000000e+03 8.7500000000e+02 1077 1138 1137 1076 1058 1119 1060 999
4 2.0250000000e+03 8.7500000000e+02 1078 1139 1138 1077 1059 1120 1061 1000
4 2.0750000000e+03 8.7500000000e+02 1079 1140 1139 1078 1060 1121 1062 1001
4 2.1250000000e+03 8.7500000000e+02 1080 1141 1140 1079 1061 1122 1063 1002
4 2.1750000000e+03 8.7500000000e+02 1081 1142 1141 1080 1062 1123 1064 1003
4 2.2250000000e+03 8.7500000000e+02 1082 1143 1142 1081 1063 1124 1065 1004
4 2.2750000000e+03 8.7500000000e+02 1083 1144 1143 1082 1064 1125 1066 1005
4 2.3250000000e+03 8.7500000000e+02 1084 1145 1144 1083 1065 1126 1067 1006
4 2.3750000000e+03 8.7500000000e+02 1085 1146 1145 1084 1066 1127 1068 1007
4 2.4250000000e+03 8.7500000000e+02 1086 1147 1146 1085 1067 1128 1069 1008
4 2.4750000000e+03 8.7500000000e+02 1087 1148 1147 1086 1068 1129 1070 1009
4 2.5250000000e+03 8.7500000000e+02 1088 1149 1148 1087 1069 1130 1071 1010
4 2.5750000000e+03 8.7500000000e+02 1089 1150 1149 1088 1070 1131 1072 1011
4 2.6250000000e+03 8.7500000000e+02 1090 1151 1150 1089 1071 1132 1073 1012
4 2.6750000000e+03 8.7500000000e+02 1091 1152 1151 1090 1072 1133 1074 1013
4 2.7250000000e+03 8.7500000000e+02 1092 1153 1152 1091 1073 1134 1075 1014
4 2.7750000000e+03 8.7500000000e+02 1093 1154 1153 1092 1074 1135 1076 1015
4 2.8250000000e+03 8.7500000000e+02 1094 1155 1154 1093 1075 1136 1077 1016
4 2.8750000000e+03 8.7500000000e+02 1095 1156 1155 1094 1076 1137 1078 1017
4 2.9250000000e+03 8.7500000000e+02 1096 1157 1156 1095 1077 1138 1079 1018
4 2.9750000000e+03 8.7500000000e+02 1097 1158 1157 1096 1078 1139 -1 1019
4 2.5000000000e+01 9.2500000000e+02 1099 1160 1159 1098 -1 1140 1081 1020
4 7.5000000000e+01 9.2500000000e+02 1100 1161 1160 1099 1080 1141 1082 1021
4 1.2500000000e+02 9.2500000000e+02 1101 1162 1161 1100 1081 1142 1083 1022
4 1.7500000000e+02 9.2500000000e+02 1102 1163 1162 1101 1082 1143 1084 1023
4 2.2500000000e+02 9.2500000000e+02 1103 1164 1163 1102 1083 1144 1085 1024
4 2.7500000000e+02 9.2500000000e+02 1104 1165 1164 1103 1084 1145 1086 1025
4 3.2500000000e+02 9.2500000000e+02 1105 1166 1165 1104 1085 1146 1087 1026
4 3.7500000000e+02 9.2500000000e+02 1106 1167 1166 1105 1086 1147 1088 1027
4 4.2500000000e+02 9.2500000000e+02 1107 1168 1167 1106 1087 1148 1089 1028
4 4.7500000000e+02 9.2500000000e+02 1108 1169 1168 1107 1088 1149 1090 1029
4 5.2500000000e+02 9.2500000000e+02 1109 1170 1169 1108 1089 1150 1091 1030
4 5.7500000000e+02 9.2500000000e+02 1110 1171 1170 1109 1090 1151 1092 1031
4 6.2500000000e+02 9.2500000000e+02 1111 1172 1171 1110 1091 1152 1093 1032
4 6.7500000000e+02 9.2500000000e+02 1112 1173 1172 1111 1092 1153 1094 1033
4 7.2500000000e+02 9.2500000000e+02 1113 1174 1173 1112 1093 1154 1095 1034
4 7.7500000000e+02 9.2500000000e+02 1114 1175 1174 1113 1094 1155 1096 1035
4 8.2500000000e+02 9.2500000000e+02 1115 1176 1175 1114 1095 1156 1097 1036
4 8.7500000000e+02 9.2500000000e+02 1116 1177 1176 1115 1096 1157 1098 1037
4 9.2500000000e+02 9.2500000000e+02 1117 1178 1177 1116 1097 1158 1099 1038
4 9.7500000000e+02 9.2500000000e+02 1118 1179 1178 1117 1098 1159 1100 1039
4 1.0250000000e+03 9.2500000000e+02 1119 1180 1179 1118 1099 1160 1101 1040
4 1.0750000000e+03 9.2500000000e+02 1120 1181 1180 1119 1100 1161 1102 1041
4 1.1250000000e+03 9.2500000000e+02 1121 1182 1181 1120 1101 1162 1103 1042
4 1.1750000000e+03 9.2500000000e+02 1122 1183 1182 1121 1102 1163 1104 1043
4 1.2250000000e+03 9.2500000000e+02 1123 1184 1183 1122 1103 1164 1105 1044
4 1.2750000000e+03 9.2500000000e+02 1124 1185 1184 1123 1104 1165 1106 1045
4 1.3250000000e+03 9.2500000000e+02 1125 1186 1185 1124 1105 1166 1107 1046
4 1.3750000000e+03 9.2500000000e+02 1126 1187 1186 1125 1106 1167 1108 1047
4 1.4250000000e+03 9.2500000000e+02 1127 1188 1187 1126 1107 1168 1109 1048
4 1.4750000000e+03 9.2500000000e+02 1128 1189 1188 1127 1108 1169 1110 1049
4 1.5250000000e+03 9.2500000000e+02 1129 1190 1189 1128 1109 1170 1111 1050
4 1.5750000000e+03 9.2500000000e+02 1130 1191 1190 1129 1110 1171 1112 1051
4 1.6250000000e+03 9.2500000000e+02 1131 1192 1191 1130 1111 1172 1113 1052
4 1.6750000000e+03 9.2500000000e+02 1132 1193 1192 1131 1112 1173 1114 1053
4 1.7250000000e+03 9.2500000000e+02 1133 1194 1193 1132 1113 1174 1115 1054
4 1.7750000000e+03 9.2500000000e+02 1134 1195 1194 1133 1114 1175 1116 1055
4 1.8250000000e+03 9.2500000000e+02 1135 1196 1195 1134 1115 1176 1117 1056
4 1.8750000000e+03 9.2500000000e+02 1136 1197 1196 1135 1116 1177 1118 1057
4 1.9250000000e+03 9.2500000000e+02 1137 1198 1197 1136 1117 1178 1119 1058
4 1.9750000000e+03 9.2500000000e+02 1138 1199 1198 1137 1118 1179 1120 1059
4 2.0250000000e+03 9.2500000000e+02 1139 1200 1199 1138 1119 1180 1121 1060
4 2.0750000000e+03 9.2500000000e+02 1140 1201 1200 1139 1120 1181 1122 1061
4 2.1250000000e+03 9.2500000000e+02 1141 1202 1201 1140 1121 1182 1123 1062
4 2.1750000000e+03 9.2500000000e+02 1142 1203 1202 1141 1122 1183 1124 1063
4 2.2250000000e+03 9.2500000000e+02 1143 1204 1203 1142 1123 1184 1125 1064
4 2.2750000000e+03 9.2500000000e+02 1144 1205 1204 1143 1124 1185 1126 1065
4 2.3250000000e+03 9.2500000000e+02 1145 1206 1205 1144 1125 1186 1127 1066
4 2.3750000000e+03 9.2500000000e+02 1146 1207 1206 1145 1126 1187 1128 1067
4 2.4250000000e+03 9.2500000000e+02 1147 1208 1207 1146 1127 1188 1129 1068
4 2.4750000000e+03 9.2500000000e+02 1148 1209 1208 1147 1128 1189 1130 1069
4 2.5250000000e+03 9.2500000000e+02 1149 1210 1209 1148 1129 1190 1131 1070
4 2.5750000000e+03 9.2500000000e+02 1150 1211 1210 1149 1130 1191 1132 1071
4 2.6250000000e+03 9.2500000000e+02 1151 1212 1211 1150 1131 1192 1133 1072
4 2.6750000000e+03 9.2500000000e+02 1152 1213 1212 1151 1132 1193 1134 1073
4 2.7250000000e+03 9.2500000000e+02 1153 1214 1213 1152 1133 1194 1135 1074
4 2.7750000000e+03 9.2500000000e+02 1154 1215 1214 1153 1134 1195 1136 1075
4 2.8250000000e+03 9.2500000000e+02 1155 1216 1215 1154 1135 1196 1137 1076
4 2.8750000000e+03 9.2500000000e+02 1156 1217 1216 1155 1136 1197 1138 1077
4 2.9250000000e+03 9.2500000000e+02 1157 1218 1217 1156 1137 1198 1139 1078
4 2.9750000000e+03 9.2500000000e+02 1158 1219 1218 1157 1138 1199 -1 1079
4 2.5000000000e+01 9.7500000000e+02 1160 1221 1220 1159 -1 -1 1141 1080
4 7.5000000000e+01 9.7500000000e+02 1161 1222 1221 1160 1140 -1 1142 1081
4 1.2500000000e+02 9.7500000000e+02 1162 1223 1222 1161 1141 -1 1143 1082
4 1.7500000000e+02 9.7500000000e+02 1163 1224 1223 1162 1142 -1 1144 1083
4 2.2500000000e+02 9.7500000000e+02 1164 1225 1224 1163 1143 -1 1145 1084
4 2.7500000000e+02 9.7500000000e+02 1165 1226 1225 1164 1144 -1 1146 1085
4 3.2500000000e+02 9.7500000000e+02 1166 1227 1226 1165 1145 -1 1147 1086
4 3.7500000000e+02 9.7500000000e+02 1167 1228 1227 1166 1146 -1 1148 1087
4 4.2500000000e+02 9.7500000000e+02 1168 1229 1228 1167 1147 -1 1149 1088
4 4.7500000000e+02 9.7500000000e+02 1169 1230 1229 1168 1148 -1 1150 1089
4 5.2500000000e+02 9.7500000000e+02 1170 1231 1230 1169 1149 -1 1151 1090
4 5.7500000000e+02 9.7500000000e+02 1171 1232 1231 1170 1150 -1 1152 1091
4 6.2500000000e+02 9.7500000000e+02 1172 1233 1232 1171 1151 -1 1153 1092
4 6.7500000000e+02 9.7500000000e+02 1173 1234 1233 1172 1152 -1 1154 1093
4 7.2500000000e+02 9.7500000000e+02 1174 1235 1234 1173 1153 -1 1155 1094
4 7.7500000000e+02 9.7500000000e+02 1175 1236 1235 1174 1154 -1 1156 1095
4 8.2500000000e+02 9.7500000000e+02 1176 1237 1236 1175 1155 -1 1157 1096
4 8.7500000000e+02 9.7500000000e+02 1177 1238 1237 1176 1156 -1 1158 1097
4 9.2500000000e+02 9.7500000000e+02 1178 1239 1238 1177 1157 -1 1159 1098
4 9.7500000000e+02 9.7500000000e+02 1179 1240 1239 1178 1158 -1 1160 1099
4 1.0250000000e+03 9.7500000000e+02 1180 1241 1240 1179 1159 -1 1161 1100
4 1.0750000000e+03 9.7500000000e+02 1181 1242 1241 1180 1160 -1 1162 1101
4 1.1250000000e+03 9.7500000000e+02 1182 1243 1242 1181 1161 -1 1163 1102
4 1.1750000000e+03 9.7500000000e+02 1183 1244 1243 1182 1162 -1 1164 1103
4 1.2250000000e+03 9.7500000000e+02 1184 1245 1244 1183 1163 -1 1165 1104
4 1.2750000000e+03 9.7500000000e+02 1185 1246 1245 1184 1164 -1 1166 1105
4 1.3250000000e+03 9.7500000000e+02 1186 1247 1246 1185 1165 -1 1167 1106
4 1.3750000000e+03 9.7500000000e+02 1187 1248 1247 1186 1166 -1 1168 1107
4 1.4250000000e+03 9.7500000000e+02 1188 1249 1248 1187 1167 -1 1169 1108
4 1.4750000000e+03 9.7500000000e+02 1189 1250 1249 1188 1168 -1 1170 1109
4 1.5250000000e+03 9.7500000000e+02 1190 1251 1250 1189 1169 -1 1171 1110
4 1.5750000000e+03 9.7500000000e+02 1191 1252 1251 1190 1170 -1 1172 1111
4 1.6250000000e+03 9.7500000000e+02 1192 1253 1252 1191 1171 -1 1173 1112
4 1.6750000000e+03 9.7500000000e+02 1193 1254 1253 1192 1172 -1 1174 1113
4 1.7250000000e+03 9.7500000000e+02 1194 1255 1254 1193 1173 -1 1175 1114
4 1.7750000000e+03 9.7500000000e+02 1195 1256 1255 1194 1174 -1 1176 1115
4 1.8250000000e+03 9.7500000000e+02 1196 1257 1256 1195 1175 -1 1177 1116
4 1.8750000000e+03 9.7500000000e+02 1197 1258 1257 1196 1176 -1 1178 1117
4 1.9250000000e+03 9.7500000000e+02 1198 1259 1258 1197 1177 -1 1179 1118
4 1.9750000000e+03 9.7500000000e+02 1199 1260 1259 1198 1178 -1 1180 1119
4 2.0250000000e+03 9.7500000000e+02 1200 1261 1260 1199 1179 -1 1181 1120
4 2.0750000000e+03 9.7500000000e+02 1201 1262 1261 1200 1180 -1 1182 1121
4 2.1250000000e+03 9.7500000000e+02 1202 1263 1262 1201 1181 -1 1183 1122
4 2.1750000000e+03 9.7500000000e+02 1203 1264 1263 1202 1182 -1 1184 1123
4 2.2250000000e+03 9.7500000000e+02 1204 1265 1264 1203 1183 -1 1185 1124
4 2.2750000000e+03 9.7500000000e+02 1205 1266 1265 1204 1184 -1 1186 1125
4 2.3250000000e+03 9.7500000000e+02 1206 1267 1266 1205 1185 -1 1187 1126
4 2.3750000000e+03 9.7500000000e+02 1207 1268 1267 1206 1186 -1 1188 1127
4 2.4250000000e+03 9.7500000000e+02 1208 1269 1268 1207 1187 -1 1189 1128
4 2.4750000000e+03 9.7500000000e+02 1209 1270 1269 1208 1188 -1 1190 1129
4 2.5250000000e+03 9.7500000000e+02 1210 1271 1270 1209 1189 -1 1191 1130
4 2.5750000000e+03 9.7500000000e+02 1211 1272 1271 1210 1190 -1 1192 1131
4 2.6250000000e+03 9.7500000000e+02 1212 1273 1272 1211 1191 -1 1193 1132
4 2.6750000000e+03 9.7500000000e+02 1213 1274 1273 1212 1192 -1 1194 1133
4 2.7250000000e+03 9.7500000000e+02 1214 1275 1274 1213 1193 -1 1195 1134
4 2.7750000000e+03 9.7500000000e+02 1215 1276 1275 1214 1194 -1 1196 1135
4 2.8250000000e+03 9.7500000000e+02 1216 1277 1276 1215 1195 -1 1197 1136
4 2.8750000000e+03 9.7500000000e+02 1217 1278 1277 1216 1196 -1 1198 1137
4 2.9250000000e+03 9.7500000000e+02 1218 1279 1278 1217 1197 -1 1199 1138
4 2.9750000000e+03 9.7500000000e+02 1219 1280 1279 1218 1198 -1 -1 1139
