0 61 1 0 -1
1 62 0 0 1
2 63 0 1 2
3 64 0 2 3
4 65 0 3 4
5 66 0 4 5
6 67 0 5 6
7 68 0 6 7
8 69 0 7 8
9 70 0 8 9
10 71 0 9 10
11 72 0 10 11
12 73 0 11 12
13 74 0 12 13
14 75 0 13 14
15 76 0 14 15
16 77 0 15 16
17 78 0 16 17
18 79 0 17 18
19 80 0 18 19
20 81 0 19 20
21 82 0 20 21
22 83 0 21 22
23 84 0 22 23
24 85 0 23 24
25 86 0 24 25
26 87 0 25 26
27 88 0 26 27
28 89 0 27 28
29 90 0 28 29
30 91 0 29 30
31 92 0 30 31
32 93 0 31 32
33 94 0 32 33
34 95 0 33 34
35 96 0 34 35
36 97 0 35 36
37 98 0 36 37
38 99 0 37 38
39 100 0 38 39
40 101 0 39 40
41 102 0 40 41
42 103 0 41 42
43 104 0 42 43
44 105 0 43 44
45 106 0 44 45
46 107 0 45 46
47 108 0 46 47
48 109 0 47 48
49 110 0 48 49
50 111 0 49 50
51 112 0 50 51
52 113 0 51 52
53 114 0 52 53
54 115 0 53 54
55 116 0 54 55
56 117 0 55 56
57 118 0 56 57
58 119 0 57 58
59 120 0 58 59
60 121 2 59 -1
61 122 1 60 -1
62 123 0 60 61
63 124 0 61 62
64 125 0 62 63
65 126 0 63 64
66 127 0 64 65
67 128 0 65 66
68 129 0 66 67
69 130 0 67 68
70 131 0 68 69
71 132 0 69 70
72 133 0 70 71
73 134 0 71 72
74 135 0 72 73
75 136 0 73 74
76 137 0 74 75
77 138 0 75 76
78 139 0 76 77
79 140 0 77 78
80 141 0 78 79
81 142 0 79 80
82 143 0 80 81
83 144 0 81 82
84 145 0 82 83
85 146 0 83 84
86 147 0 84 85
87 148 0 85 86
88 149 0 86 87
89 150 0 87 88
90 151 0 88 89
91 152 0 89 90
92 153 0 90 91
93 154 0 91 92
94 155 0 92 93
95 156 0 93 94
96 157 0 94 95
97 158 0 95 96
98 159 0 96 97
99 160 0 97 98
100 161 0 98 99
101 162 0 99 100
102 163 0 100 101
103 164 0 101 102
104 165 0 102 103
105 166 0 103 104
106 167 0 104 105
107 168 0 105 106
108 169 0 106 107
109 170 0 107 108
110 171 0 108 109
111 172 0 109 110
112 173 0 110 111
113 174 0 111 112
114 175 0 112 113
115 176 0 113 114
116 177 0 114 115
117 178 0 115 116
118 179 0 116 117
119 180 0 117 118
120 181 0 118 119
121 182 2 119 -1
122 183 1 -1 120
123 184 0 120 121
124 185 0 121 122
125 186 0 122 123
126 187 0 123 124
127 188 0 124 125
128 189 0 125 126
129 190 0 126 127
130 191 0 127 128
131 192 0 128 129
132 193 0 129 130
133 194 0 130 131
134 195 0 131 132
135 196 0 132 133
136 197 0 133 134
137 198 0 134 135
138 199 0 135 136
139 200 0 136 137
140 201 0 137 138
141 202 0 138 139
142 203 0 139 140
143 204 0 140 141
144 205 0 141 142
145 206 0 142 143
146 207 0 143 144
147 208 0 144 145
148 209 0 145 146
149 210 0 146 147
150 211 0 147 148
151 212 0 148 149
152 213 0 149 150
153 214 0 150 151
154 215 0 151 152
155 216 0 152 153
156 217 0 153 154
157 218 0 154 155
158 219 0 155 156
159 220 0 156 157
160 221 0 157 158
161 222 0 158 159
162 223 0 159 160
163 224 0 160 161
164 225 0 161 162
165 226 0 162 163
166 227 0 163 164
167 228 0 164 165
168 229 0 165 166
169 230 0 166 167
170 231 0 167 168
171 232 0 168 169
172 233 0 169 170
173 234 0 170 171
174 235 0 171 172
175 236 0 172 173
176 237 0 173 174
177 238 0 174 175
178 239 0 175 176
179 240 0 176 177
180 241 0 177 178
181 242 0 178 179
182 243 2 179 -1
183 244 1 -1 180
184 245 0 180 181
185 246 0 181 182
186 247 0 182 183
187 248 0 183 184
188 249 0 184 185
189 250 0 185 186
190 251 0 186 187
191 252 0 187 188
192 253 0 188 189
193 254 0 189 190
194 255 0 190 191
195 256 0 191 192
196 257 0 192 193
197 258 0 193 194
198 259 0 194 195
199 260 0 195 196
200 261 0 196 197
201 262 0 197 198
202 263 0 198 199
203 264 0 199 200
204 265 0 200 201
205 266 0 201 202
206 267 0 202 203
207 268 0 203 204
208 269 0 204 205
209 270 0 205 206
210 271 0 206 207
211 272 0 207 208
212 273 0 208 209
213 274 0 209 210
214 275 0 210 211
215 276 0 211 212
216 277 0 212 213
217 278 0 213 214
218 279 0 214 215
219 280 0 215 216
220 281 0 216 217
221 282 0 217 218
222 283 0 218 219
223 284 0 219 220
224 285 0 220 221
225 286 0 221 222
226 287 0 222 223
227 288 0 223 224
228 289 0 224 225
229 290 0 225 226
230 291 0 226 227
231 292 0 227 228
232 293 0 228 229
233 294 0 229 230
234 295 0 230 231
235 296 0 231 232
236 297 0 232 233
237 298 0 233 234
238 299 0 234 235
239 300 0 235 236
240 301 0 236 237
241 302 0 237 238
242 303 0 238 239
243 304 2 239 -1
244 305 1 -1 240
245 306 0 240 241
246 307 0 241 242
247 308 0 242 243
248 309 0 243 244
249 310 0 244 245
250 311 0 245 246
251 312 0 246 247
252 313 0 247 248
253 314 0 248 249
254 315 0 249 250
255 316 0 250 251
256 317 0 251 252
257 318 0 252 253
258 319 0 253 254
259 320 0 254 255
260 321 0 255 256
261 322 0 256 257
262 323 0 257 258
263 324 0 258 259
264 325 0 259 260
265 326 0 260 261
266 327 0 261 262
267 328 0 262 263
268 329 0 263 264
269 330 0 264 265
270 331 0 265 266
271 332 0 266 267
272 333 0 267 268
273 334 0 268 269
274 335 0 269 270
275 336 0 270 271
276 337 0 271 272
277 338 0 272 273
278 339 0 273 274
279 340 0 274 275
280 341 0 275 276
281 342 0 276 277
282 343 0 277 278
283 344 0 278 279
284 345 0 279 280
285 346 0 280 281
286 347 0 281 282
287 348 0 282 283
288 349 0 283 284
289 350 0 284 285
290 351 0 285 286
291 352 0 286 287
292 353 0 287 288
293 354 0 288 289
294 355 0 289 290
295 356 0 290 291
296 357 0 291 292
297 358 0 292 293
298 359 0 293 294
299 360 0 294 295
300 361 0 295 296
301 362 0 296 297
302 363 0 297 298
303 364 0 298 299
304 365 2 299 -1
305 366 1 -1 300
306 367 0 300 301
307 368 0 301 302
308 369 0 302 303
309 370 0 303 304
310 371 0 304 305
311 372 0 305 306
312 373 0 306 307
313 374 0 307 308
314 375 0 308 309
315 376 0 309 310
316 377 0 310 311
317 378 0 311 312
318 379 0 312 313
319 380 0 313 314
320 381 0 314 315
321 382 0 315 316
322 383 0 316 317
323 384 0 317 318
324 385 0 318 319
325 386 0 319 320
326 387 0 320 321
327 388 0 321 322
328 389 0 322 323
329 390 0 323 324
330 391 0 324 325
331 392 0 325 326
332 393 0 326 327
333 394 0 327 328
334 395 0 328 329
335 396 0 329 330
336 397 0 330 331
337 398 0 331 332
338 399 0 332 333
339 400 0 333 334
340 401 0 334 335
341 402 0 335 336
342 403 0 336 337
343 404 0 337 338
344 405 0 338 339
345 406 0 339 340
346 407 0 340 341
347 408 0 341 342
348 409 0 342 343
349 410 0 343 344
350 411 0 344 345
351 412 0 345 346
352 413 0 346 347
353 414 0 347 348
354 415 0 348 349
355 416 0 349 350
356 417 0 350 351
357 418 0 351 352
358 419 0 352 353
359 420 0 353 354
360 421 0 354 355
361 422 0 355 356
362 423 0 356 357
363 424 0 357 358
364 425 0 358 359
365 426 2 359 -1
366 427 1 -1 360
367 428 0 360 361
368 429 0 361 362
369 430 0 362 363
370 431 0 363 364
371 432 0 364 365
372 433 0 365 366
373 434 0 366 367
374 435 0 367 368
375 436 0 368 369
376 437 0 369 370
377 438 0 370 371
378 439 0 371 372
379 440 0 372 373
380 441 0 373 374
381 442 0 374 375
382 443 0 375 376
383 444 0 376 377
384 445 0 377 378
385 446 0 378 379
386 447 0 379 380
387 448 0 380 381
388 449 0 381 382
389 450 0 382 383
390 451 0 383 384
391 452 0 384 385
392 453 0 385 386
393 454 0 386 387
394 455 0 387 388
395 456 0 388 389
396 457 0 389 390
397 458 0 390 391
398 459 0 391 392
399 460 0 392 393
400 461 0 393 394
401 462 0 394 395
402 463 0 395 396
403 464 0 396 397
404 465 0 397 398
405 466 0 398 399
406 467 0 399 400
407 468 0 400 401
408 469 0 401 402
409 470 0 402 403
410 471 0 403 404
411 472 0 404 405
412 473 0 405 406
413 474 0 406 407
414 475 0 407 408
415 476 0 408 409
416 477 0 409 410
417 478 0 410 411
418 479 0 411 412
419 480 0 412 413
420 481 0 413 414
421 482 0 414 415
422 483 0 415 416
423 484 0 416 417
424 485 0 417 418
425 486 0 418 419
426 487 2 419 -1
427 488 1 -1 420
428 489 0 420 421
429 490 0 421 422
430 491 0 422 423
431 492 0 423 424
432 493 0 424 425
433 494 0 425 426
434 495 0 426 427
435 496 0 427 428
436 497 0 428 429
437 498 0 429 430
438 499 0 430 431
439 500 0 431 432
440 501 0 432 433
441 502 0 433 434
442 503 0 434 435
443 504 0 435 436
444 505 0 436 437
445 506 0 437 438
446 507 0 438 439
447 508 0 439 440
448 509 0 440 441
449 510 0 441 442
450 511 0 442 443
451 512 0 443 444
452 513 0 444 445
453 514 0 445 446
454 515 0 446 447
455 516 0 447 448
456 517 0 448 449
457 518 0 449 450
458 519 0 450 451
459 520 0 451 452
460 521 0 452 453
461 522 0 453 454
462 523 0 454 455
463 524 0 455 456
464 525 0 456 457
465 526 0 457 458
466 527 0 458 459
467 528 0 459 460
468 529 0 460 461
469 530 0 461 462
470 531 0 462 463
471 532 0 463 464
472 533 0 464 465
473 534 0 465 466
474 535 0 466 467
475 536 0 467 468
476 537 0 468 469
477 538 0 469 470
478 539 0 470 471
479 540 0 471 472
480 541 0 472 473
481 542 0 473 474
482 543 0 474 475
483 544 0 475 476
484 545 0 476 477
485 546 0 477 478
486 547 0 478 479
487 548 2 479 -1
488 549 1 -1 480
489 550 0 480 481
490 551 0 481 482
491 552 0 482 483
492 553 0 483 484
493 554 0 484 485
494 555 0 485 486
495 556 0 486 487
496 557 0 487 488
497 558 0 488 489
498 559 0 489 490
499 560 0 490 491
500 561 0 491 492
501 562 0 492 493
502 563 0 493 494
503 564 0 494 495
504 565 0 495 496
505 566 0 496 497
506 567 0 497 498
507 568 0 498 499
508 569 0 499 500
509 570 0 500 501
510 571 0 501 502
511 572 0 502 503
512 573 0 503 504
513 574 0 504 505
514 575 0 505 506
515 576 0 506 507
516 577 0 507 508
517 578 0 508 509
518 579 0 509 510
519 580 0 510 511
520 581 0 511 512
521 582 0 512 513
522 583 0 513 514
523 584 0 514 515
524 585 0 515 516
525 586 0 516 517
526 587 0 517 518
527 588 0 518 519
528 589 0 519 520
529 590 0 520 521
530 591 0 521 522
531 592 0 522 523
532 593 0 523 524
533 594 0 524 525
534 595 0 525 526
535 596 0 526 527
536 597 0 527 528
537 598 0 528 529
538 599 0 529 530
539 600 0 530 531
540 601 0 531 532
541 602 0 532 533
542 603 0 533 534
543 604 0 534 535
544 605 0 535 536
545 606 0 536 537
546 607 0 537 538
547 608 0 538 539
548 609 2 539 -1
549 610 1 -1 540
550 611 0 540 541
551 612 0 541 542
552 613 0 542 543
553 614 0 543 544
554 615 0 544 545
555 616 0 545 546
556 617 0 546 547
557 618 0 547 548
558 619 0 548 549
559 620 0 549 550
560 621 0 550 551
561 622 0 551 552
562 623 0 552 553
563 624 0 553 554
564 625 0 554 555
565 626 0 555 556
566 627 0 556 557
567 628 0 557 558
568 629 0 558 559
569 630 0 559 560
570 631 0 560 561
571 632 0 561 562
572 633 0 562 563
573 634 0 563 564
574 635 0 564 565
575 636 0 565 566
576 637 0 566 567
577 638 0 567 568
578 639 0 568 569
579 640 0 569 570
580 641 0 570 571
581 642 0 571 572
582 643 0 572 573
583 644 0 573 574
584 645 0 574 575
585 646 0 575 576
586 647 0 576 577
587 648 0 577 578
588 649 0 578 579
589 650 0 579 580
590 651 0 580 581
591 652 0 581 582
592 653 0 582 583
593 654 0 583 584
594 655 0 584 585
595 656 0 585 586
596 657 0 586 587
597 658 0 587 588
598 659 0 588 589
599 660 0 589 590
600 661 0 590 591
601 662 0 591 592
602 663 0 592 593
603 664 0 593 594
604 665 0 594 595
605 666 0 595 596
606 667 0 596 597
607 668 0 597 598
608 669 0 598 599
609 670 2 599 -1
610 671 1 -1 600
611 672 0 600 601
612 673 0 601 602
613 674 0 602 603
614 675 0 603 604
615 676 0 604 605
616 677 0 605 606
617 678 0 606 607
618 679 0 607 608
619 680 0 608 609
620 681 0 609 610
621 682 0 610 611
622 683 0 611 612
623 684 0 612 613
624 685 0 613 614
625 686 0 614 615
626 687 0 615 616
627 688 0 616 617
628 689 0 617 618
629 690 0 618 619
630 691 0 619 620
631 692 0 620 621
632 693 0 621 622
633 694 0 622 623
634 695 0 623 624
635 696 0 624 625
636 697 0 625 626
637 698 0 626 627
638 699 0 627 628
639 700 0 628 629
640 701 0 629 630
641 702 0 630 631
642 703 0 631 632
643 704 0 632 633
644 705 0 633 634
645 706 0 634 635
646 707 0 635 636
647 708 0 636 637
648 709 0 637 638
649 710 0 638 639
650 711 0 639 640
651 712 0 640 641
652 713 0 641 642
653 714 0 642 643
654 715 0 643 644
655 716 0 644 645
656 717 0 645 646
657 718 0 646 647
658 719 0 647 648
659 720 0 648 649
660 721 0 649 650
661 722 0 650 651
662 723 0 651 652
663 724 0 652 653
664 725 0 653 654
665 726 0 654 655
666 727 0 655 656
667 728 0 656 657
668 729 0 657 658
669 730 0 658 659
670 731 2 659 -1
671 732 1 -1 660
672 733 0 660 661
673 734 0 661 662
674 735 0 662 663
675 736 0 663 664
676 737 0 664 665
677 738 0 665 666
678 739 0 666 667
679 740 0 667 668
680 741 0 668 669
681 742 0 669 670
682 743 0 670 671
683 744 0 671 672
684 745 0 672 673
685 746 0 673 674
686 747 0 674 675
687 748 0 675 676
688 749 0 676 677
689 750 0 677 678
690 751 0 678 679
691 752 0 679 680
692 753 0 680 681
693 754 0 681 682
694 755 0 682 683
695 756 0 683 684
696 757 0 684 685
697 758 0 685 686
698 759 0 686 687
699 760 0 687 688
700 761 0 688 689
701 762 0 689 690
702 763 0 690 691
703 764 0 691 692
704 765 0 692 693
705 766 0 693 694
706 767 0 694 695
707 768 0 695 696
708 769 0 696 697
709 770 0 697 698
710 771 0 698 699
711 772 0 699 700
712 773 0 700 701
713 774 0 701 702
714 775 0 702 703
715 776 0 703 704
716 777 0 704 705
717 778 0 705 706
718 779 0 706 707
719 780 0 707 708
720 781 0 708 709
721 782 0 709 710
722 783 0 710 711
723 784 0 711 712
724 785 0 712 713
725 786 0 713 714
726 787 0 714 715
727 788 0 715 716
728 789 0 716 717
729 790 0 717 718
730 791 0 718 719
731 792 2 719 -1
732 793 1 -1 720
733 794 0 720 721
734 795 0 721 722
735 796 0 722 723
736 797 0 723 724
737 798 0 724 725
738 799 0 725 726
739 800 0 726 727
740 801 0 727 728
741 802 0 728 729
742 803 0 729 730
743 804 0 730 731
744 805 0 731 732
745 806 0 732 733
746 807 0 733 734
747 808 0 734 735
748 809 0 735 736
749 810 0 736 737
750 811 0 737 738
751 812 0 738 739
752 813 0 739 740
753 814 0 740 741
754 815 0 741 742
755 816 0 742 743
756 817 0 743 744
757 818 0 744 745
758 819 0 745 746
759 820 0 746 747
760 821 0 747 748
761 822 0 748 749
762 823 0 749 750
763 824 0 750 751
764 825 0 751 752
765 826 0 752 753
766 827 0 753 754
767 828 0 754 755
768 829 0 755 756
769 830 0 756 757
770 831 0 757 758
771 832 0 758 759
772 833 0 759 760
773 834 0 760 761
774 835 0 761 762
775 836 0 762 763
776 837 0 763 764
777 838 0 764 765
778 839 0 765 766
779 840 0 766 767
780 841 0 767 768
781 842 0 768 769
782 843 0 769 770
783 844 0 770 771
784 845 0 771 772
785 846 0 772 773
786 847 0 773 774
787 848 0 774 775
788 849 0 775 776
789 850 0 776 777
790 851 0 777 778
791 852 0 778 779
792 853 2 779 -1
793 854 1 -1 780
794 855 0 780 781
795 856 0 781 782
796 857 0 782 783
797 858 0 783 784
798 859 0 784 785
799 860 0 785 786
800 861 0 786 787
801 862 0 787 788
802 863 0 788 789
803 864 0 789 790
804 865 0 790 791
805 866 0 791 792
806 867 0 792 793
807 868 0 793 794
808 869 0 794 795
809 870 0 795 796
810 871 0 796 797
811 872 0 797 798
812 873 0 798 799
813 874 0 799 800
814 875 0 800 801
815 876 0 801 802
816 877 0 802 803
817 878 0 803 804
818 879 0 804 805
819 880 0 805 806
820 881 0 806 807
821 882 0 807 808
822 883 0 808 809
823 884 0 809 810
824 885 0 810 811
825 886 0 811 812
826 887 0 812 813
827 888 0 813 814
828 889 0 814 815
829 890 0 815 816
830 891 0 816 817
831 892 0 817 818
832 893 0 818 819
833 894 0 819 820
834 895 0 820 821
835 896 0 821 822
836 897 0 822 823
837 898 0 823 824
838 899 0 824 825
839 900 0 825 826
840 901 0 826 827
841 902 0 827 828
842 903 0 828 829
843 904 0 829 830
844 905 0 830 831
845 906 0 831 832
846 907 0 832 833
847 908 0 833 834
848 909 0 834 835
849 910 0 835 836
850 911 0 836 837
851 912 0 837 838
852 913 0 838 839
853 914 2 839 -1
854 915 1 -1 840
855 916 0 840 841
856 917 0 841 842
857 918 0 842 843
858 919 0 843 844
859 920 0 844 845
860 921 0 845 846
861 922 0 846 847
862 923 0 847 848
863 924 0 848 849
864 925 0 849 850
865 926 0 850 851
866 927 0 851 852
867 928 0 852 853
868 929 0 853 854
869 930 0 854 855
870 931 0 855 856
871 932 0 856 857
872 933 0 857 858
873 934 0 858 859
874 935 0 859 860
875 936 0 860 861
876 937 0 861 862
877 938 0 862 863
878 939 0 863 864
879 940 0 864 865
880 941 0 865 866
881 942 0 866 867
882 943 0 867 868
883 944 0 868 869
884 945 0 869 870
885 946 0 870 871
886 947 0 871 872
887 948 0 872 873
888 949 0 873 874
889 950 0 874 875
890 951 0 875 876
891 952 0 876 877
892 953 0 877 878
893 954 0 878 879
894 955 0 879 880
895 956 0 880 881
896 957 0 881 882
897 958 0 882 883
898 959 0 883 884
899 960 0 884 885
900 961 0 885 886
901 962 0 886 887
902 963 0 887 888
903 964 0 888 889
904 965 0 889 890
905 966 0 890 891
906 967 0 891 892
907 968 0 892 893
908 969 0 893 894
909 970 0 894 895
910 971 0 895 896
911 972 0 896 897
912 973 0 897 898
913 974 0 898 899
914 975 2 899 -1
915 976 1 -1 900
916 977 0 900 901
917 978 0 901 902
918 979 0 902 903
919 980 0 903 904
920 981 0 904 905
921 982 0 905 906
922 983 0 906 907
923 984 0 907 908
924 985 0 908 909
925 986 0 909 910
926 987 0 910 911
927 988 0 911 912
928 989 0 912 913
929 990 0 913 914
930 991 0 914 915
931 992 0 915 916
932 993 0 916 917
933 994 0 917 918
934 995 0 918 919
935 996 0 919 920
936 997 0 920 921
937 998 0 921 922
938 999 0 922 923
939 1000 0 923 924
940 1001 0 924 925
941 1002 0 925 926
942 1003 0 926 927
943 1004 0 927 928
944 1005 0 928 929
945 1006 0 929 930
946 1007 0 930 931
947 1008 0 931 932
948 1009 0 932 933
949 1010 0 933 934
950 1011 0 934 935
951 1012 0 935 936
952 1013 0 936 937
953 1014 0 937 938
954 1015 0 938 939
955 1016 0 939 940
956 1017 0 940 941
957 1018 0 941 942
958 1019 0 942 943
959 1020 0 943 944
960 1021 0 944 945
961 1022 0 945 946
962 1023 0 946 947
963 1024 0 947 948
964 1025 0 948 949
965 1026 0 949 950
966 1027 0 950 951
967 1028 0 951 952
968 1029 0 952 953
969 1030 0 953 954
970 1031 0 954 955
971 1032 0 955 956
972 1033 0 956 957
973 1034 0 957 958
974 1035 0 958 959
975 1036 2 959 -1
976 1037 1 -1 960
977 1038 0 960 961
978 1039 0 961 962
979 1040 0 962 963
980 1041 0 963 964
981 1042 0 964 965
982 1043 0 965 966
983 1044 0 966 967
984 1045 0 967 968
985 1046 0 968 969
986 1047 0 969 970
987 1048 0 970 971
988 1049 0 971 972
989 1050 0 972 973
990 1051 0 973 974
991 1052 0 974 975
992 1053 0 975 976
993 1054 0 976 977
994 1055 0 977 978
995 1056 0 978 979
996 1057 0 979 980
997 1058 0 980 981
998 1059 0 981 982
999 1060 0 982 983
1000 1061 0 983 984
1001 1062 0 984 985
1002 1063 0 985 986
1003 1064 0 986 987
1004 1065 0 987 988
1005 1066 0 988 989
1006 1067 0 989 990
1007 1068 0 990 991
1008 1069 0 991 992
1009 1070 0 992 993
1010 1071 0 993 994
1011 1072 0 994 995
1012 1073 0 995 996
1013 1074 0 996 997
1014 1075 0 997 998
1015 1076 0 998 999
1016 1077 0 999 1000
1017 1078 0 1000 1001
1018 1079 0 1001 1002
1019 1080 0 1002 1003
1020 1081 0 1003 1004
1021 1082 0 1004 1005
1022 1083 0 1005 1006
1023 1084 0 1006 1007
1024 1085 0 1007 1008
1025 1086 0 1008 1009
1026 1087 0 1009 1010
1027 1088 0 1010 1011
1028 1089 0 1011 1012
1029 1090 0 1012 1013
1030 1091 0 1013 1014
1031 1092 0 1014 1015
1032 1093 0 1015 1016
1033 1094 0 1016 1017
1034 1095 0 1017 1018
1035 1096 0 1018 1019
1036 1097 2 1019 -1
1037 1098 1 -1 1020
1038 1099 0 1020 1021
1039 1100 0 1021 1022
1040 1101 0 1022 1023
1041 1102 0 1023 1024
1042 1103 0 1024 1025
1043 1104 0 1025 1026
1044 1105 0 1026 1027
1045 1106 0 1027 1028
1046 1107 0 1028 1029
1047 1108 0 1029 1030
1048 1109 0 1030 1031
1049 1110 0 1031 1032
1050 1111 0 1032 1033
1051 1112 0 1033 1034
1052 1113 0 1034 1035
1053 1114 0 1035 1036
1054 1115 0 1036 1037
1055 1116 0 1037 1038
1056 1117 0 1038 1039
1057 1118 0 1039 1040
1058 1119 0 1040 1041
1059 1120 0 1041 1042
1060 1121 0 1042 1043
1061 1122 0 1043 1044
1062 1123 0 1044 1045
1063 1124 0 1045 1046
1064 1125 0 1046 1047
1065 1126 0 1047 1048
1066 1127 0 1048 1049
1067 1128 0 1049 1050
1068 1129 0 1050 1051
1069 1130 0 1051 1052
1070 1131 0 1052 1053
1071 1132 0 1053 1054
1072 1133 0 1054 1055
1073 1134 0 1055 1056
1074 1135 0 1056 1057
1075 1136 0 1057 1058
1076 1137 0 1058 1059
1077 1138 0 1059 1060
1078 1139 0 1060 1061
1079 1140 0 1061 1062
1080 1141 0 1062 1063
1081 1142 0 1063 1064
1082 1143 0 1064 1065
1083 1144 0 1065 1066
1084 1145 0 1066 1067
1085 1146 0 1067 1068
1086 1147 0 1068 1069
1087 1148 0 1069 1070
1088 1149 0 1070 1071
1089 1150 0 1071 1072
1090 1151 0 1072 1073
1091 1152 0 1073 1074
1092 1153 0 1074 1075
1093 1154 0 1075 1076
1094 1155 0 1076 1077
1095 1156 0 1077 1078
1096 1157 0 1078 1079
1097 1158 2 1079 -1
1098 1159 1 -1 1080
1099 1160 0 1080 1081
1100 1161 0 1081 1082
1101 1162 0 1082 1083
1102 1163 0 1083 1084
1103 1164 0 1084 1085
1104 1165 0 1085 1086
1105 1166 0 1086 1087
1106 1167 0 1087 1088
1107 1168 0 1088 1089
1108 1169 0 1089 1090
1109 1170 0 1090 1091
1110 1171 0 1091 1092
1111 1172 0 1092 1093
1112 1173 0 1093 1094
1113 1174 0 1094 1095
1114 1175 0 1095 1096
1115 1176 0 1096 1097
1116 1177 0 1097 1098
1117 1178 0 1098 1099
1118 1179 0 1099 1100
1119 1180 0 1100 1101
1120 1181 0 1101 1102
1121 1182 0 1102 1103
1122 1183 0 1103 1104
1123 1184 0 1104 1105
1124 1185 0 1105 1106
1125 1186 0 1106 1107
1126 1187 0 1107 1108
1127 1188 0 1108 1109
1128 1189 0 1109 1110
1129 1190 0 1110 1111
1130 1191 0 1111 1112
1131 1192 0 1112 1113
1132 1193 0 1113 1114
1133 1194 0 1114 1115
1134 1195 0 1115 1116
1135 1196 0 1116 1117
1136 1197 0 1117 1118
1137 1198 0 1118 1119
1138 1199 0 1119 1120
1139 1200 0 1120 1121
1140 1201 0 1121 1122
1141 1202 0 1122 1123
1142 1203 0 1123 1124
1143 1204 0 1124 1125
1144 1205 0 1125 1126
1145 1206 0 1126 1127
1146 1207 0 1127 1128
1147 1208 0 1128 1129
1148 1209 0 1129 1130
1149 1210 0 1130 1131
1150 1211 0 1131 1132
1151 1212 0 1132 1133
1152 1213 0 1133 1134
1153 1214 0 1134 1135
1154 1215 0 1135 1136
1155 1216 0 1136 1137
1156 1217 0 1137 1138
1157 1218 0 1138 1139
1158 1219 2 1139 -1
1159 1220 1 -1 1140
1160 1221 0 1140 1141
1161 1222 0 1141 1142
1162 1223 0 1142 1143
1163 1224 0 1143 1144
1164 1225 0 1144 1145
1165 1226 0 1145 1146
1166 1227 0 1146 1147
1167 1228 0 1147 1148
1168 1229 0 1148 1149
1169 1230 0 1149 1150
1170 1231 0 1150 1151
1171 1232 0 1151 1152
1172 1233 0 1152 1153
1173 1234 0 1153 1154
1174 1235 0 1154 1155
1175 1236 0 1155 1156
1176 1237 0 1156 1157
1177 1238 0 1157 1158
1178 1239 0 1158 1159
1179 1240 0 1159 1160
1180 1241 0 1160 1161
1181 1242 0 1161 1162
1182 1243 0 1162 1163
1183 1244 0 1163 1164
1184 1245 0 1164 1165
1185 1246 0 1165 1166
1186 1247 0 1166 1167
1187 1248 0 1167 1168
1188 1249 0 1168 1169
1189 1250 0 1169 1170
1190 1251 0 1170 1171
1191 1252 0 1171 1172
1192 1253 0 1172 1173
1193 1254 0 1173 1174
1194 1255 0 1174 1175
1195 1256 0 1175 1176
1196 1257 0 1176 1177
1197 1258 0 1177 1178
1198 1259 0 1178 1179
1199 1260 0 1179 1180
1200 1261 0 1180 1181
1201 1262 0 1181 1182
1202 1263 0 1182 1183
1203 1264 0 1183 1184
1204 1265 0 1184 1185
1205 1266 0 1185 1186
1206 1267 0 1186 1187
1207 1268 0 1187 1188
1208 1269 0 1188 1189
1209 1270 0 1189 1190
1210 1271 0 1190 1191
1211 1272 0 1191 1192
1212 1273 0 1192 1193
1213 1274 0 1193 1194
1214 1275 0 1194 1195
1215 1276 0 1195 1196
1216 1277 0 1196 1197
1217 1278 0 1197 1198
1218 1279 0 1198 1199
1219 1280 2 1199 -1
0 1 2 0 -1
1 2 2 1 -1
2 3 2 2 -1
3 4 2 3 -1
4 5 2 4 -1
5 6 2 5 -1
6 7 2 6 -1
7 8 2 7 -1
8 9 2 8 -1
9 10 2 9 -1
10 11 2 10 -1
11 12 2 11 -1
12 13 2 12 -1
13 14 2 13 -1
14 15 2 14 -1
15 16 2 15 -1
16 17 2 16 -1
17 18 2 17 -1
18 19 2 18 -1
19 20 2 19 -1
20 21 2 20 -1
21 22 2 21 -1
22 23 2 22 -1
23 24 2 23 -1
24 25 2 24 -1
25 26 2 25 -1
26 27 2 26 -1
27 28 2 27 -1
28 29 2 28 -1
29 30 2 29 -1
30 31 2 30 -1
31 32 2 31 -1
32 33 2 32 -1
33 34 2 33 -1
34 35 2 34 -1
35 36 2 35 -1
36 37 2 36 -1
37 38 2 37 -1
38 39 2 38 -1
39 40 2 39 -1
40 41 2 40 -1
41 42 2 41 -1
42 43 2 42 -1
43 44 2 43 -1
44 45 2 44 -1
45 46 2 45 -1
46 47 2 46 -1
47 48 2 47 -1
48 49 2 48 -1
49 50 2 49 -1
50 51 2 50 -1
51 52 2 51 -1
52 53 2 52 -1
53 54 2 53 -1
54 55 2 54 -1
55 56 2 55 -1
56 57 2 56 -1
57 58 2 57 -1
58 59 2 58 -1
59 60 2 59 -1
61 62 0 60 0
62 63 0 61 1
63 64 0 62 2
64 65 0 63 3
65 66 0 64 4
66 67 0 65 5
67 68 0 66 6
68 69 0 67 7
69 70 0 68 8
70 71 0 69 9
71 72 0 70 10
72 73 0 71 11
73 74 0 72 12
74 75 0 73 13
75 76 0 74 14
76 77 0 75 15
77 78 0 76 16
78 79 0 77 17
79 80 0 78 18
80 81 0 79 19
81 82 0 80 20
82 83 0 81 21
83 84 0 82 22
84 85 0 83 23
85 86 0 84 24
86 87 0 85 25
87 88 0 86 26
88 89 0 87 27
89 90 0 88 28
90 91 0 89 29
91 92 0 90 30
92 93 0 91 31
93 94 0 92 32
94 95 0 93 33
95 96 0 94 34
96 97 0 95 35
97 98 0 96 36
98 99 0 97 37
99 100 0 98 38
100 101 0 99 39
101 102 0 100 40
102 103 0 101 41
103 104 0 102 42
104 105 0 103 43
105 106 0 104 44
106 107 0 105 45
107 108 0 106 46
108 109 0 107 47
109 110 0 108 48
110 111 0 109 49
111 112 0 110 50
112 113 0 111 51
113 114 0 112 52
114 115 0 113 53
115 116 0 114 54
116 117 0 115 55
117 118 0 116 56
118 119 0 117 57
119 120 0 118 58
120 121 0 119 59
122 123 0 120 60
123 124 0 121 61
124 125 0 122 62
125 126 0 123 63
126 127 0 124 64
127 128 0 125 65
128 129 0 126 66
129 130 0 127 67
130 131 0 128 68
131 132 0 129 69
132 133 0 130 70
133 134 0 131 71
134 135 0 132 72
135 136 0 133 73
136 137 0 134 74
137 138 0 135 75
138 139 0 136 76
139 140 0 137 77
140 141 0 138 78
141 142 0 139 79
142 143 0 140 80
143 144 0 141 81
144 145 0 142 82
145 146 0 143 83
146 147 0 144 84
147 148 0 145 85
148 149 0 146 86
149 150 0 147 87
150 151 0 148 88
151 152 0 149 89
152 153 0 150 90
153 154 0 151 91
154 155 0 152 92
155 156 0 153 93
156 157 0 154 94
157 158 0 155 95
158 159 0 156 96
159 160 0 157 97
160 161 0 158 98
161 162 0 159 99
162 163 0 160 100
163 164 0 161 101
164 165 0 162 102
165 166 0 163 103
166 167 0 164 104
167 168 0 165 105
168 169 0 166 106
169 170 0 167 107
170 171 0 168 108
171 172 0 169 109
172 173 0 170 110
173 174 0 171 111
174 175 0 172 112
175 176 0 173 113
176 177 0 174 114
177 178 0 175 115
178 179 0 176 116
179 180 0 177 117
180 181 0 178 118
181 182 0 179 119
183 184 0 180 120
184 185 0 181 121
185 186 0 182 122
186 187 0 183 123
187 188 0 184 124
188 189 0 185 125
189 190 0 186 126
190 191 0 187 127
191 192 0 188 128
192 193 0 189 129
193 194 0 190 130
194 195 0 191 131
195 196 0 192 132
196 197 0 193 133
197 198 0 194 134
198 199 0 195 135
199 200 0 196 136
200 201 0 197 137
201 202 0 198 138
202 203 0 199 139
203 204 0 200 140
204 205 0 201 141
205 206 0 202 142
206 207 0 203 143
207 208 0 204 144
208 209 0 205 145
209 210 0 206 146
210 211 0 207 147
211 212 0 208 148
212 213 0 209 149
213 214 0 210 150
214 215 0 211 151
215 216 0 212 152
216 217 0 213 153
217 218 0 214 154
218 219 0 215 155
219 220 0 216 156
220 221 0 217 157
221 222 0 218 158
222 223 0 219 159
223 224 0 220 160
224 225 0 221 161
225 226 0 222 162
226 227 0 223 163
227 228 0 224 164
228 229 0 225 165
229 230 0 226 166
230 231 0 227 167
231 232 0 228 168
232 233 0 229 169
233 234 0 230 170
234 235 0 231 171
235 236 0 232 172
236 237 0 233 173
237 238 0 234 174
238 239 0 235 175
239 240 0 236 176
240 241 0 237 177
241 242 0 238 178
242 243 0 239 179
244 245 0 240 180
245 246 0 241 181
246 247 0 242 182
247 248 0 243 183
248 249 0 244 184
249 250 0 245 185
250 251 0 246 186
251 252 0 247 187
252 253 0 248 188
253 254 0 249 189
254 255 0 250 190
255 256 0 251 191
256 257 0 252 192
257 258 0 253 193
258 259 0 254 194
259 260 0 255 195
260 261 0 256 196
261 262 0 257 197
262 263 0 258 198
263 264 0 259 199
264 265 0 260 200
265 266 0 261 201
266 267 0 262 202
267 268 0 263 203
268 269 0 264 204
269 270 0 265 205
270 271 0 266 206
271 272 0 267 207
272 273 0 268 208
273 274 0 269 209
274 275 0 270 210
275 276 0 271 211
276 277 0 272 212
277 278 0 273 213
278 279 0 274 214
279 280 0 275 215
280 281 0 276 216
281 282 0 277 217
282 283 0 278 218
283 284 0 279 219
284 285 0 280 220
285 286 0 281 221
286 287 0 282 222
287 288 0 283 223
288 289 0 284 224
289 290 0 285 225
290 291 0 286 226
291 292 0 287 227
292 293 0 288 228
293 294 0 289 229
294 295 0 290 230
295 296 0 291 231
296 297 0 292 232
297 298 0 293 233
298 299 0 294 234
299 300 0 295 235
300 301 0 296 236
301 302 0 297 237
302 303 0 298 238
303 304 0 299 239
305 306 0 300 240
306 307 0 301 241
307 308 0 302 242
308 309 0 303 243
309 310 0 304 244
310 311 0 305 245
311 312 0 306 246
312 313 0 307 247
313 314 0 308 248
314 315 0 309 249
315 316 0 310 250
316 317 0 311 251
317 318 0 312 252
318 319 0 313 253
319 320 0 314 254
320 321 0 315 255
321 322 0 316 256
322 323 0 317 257
323 324 0 318 258
324 325 0 319 259
325 326 0 320 260
326 327 0 321 261
327 328 0 322 262
328 329 0 323 263
329 330 0 324 264
330 331 0 325 265
331 332 0 326 266
332 333 0 327 267
333 334 0 328 268
334 335 0 329 269
335 336 0 330 270
336 337 0 331 271
337 338 0 332 272
338 339 0 333 273
339 340 0 334 274
340 341 0 335 275
341 342 0 336 276
342 343 0 337 277
343 344 0 338 278
344 345 0 339 279
345 346 0 340 280
346 347 0 341 281
347 348 0 342 282
348 349 0 343 283
349 350 0 344 284
350 351 0 345 285
351 352 0 346 286
352 353 0 347 287
353 354 0 348 288
354 355 0 349 289
355 356 0 350 290
356 357 0 351 291
357 358 0 352 292
358 359 0 353 293
359 360 0 354 294
360 361 0 355 295
361 362 0 356 296
362 363 0 357 297
363 364 0 358 298
364 365 0 359 299
366 367 0 360 300
367 368 0 361 301
368 369 0 362 302
369 370 0 363 303
370 371 0 364 304
371 372 0 365 305
372 373 0 366 306
373 374 0 367 307
374 375 0 368 308
375 376 0 369 309
376 377 0 370 310
377 378 0 371 311
378 379 0 372 312
379 380 0 373 313
380 381 0 374 314
381 382 0 375 315
382 383 0 376 316
383 384 0 377 317
384 385 0 378 318
385 386 0 379 319
386 387 0 380 320
387 388 0 381 321
388 389 0 382 322
389 390 0 383 323
390 391 0 384 324
391 392 0 385 325
392 393 0 386 326
393 394 0 387 327
394 395 0 388 328
395 396 0 389 329
396 397 0 390 330
397 398 0 391 331
398 399 0 392 332
399 400 0 393 333
400 401 0 394 334
401 402 0 395 335
402 403 0 396 336
403 404 0 397 337
404 405 0 398 338
405 406 0 399 339
406 407 0 400 340
407 408 0 401 341
408 409 0 402 342
409 410 0 403 343
410 411 0 404 344
411 412 0 405 345
412 413 0 406 346
413 414 0 407 347
414 415 0 408 348
415 416 0 409 349
416 417 0 410 350
417 418 0 411 351
418 419 0 412 352
419 420 0 413 353
420 421 0 414 354
421 422 0 415 355
422 423 0 416 356
423 424 0 417 357
424 425 0 418 358
425 426 0 419 359
427 428 0 420 360
428 429 0 421 361
429 430 0 422 362
430 431 0 423 363
431 432 0 424 364
432 433 0 425 365
433 434 0 426 366
434 435 0 427 367
435 436 0 428 368
436 437 0 429 369
437 438 0 430 370
438 439 0 431 371
439 440 0 432 372
440 441 0 433 373
441 442 0 434 374
442 443 0 435 375
443 444 0 436 376
444 445 0 437 377
445 446 0 438 378
446 447 0 439 379
447 448 0 440 380
448 449 0 441 381
449 450 0 442 382
450 451 0 443 383
451 452 0 444 384
452 453 0 445 385
453 454 0 446 386
454 455 0 447 387
455 456 0 448 388
456 457 0 449 389
457 458 0 450 390
458 459 0 451 391
459 460 0 452 392
460 461 0 453 393
461 462 0 454 394
462 463 0 455 395
463 464 0 456 396
464 465 0 457 397
465 466 0 458 398
466 467 0 459 399
467 468 0 460 400
468 469 0 461 401
469 470 0 462 402
470 471 0 463 403
471 472 0 464 404
472 473 0 465 405
473 474 0 466 406
474 475 0 467 407
475 476 0 468 408
476 477 0 469 409
477 478 0 470 410
478 479 0 471 411
479 480 0 472 412
480 481 0 473 413
481 482 0 474 414
482 483 0 475 415
483 484 0 476 416
484 485 0 477 417
485 486 0 478 418
486 487 0 479 419
488 489 0 480 420
489 490 0 481 421
490 491 0 482 422
491 492 0 483 423
492 493 0 484 424
493 494 0 485 425
494 495 0 486 426
495 496 0 487 427
496 497 0 488 428
497 498 0 489 429
498 499 0 490 430
499 500 0 491 431
500 501 0 492 432
501 502 0 493 433
502 503 0 494 434
503 504 0 495 435
504 505 0 496 436
505 506 0 497 437
506 507 0 498 438
507 508 0 499 439
508 509 0 500 440
509 510 0 501 441
510 511 0 502 442
511 512 0 503 443
512 513 0 504 444
513 514 0 505 445
514 515 0 506 446
515 516 0 507 447
516 517 0 508 448
517 518 0 509 449
518 519 0 510 450
519 520 0 511 451
520 521 0 512 452
521 522 0 513 453
522 523 0 514 454
523 524 0 515 455
524 525 0 516 456
525 526 0 517 457
526 527 0 518 458
527 528 0 519 459
528 529 0 520 460
529 530 0 521 461
530 531 0 522 462
531 532 0 523 463
532 533 0 524 464
533 534 0 525 465
534 535 0 526 466
535 536 0 527 467
536 537 0 528 468
537 538 0 529 469
538 539 0 530 470
539 540 0 531 471
540 541 0 532 472
541 542 0 533 473
542 543 0 534 474
543 544 0 535 475
544 545 0 536 476
545 546 0 537 477
546 547 0 538 478
547 548 0 539 479
549 550 0 540 480
550 551 0 541 481
551 552 0 542 482
552 553 0 543 483
553 554 0 544 484
554 555 0 545 485
555 556 0 546 486
556 557 0 547 487
557 558 0 548 488
558 559 0 549 489
559 560 0 550 490
560 561 0 551 491
561 562 0 552 492
562 563 0 553 493
563 564 0 554 494
564 565 0 555 495
565 566 0 556 496
566 567 0 557 497
567 568 0 558 498
568 569 0 559 499
569 570 0 560 500
570 571 0 561 501
571 572 0 562 502
572 573 0 563 503
573 574 0 564 504
574 575 0 565 505
575 576 0 566 506
576 577 0 567 507
577 578 0 568 508
578 579 0 569 509
579 580 0 570 510
580 581 0 571 511
581 582 0 572 512
582 583 0 573 513
583 584 0 574 514
584 585 0 575 515
585 586 0 576 516
586 587 0 577 517
587 588 0 578 518
588 589 0 579 519
589 590 0 580 520
590 591 0 581 521
591 592 0 582 522
592 593 0 583 523
593 594 0 584 524
594 595 0 585 525
595 596 0 586 526
596 597 0 587 527
597 598 0 588 528
598 599 0 589 529
599 600 0 590 530
600 601 0 591 531
601 602 0 592 532
602 603 0 593 533
603 604 0 594 534
604 605 0 595 535
605 606 0 596 536
606 607 0 597 537
607 608 0 598 538
608 609 0 599 539
610 611 0 600 540
611 612 0 601 541
612 613 0 602 542
613 614 0 603 543
614 615 0 604 544
615 616 0 605 545
616 617 0 606 546
617 618 0 607 547
618 619 0 608 548
619 620 0 609 549
620 621 0 610 550
621 622 0 611 551
622 623 0 612 552
623 624 0 613 553
624 625 0 614 554
625 626 0 615 555
626 627 0 616 556
627 628 0 617 557
628 629 0 618 558
629 630 0 619 559
630 631 0 620 560
631 632 0 621 561
632 633 0 622 562
633 634 0 623 563
634 635 0 624 564
635 636 0 625 565
636 637 0 626 566
637 638 0 627 567
638 639 0 628 568
639 640 0 629 569
640 641 0 630 570
641 642 0 631 571
642 643 0 632 572
643 644 0 633 573
644 645 0 634 574
645 646 0 635 575
646 647 0 636 576
647 648 0 637 577
648 649 0 638 578
649 650 0 639 579
650 651 0 640 580
651 652 0 641 581
652 653 0 642 582
653 654 0 643 583
654 655 0 644 584
655 656 0 645 585
656 657 0 646 586
657 658 0 647 587
658 659 0 648 588
659 660 0 649 589
660 661 0 650 590
661 662 0 651 591
662 663 0 652 592
663 664 0 653 593
664 665 0 654 594
665 666 0 655 595
666 667 0 656 596
667 668 0 657 597
668 669 0 658 598
669 670 0 659 599
671 672 0 660 600
672 673 0 661 601
673 674 0 662 602
674 675 0 663 603
675 676 0 664 604
676 677 0 665 605
677 678 0 666 606
678 679 0 667 607
679 680 0 668 608
680 681 0 669 609
681 682 0 670 610
682 683 0 671 611
683 684 0 672 612
684 685 0 673 613
685 686 0 674 614
686 687 0 675 615
687 688 0 676 616
688 689 0 677 617
689 690 0 678 618
690 691 0 679 619
691 692 0 680 620
692 693 0 681 621
693 694 0 682 622
694 695 0 683 623
695 696 0 684 624
696 697 0 685 625
697 698 0 686 626
698 699 0 687 627
699 700 0 688 628
700 701 0 689 629
701 702 0 690 630
702 703 0 691 631
703 704 0 692 632
704 705 0 693 633
705 706 0 694 634
706 707 0 695 635
707 708 0 696 636
708 709 0 697 637
709 710 0 698 638
710 711 0 699 639
711 712 0 700 640
712 713 0 701 641
713 714 0 702 642
714 715 0 703 643
715 716 0 704 644
716 717 0 705 645
717 718 0 706 646
718 719 0 707 647
719 720 0 708 648
720 721 0 709 649
721 722 0 710 650
722 723 0 711 651
723 724 0 712 652
724 725 0 713 653
725 726 0 714 654
726 727 0 715 655
727 728 0 716 656
728 729 0 717 657
729 730 0 718 658
730 731 0 719 659
732 733 0 720 660
733 734 0 721 661
734 735 0 722 662
735 736 0 723 663
736 737 0 724 664
737 738 0 725 665
738 739 0 726 666
739 740 0 727 667
740 741 0 728 668
741 742 0 729 669
742 743 0 730 670
743 744 0 731 671
744 745 0 732 672
745 746 0 733 673
746 747 0 734 674
747 748 0 735 675
748 749 0 736 676
749 750 0 737 677
750 751 0 738 678
751 752 0 739 679
752 753 0 740 680
753 754 0 741 681
754 755 0 742 682
755 756 0 743 683
756 757 0 744 684
757 758 0 745 685
758 759 0 746 686
759 760 0 747 687
760 761 0 748 688
761 762 0 749 689
762 763 0 750 690
763 764 0 751 691
764 765 0 752 692
765 766 0 753 693
766 767 0 754 694
767 768 0 755 695
768 769 0 756 696
769 770 0 757 697
770 771 0 758 698
771 772 0 759 699
772 773 0 760 700
773 774 0 761 701
774 775 0 762 702
775 776 0 763 703
776 777 0 764 704
777 778 0 765 705
778 779 0 766 706
779 780 0 767 707
780 781 0 768 708
781 782 0 769 709
782 783 0 770 710
783 784 0 771 711
784 785 0 772 712
785 786 0 773 713
786 787 0 774 714
787 788 0 775 715
788 789 0 776 716
789 790 0 777 717
790 791 0 778 718
791 792 0 779 719
793 794 0 780 720
794 795 0 781 721
795 796 0 782 722
796 797 0 783 723
797 798 0 784 724
798 799 0 785 725
799 800 0 786 726
800 801 0 787 727
801 802 0 788 728
802 803 0 789 729
803 804 0 790 730
804 805 0 791 731
805 806 0 792 732
806 807 0 793 733
807 808 0 794 734
808 809 0 795 735
809 810 0 796 736
810 811 0 797 737
811 812 0 798 738
812 813 0 799 739
813 814 0 800 740
814 815 0 801 741
815 816 0 802 742
816 817 0 803 743
817 818 0 804 744
818 819 0 805 745
819 820 0 806 746
820 821 0 807 747
821 822 0 808 748
822 823 0 809 749
823 824 0 810 750
824 825 0 811 751
825 826 0 812 752
826 827 0 813 753
827 828 0 814 754
828 829 0 815 755
829 830 0 816 756
830 831 0 817 757
831 832 0 818 758
832 833 0 819 759
833 834 0 820 760
834 835 0 821 761
835 836 0 822 762
836 837 0 823 763
837 838 0 824 764
838 839 0 825 765
839 840 0 826 766
840 841 0 827 767
841 842 0 828 768
842 843 0 829 769
843 844 0 830 770
844 845 0 831 771
845 846 0 832 772
846 847 0 833 773
847 848 0 834 774
848 849 0 835 775
849 850 0 836 776
850 851 0 837 777
851 852 0 838 778
852 853 0 839 779
854 855 0 840 780
855 856 0 841 781
856 857 0 842 782
857 858 0 843 783
858 859 0 844 784
859 860 0 845 785
860 861 0 846 786
861 862 0 847 787
862 863 0 848 788
863 864 0 849 789
864 865 0 850 790
865 866 0 851 791
866 867 0 852 792
867 868 0 853 793
868 869 0 854 794
869 870 0 855 795
870 871 0 856 796
871 872 0 857 797
872 873 0 858 798
873 874 0 859 799
874 875 0 860 800
875 876 0 861 801
876 877 0 862 802
877 878 0 863 803
878 879 0 864 804
879 880 0 865 805
880 881 0 866 806
881 882 0 867 807
882 883 0 868 808
883 884 0 869 809
884 885 0 870 810
885 886 0 871 811
886 887 0 872 812
887 888 0 873 813
888 889 0 874 814
889 890 0 875 815
890 891 0 876 816
891 892 0 877 817
892 893 0 878 818
893 894 0 879 819
894 895 0 880 820
895 896 0 881 821
896 897 0 882 822
897 898 0 883 823
898 899 0 884 824
899 900 0 885 825
900 901 0 886 826
901 902 0 887 827
902 903 0 888 828
903 904 0 889 829
904 905 0 890 830
905 906 0 891 831
906 907 0 892 832
907 908 0 893 833
908 909 0 894 834
909 910 0 895 835
910 911 0 896 836
911 912 0 897 837
912 913 0 898 838
913 914 0 899 839
915 916 0 900 840
916 917 0 901 841
917 918 0 902 842
918 919 0 903 843
919 920 0 904 844
920 921 0 905 845
921 922 0 906 846
922 923 0 907 847
923 924 0 908 848
924 925 0 909 849
925 926 0 910 850
926 927 0 911 851
927 928 0 912 852
928 929 0 913 853
929 930 0 914 854
930 931 0 915 855
931 932 0 916 856
932 933 0 917 857
933 934 0 918 858
934 935 0 919 859
935 936 0 920 860
936 937 0 921 861
937 938 0 922 862
938 939 0 923 863
939 940 0 924 864
940 941 0 925 865
941 942 0 926 866
942 943 0 927 867
943 944 0 928 868
944 945 0 929 869
945 946 0 930 870
946 947 0 931 871
947 948 0 932 872
948 949 0 933 873
949 950 0 934 874
950 951 0 935 875
951 952 0 936 876
952 953 0 937 877
953 954 0 938 878
954 955 0 939 879
955 956 0 940 880
956 957 0 941 881
957 958 0 942 882
958 959 0 943 883
959 960 0 944 884
960 961 0 945 885
961 962 0 946 886
962 963 0 947 887
963 964 0 948 888
964 965 0 949 889
965 966 0 950 890
966 967 0 951 891
967 968 0 952 892
968 969 0 953 893
969 970 0 954 894
970 971 0 955 895
971 972 0 956 896
972 973 0 957 897
973 974 0 958 898
974 975 0 959 899
976 977 0 960 900
977 978 0 961 901
978 979 0 962 902
979 980 0 963 903
980 981 0 964 904
981 982 0 965 905
982 983 0 966 906
983 984 0 967 907
984 985 0 968 908
985 986 0 969 909
986 987 0 970 910
987 988 0 971 911
988 989 0 972 912
989 990 0 973 913
990 991 0 974 914
991 992 0 975 915
992 993 0 976 916
993 994 0 977 917
994 995 0 978 918
995 996 0 979 919
996 997 0 980 920
997 998 0 981 921
998 999 0 982 922
999 1000 0 983 923
1000 1001 0 984 924
1001 1002 0 985 925
1002 1003 0 986 926
1003 1004 0 987 927
1004 1005 0 988 928
1005 1006 0 989 929
1006 1007 0 990 930
1007 1008 0 991 931
1008 1009 0 992 932
1009 1010 0 993 933
1010 1011 0 994 934
1011 1012 0 995 935
1012 1013 0 996 936
1013 1014 0 997 937
1014 1015 0 998 938
1015 1016 0 999 939
1016 1017 0 1000 940
1017 1018 0 1001 941
1018 1019 0 1002 942
1019 1020 0 1003 943
1020 1021 0 1004 944
1021 1022 0 1005 945
1022 1023 0 1006 946
1023 1024 0 1007 947
1024 1025 0 1008 948
1025 1026 0 1009 949
1026 1027 0 1010 950
1027 1028 0 1011 951
1028 1029 0 1012 952
1029 1030 0 1013 953
1030 1031 0 1014 954
1031 1032 0 1015 955
1032 1033 0 1016 956
1033 1034 0 1017 957
1034 1035 0 1018 958
1035 1036 0 1019 959
1037 1038 0 1020 960
1038 1039 0 1021 961
1039 1040 0 1022 962
1040 1041 0 1023 963
1041 1042 0 1024 964
1042 1043 0 1025 965
1043 1044 0 1026 966
1044 1045 0 1027 967
1045 1046 0 1028 968
1046 1047 0 1029 969
1047 1048 0 1030 970
1048 1049 0 1031 971
1049 1050 0 1032 972
1050 1051 0 1033 973
1051 1052 0 1034 974
1052 1053 0 1035 975
1053 1054 0 1036 976
1054 1055 0 1037 977
1055 1056 0 1038 978
1056 1057 0 1039 979
1057 1058 0 1040 980
1058 1059 0 1041 981
1059 1060 0 1042 982
1060 1061 0 1043 983
1061 1062 0 1044 984
1062 1063 0 1045 985
1063 1064 0 1046 986
1064 1065 0 1047 987
1065 1066 0 1048 988
1066 1067 0 1049 989
1067 1068 0 1050 990
1068 1069 0 1051 991
1069 1070 0 1052 992
1070 1071 0 1053 993
1071 1072 0 1054 994
1072 1073 0 1055 995
1073 1074 0 1056 996
1074 1075 0 1057 997
1075 1076 0 1058 998
1076 1077 0 1059 999
1077 1078 0 1060 1000
1078 1079 0 1061 1001
1079 1080 0 1062 1002
1080 1081 0 1063 1003
1081 1082 0 1064 1004
1082 1083 0 1065 1005
1083 1084 0 1066 1006
1084 1085 0 1067 1007
1085 1086 0 1068 1008
1086 1087 0 1069 1009
1087 1088 0 1070 1010
1088 1089 0 1071 1011
1089 1090 0 1072 1012
1090 1091 0 1073 1013
1091 1092 0 1074 1014
1092 1093 0 1075 1015
1093 1094 0 1076 1016
1094 1095 0 1077 1017
1095 1096 0 1078 1018
1096 1097 0 1079 1019
1098 1099 0 1080 1020
1099 1100 0 1081 1021
1100 1101 0 1082 1022
1101 1102 0 1083 1023
1102 1103 0 1084 1024
1103 1104 0 1085 1025
1104 1105 0 1086 1026
1105 1106 0 1087 1027
1106 1107 0 1088 1028
1107 1108 0 1089 1029
1108 1109 0 1090 1030
1109 1110 0 1091 1031
1110 1111 0 1092 1032
1111 1112 0 1093 1033
1112 1113 0 1094 1034
1113 1114 0 1095 1035
1114 1115 0 1096 1036
1115 1116 0 1097 1037
1116 1117 0 1098 1038
1117 1118 0 1099 1039
1118 1119 0 1100 1040
1119 1120 0 1101 1041
1120 1121 0 1102 1042
1121 1122 0 1103 1043
1122 1123 0 1104 1044
1123 1124 0 1105 1045
1124 1125 0 1106 1046
1125 1126 0 1107 1047
1126 1127 0 1108 1048
1127 1128 0 1109 1049
1128 1129 0 1110 1050
1129 1130 0 1111 1051
1130 1131 0 1112 1052
1131 1132 0 1113 1053
1132 1133 0 1114 1054
1133 1134 0 1115 1055
1134 1135 0 1116 1056
1135 1136 0 1117 1057
1136 1137 0 1118 1058
1137 1138 0 1119 1059
1138 1139 0 1120 1060
1139 1140 0 1121 1061
1140 1141 0 1122 1062
1141 1142 0 1123 1063
1142 1143 0 1124 1064
1143 1144 0 1125 1065
1144 1145 0 1126 1066
1145 1146 0 1127 1067
1146 1147 0 1128 1068
1147 1148 0 1129 1069
1148 1149 0 1130 1070
1149 1150 0 1131 1071
1150 1151 0 1132 1072
1151 1152 0 1133 1073
1152 1153 0 1134 1074
1153 1154 0 1135 1075
1154 1155 0 1136 1076
1155 1156 0 1137 1077
1156 1157 0 1138 1078
1157 1158 0 1139 1079
1159 1160 0 1140 1080
1160 1161 0 1141 1081
1161 1162 0 1142 1082
1162 1163 0 1143 1083
1163 1164 0 1144 1084
1164 1165 0 1145 1085
1165 1166 0 1146 1086
1166 1167 0 1147 1087
1167 1168 0 1148 1088
1168 1169 0 1149 1089
1169 1170 0 1150 1090
1170 1171 0 1151 1091
1171 1172 0 1152 1092
1172 1173 0 1153 1093
1173 1174 0 1154 1094
1174 1175 0 1155 1095
1175 1176 0 1156 1096
1176 1177 0 1157 1097
1177 1178 0 1158 1098
1178 1179 0 1159 1099
1179 1180 0 1160 1100
1180 1181 0 1161 1101
1181 1182 0 1162 1102
1182 1183 0 1163 1103
1183 1184 0 1164 1104
1184 1185 0 1165 1105
1185 1186 0 1166 1106
1186 1187 0 1167 1107
1187 1188 0 1168 1108
1188 1189 0 1169 1109
1189 1190 0 1170 1110
1190 1191 0 1171 1111
1191 1192 0 1172 1112
1192 1193 0 1173 1113
1193 1194 0 1174 1114
1194 1195 0 1175 1115
1195 1196 0 1176 1116
1196 1197 0 1177 1117
1197 1198 0 1178 1118
1198 1199 0 1179 1119
1199 1200 0 1180 1120
1200 1201 0 1181 1121
1201 1202 0 1182 1122
1202 1203 0 1183 1123
1203 1204 0 1184 1124
1204 1205 0 1185 1125
1205 1206 0 1186 1126
1206 1207 0 1187 1127
1207 1208 0 1188 1128
1208 1209 0 1189 1129
1209 1210 0 1190 1130
1210 1211 0 1191 1131
1211 1212 0 1192 1132
1212 1213 0 1193 1133
1213 1214 0 1194 1134
1214 1215 0 1195 1135
1215 1216 0 1196 1136
1216 1217 0 1197 1137
1217 1218 0 1198 1138
1218 1219 0 1199 1139
1220 1221 1 -1 1140
1221 1222 1 -1 1141
1222 1223 1 -1 1142
1223 1224 1 -1 1143
1224 1225 1 -1 1144
1225 1226 1 -1 1145
1226 1227 1 -1 1146
1227 1228 1 -1 1147
1228 1229 1 -1 1148
1229 1230 1 -1 1149
1230 1231 1 -1 1150
1231 1232 1 -1 1151
1232 1233 1 -1 1152
1233 1234 1 -1 1153
1234 1235 1 -1 1154
1235 1236 1 -1 1155
1236 1237 1 -1 1156
1237 1238 1 -1 1157
1238 1239 1 -1 1158
1239 1240 1 -1 1159
1240 1241 1 -1 1160
1241 1242 1 -1 1161
1242 1243 1 -1 1162
1243 1244 1 -1 1163
1244 1245 1 -1 1164
1245 1246 1 -1 1165
1246 1247 1 -1 1166
1247 1248 1 -1 1167
1248 1249 1 -1 1168
1249 1250 1 -1 1169
1250 1251 1 -1 1170
1251 1252 1 -1 1171
1252 1253 1 -1 1172
1253 1254 1 -1 1173
1254 1255 1 -1 1174
1255 1256 1 -1 1175
1256 1257 1 -1 1176
1257 1258 1 -1 1177
1258 1259 1 -1 1178
1259 1260 1 -1 1179
1260 1261 1 -1 1180
1261 1262 1 -1 1181
1262 1263 1 -1 1182
1263 1264 1 -1 1183
1264 1265 1 -1 1184
1265 1266 1 -1 1185
1266 1267 1 -1 1186
1267 1268 1 -1 1187
1268 1269 1 -1 1188
1269 1270 1 -1 1189
1270 1271 1 -1 1190
1271 1272 1 -1 1191
1272 1273 1 -1 1192
1273 1274 1 -1 1193
1274 1275 1 -1 1194
1275 1276 1 -1 1195
1276 1277 1 -1 1196
1277 1278 1 -1 1197
1278 1279 1 -1 1198
1279 1280 1 -1 1199
