4 6.8523262271e-04 6.8523262271e-04 1 32 31 0 -1 30 1 -1
4 6.1558297024e-03 6.8523262271e-04 2 33 32 1 0 31 2 -1
4 1.7037086855e-02 6.8523262271e-04 3 34 33 2 1 32 3 -1
4 3.3209786751e-02 6.8523262271e-04 4 35 34 3 2 33 4 -1
4 5.4496737906e-02 6.8523262271e-04 5 36 35 4 3 34 5 -1
4 8.0664716027e-02 6.8523262271e-04 6 37 36 5 4 35 6 -1
4 1.1142701927e-01 6.8523262271e-04 7 38 37 6 5 36 7 -1
4 1.4644660941e-01 6.8523262271e-04 8 39 38 7 6 37 8 -1
4 1.8533980448e-01 6.8523262271e-04 9 40 39 8 7 38 9 -1
4 2.2768048249e-01 6.8523262271e-04 10 41 40 9 8 39 10 -1
4 2.7300475013e-01 6.8523262271e-04 11 42 41 10 9 40 11 -1
4 3.2081602523e-01 6.8523262271e-04 12 43 42 11 10 41 12 -1
4 3.7059047745e-01 6.8523262271e-04 13 44 43 12 11 42 13 -1
4 4.2178276748e-01 6.8523262271e-04 14 45 44 13 12 43 14 -1
4 4.7383202188e-01 6.8523262271e-04 15 46 45 14 13 44 15 -1
4 5.2616797812e-01 6.8523262271e-04 16 47 46 15 14 45 16 -1
4 5.7821723252e-01 6.8523262271e-04 17 48 47 16 15 46 17 -1
4 6.2940952255e-01 6.8523262271e-04 18 49 48 17 16 47 18 -1
4 6.7918397477e-01 6.8523262271e-04 19 50 49 18 17 48 19 -1
4 7.2699524987e-01 6.8523262271e-04 20 51 50 19 18 49 20 -1
4 7.7231951751e-01 6.8523262271e-04 21 52 51 20 19 50 21 -1
4 8.1466019552e-01 6.8523262271e-04 22 53 52 21 20 51 22 -1
4 8.5355339059e-01 6.8523262271e-04 23 54 53 22 21 52 23 -1
4 8.8857298073e-01 6.8523262271e-04 24 55 54 23 22 53 24 -1
4 9.1933528397e-01 6.8523262271e-04 25 56 55 24 23 54 25 -1
4 9.4550326209e-01 6.8523262271e-04 26 57 56 25 24 55 26 -1
4 9.6679021325e-01 6.8523262271e-04 27 58 57 26 25 56 27 -1
4 9.8296291314e-01 6.8523262271e-04 28 59 58 27 26 57 28 -1
4 9.9384417030e-01 6.8523262271e-04 29 60 59 28 27 58 29 -1
4 9.9931476738e-01 6.8523262271e-04 30 61 60 29 28 59 -1 -1
4 6.8523262271e-04 6.1558297024e-03 32 63 62 31 -1 60 31 0
4 6.1558297024e-03 6.1558297024e-03 33 64 63 32 30 61 32 1
4 1.7037086855e-02 6.1558297024e-03 34 65 64 33 31 62 33 2
4 3.3209786751e-02 6.1558297024e-03 35 66 65 34 32 63 34 3
4 5.4496737906e-02 6.1558297024e-03 36 67 66 35 33 64 35 4
4 8.0664716027e-02 6.1558297024e-03 37 68 67 36 34 65 36 5
4 1.1142701927e-01 6.1558297024e-03 38 69 68 37 35 66 37 6
4 1.4644660941e-01 6.1558297024e-03 39 70 69 38 36 67 38 7
4 1.8533980448e-01 6.1558297024e-03 40 71 70 39 37 68 39 8
4 2.2768048249e-01 6.1558297024e-03 41 72 71 40 38 69 40 9
4 2.7300475013e-01 6.1558297024e-03 42 73 72 41 39 70 41 10
4 3.2081602523e-01 6.1558297024e-03 43 74 73 42 40 71 42 11
4 3.7059047745e-01 6.1558297024e-03 44 75 74 43 41 72 43 12
4 4.2178276748e-01 6.1558297024e-03 45 76 75 44 42 73 44 13
4 4.7383202188e-01 6.1558297024e-03 46 77 76 45 43 74 45 14
4 5.2616797812e-01 6.1558297024e-03 47 78 77 46 44 75 46 15
4 5.7821723252e-01 6.1558297024e-03 48 79 78 47 45 76 47 16
4 6.2940952255e-01 6.1558297024e-03 49 80 79 48 46 77 48 17
4 6.7918397477e-01 6.1558297024e-03 50 81 80 49 47 78 49 18
4 7.2699524987e-01 6.1558297024e-03 51 82 81 50 48 79 50 19
4 7.7231951751e-01 6.1558297024e-03 52 83 82 51 49 80 51 20
4 8.1466019552e-01 6.1558297024e-03 53 84 83 52 50 81 52 21
4 8.5355339059e-01 6.1558297024e-03 54 85 84 53 51 82 53 22
4 8.8857298073e-01 6.1558297024e-03 55 86 85 54 52 83 54 23
4 9.1933528397e-01 6.1558297024e-03 56 87 86 55 53 84 55 24
4 9.4550326209e-01 6.1558297024e-03 57 88 87 56 54 85 56 25
4 9.6679021325e-01 6.1558297024e-03 58 89 88 57 55 86 57 26
4 9.8296291314e-01 6.1558297024e-03 59 90 89 58 56 87 58 27
4 9.9384417030e-01 6.1558297024e-03 60 91 90 59 57 88 59 28
4 9.9931476738e-01 6.1558297024e-03 61 92 91 60 58 89 -1 29
4 6.8523262271e-04 1.7037086855e-02 63 94 93 62 -1 90 61 30
4 6.1558297024e-03 1.7037086855e-02 64 95 94 63 60 91 62 31
4 1.7037086855e-02 1.7037086855e-02 65 96 95 64 61 92 63 32
4 3.3209786751e-02 1.7037086855e-02 66 97 96 65 62 93 64 33
4 5.4496737906e-02 1.7037086855e-02 67 98 97 66 63 94 65 34
4 8.0664716027e-02 1.7037086855e-02 68 99 98 67 64 95 66 35
4 1.1142701927e-01 1.7037086855e-02 69 100 99 68 65 96 67 36
4 1.4644660941e-01 1.7037086855e-02 70 101 100 69 66 97 68 37
4 1.8533980448e-01 1.7037086855e-02 71 102 101 70 67 98 69 38
4 2.2768048249e-01 1.7037086855e-02 72 103 102 71 68 99 70 39
4 2.7300475013e-01 1.7037086855e-02 73 104 103 72 69 100 71 40
4 3.2081602523e-01 1.7037086855e-02 74 105 104 73 70 101 72 41
4 3.7059047745e-01 1.7037086855e-02 75 106 105 74 71 102 73 42
4 4.2178276748e-01 1.7037086855e-02 76 107 106 75 72 103 74 43
4 4.7383202188e-01 1.7037086855e-02 77 108 107 76 73 104 75 44
4 5.2616797812e-01 1.7037086855e-02 78 109 108 77 74 105 76 45
4 5.7821723252e-01 1.7037086855e-02 79 110 109 78 75 106 77 46
4 6.2940952255e-01 1.7037086855e-02 80 111 110 79 76 107 78 47
4 6.7918397477e-01 1.7037086855e-02 81 112 111 80 77 108 79 48
4 7.2699524987e-01 1.7037086855e-02 82 113 112 81 78 109 80 49
4 7.7231951751e-01 1.7037086855e-02 83 114 113 82 79 110 81 50
4 8.1466019552e-01 1.7037086855e-02 84 115 114 83 80 111 82 51
4 8.5355339059e-01 1.7037086855e-02 85 116 115 84 81 112 83 52
4 8.8857298073e-01 1.7037086855e-02 86 117 116 85 82 113 84 53
4 9.1933528397e-01 1.7037086855e-02 87 118 117 86 83 114 85 54
4 9.4550326209e-01 1.7037086855e-02 88 119 118 87 84 115 86 55
4 9.6679021325e-01 1.7037086855e-02 89 120 119 88 85 116 87 56
4 9.8296291314e-01 1.7037086855e-02 90 121 120 89 86 117 88 57
4 9.9384417030e-01 1.7037086855e-02 91 122 121 90 87 118 89 58
4 9.9931476738e-01 1.7037086855e-02 92 123 122 91 88 119 -1 59
4 6.8523262271e-04 3.3209786751e-02 94 125 124 93 -1 120 91 60
4 6.1558297024e-03 3.3209786751e-02 95 126 125 94 90 121 92 61
4 1.7037086855e-02 3.3209786751e-02 96 127 126 95 91 122 93 62
4 3.3209786751e-02 3.3209786751e-02 97 128 127 96 92 123 94 63
4 5.4496737906e-02 3.3209786751e-02 98 129 128 97 93 124 95 64
4 8.0664716027e-02 3.3209786751e-02 99 130 129 98 94 125 96 65
4 1.1142701927e-01 3.3209786751e-02 100 131 130 99 95 126 97 66
4 1.4644660941e-01 3.3209786751e-02 101 132 131 100 96 127 98 67
4 1.8533980448e-01 3.3209786751e-02 102 133 132 101 97 128 99 68
4 2.2768048249e-01 3.3209786751e-02 103 134 133 102 98 129 100 69
4 2.7300475013e-01 3.3209786751e-02 104 135 134 103 99 130 101 70
4 3.2081602523e-01 3.3209786751e-02 105 136 135 104 100 131 102 71
4 3.7059047745e-01 3.3209786751e-02 106 137 136 105 101 132 103 72
4 4.2178276748e-01 3.3209786751e-02 107 138 137 106 102 133 104 73
4 4.7383202188e-01 3.3209786751e-02 108 139 138 107 103 134 105 74
4 5.2616797812e-01 3.3209786751e-02 109 140 139 108 104 135 106 75
4 5.7821723252e-01 3.3209786751e-02 110 141 140 109 105 136 107 76
4 6.2940952255e-01 3.3209786751e-02 111 142 141 110 106 137 108 77
4 6.7918397477e-01 3.3209786751e-02 112 143 142 111 107 138 109 78
4 7.2699524987e-01 3.3209786751e-02 113 144 143 112 108 139 110 79
4 7.7231951751e-01 3.3209786751e-02 114 145 144 113 109 140 111 80
4 8.1466019552e-01 3.3209786751e-02 115 146 145 114 110 141 112 81
4 8.5355339059e-01 3.3209786751e-02 116 147 146 115 111 142 113 82
4 8.8857298073e-01 3.3209786751e-02 117 148 147 116 112 143 114 83
4 9.1933528397e-01 3.3209786751e-02 118 149 148 117 113 144 115 84
4 9.4550326209e-01 3.3209786751e-02 119 150 149 118 114 145 116 85
4 9.6679021325e-01 3.3209786751e-02 120 151 150 119 115 146 117 86
4 9.8296291314e-01 3.3209786751e-02 121 152 151 120 116 147 118 87
4 9.9384417030e-01 3.3209786751e-02 122 153 152 121 117 148 119 88
4 9.9931476738e-01 3.3209786751e-02 123 154 153 122 118 149 -1 89
4 6.8523262271e-04 5.4496737906e-02 125 156 155 124 -1 150 121 90
4 6.1558297024e-03 5.4496737906e-02 126 157 156 125 120 151 122 91
4 1.7037086855e-02 5.4496737906e-02 127 158 157 126 121 152 123 92
4 3.3209786751e-02 5.4496737906e-02 128 159 158 127 122 153 124 93
4 5.4496737906e-02 5.4496737906e-02 129 160 159 128 123 154 125 94
4 8.0664716027e-02 5.4496737906e-02 130 161 160 129 124 155 126 95
4 1.1142701927e-01 5.4496737906e-02 131 162 161 130 125 156 127 96
4 1.4644660941e-01 5.4496737906e-02 132 163 162 131 126 157 128 97
4 1.8533980448e-01 5.4496737906e-02 133 164 163 132 127 158 129 98
4 2.2768048249e-01 5.4496737906e-02 134 165 164 133 128 159 130 99
4 2.7300475013e-01 5.4496737906e-02 135 166 165 134 129 160 131 100
4 3.2081602523e-01 5.4496737906e-02 136 167 166 135 130 161 132 101
4 3.7059047745e-01 5.4496737906e-02 137 168 167 136 131 162 133 102
4 4.2178276748e-01 5.4496737906e-02 138 169 168 137 132 163 134 103
4 4.7383202188e-01 5.4496737906e-02 139 170 169 138 133 164 135 104
4 5.2616797812e-01 5.4496737906e-02 140 171 170 139 134 165 136 105
4 5.7821723252e-01 5.4496737906e-02 141 172 171 140 135 166 137 106
4 6.2940952255e-01 5.4496737906e-02 142 173 172 141 136 167 138 107
4 6.7918397477e-01 5.4496737906e-02 143 174 173 142 137 168 139 108
4 7.2699524987e-01 5.4496737906e-02 144 175 174 143 138 169 140 109
4 7.7231951751e-01 5.4496737906e-02 145 176 175 144 139 170 141 110
4 8.1466019552e-01 5.4496737906e-02 146 177 176 145 140 171 142 111
4 8.5355339059e-01 5.4496737906e-02 147 178 177 146 141 172 143 112
4 8.8857298073e-01 5.4496737906e-02 148 179 178 147 142 173 144 113
4 9.1933528397e-01 5.4496737906e-02 149 180 179 148 143 174 145 114
4 9.4550326209e-01 5.4496737906e-02 150 181 180 149 144 175 146 115
4 9.6679021325e-01 5.4496737906e-02 151 182 181 150 145 176 147 116
4 9.8296291314e-01 5.4496737906e-02 152 183 182 151 146 177 148 117
4 9.9384417030e-01 5.4496737906e-02 153 184 183 152 147 178 149 118
4 9.9931476738e-01 5.4496737906e-02 154 185 184 153 148 179 -1 119
4 6.8523262271e-04 8.0664716027e-02 156 187 186 155 -1 180 151 120
4 6.1558297024e-03 8.0664716027e-02 157 188 187 156 150 181 152 121
4 1.7037086855e-02 8.0664716027e-02 158 189 188 157 151 182 153 122
4 3.3209786751e-02 8.0664716027e-02 159 190 189 158 152 183 154 123
4 5.4496737906e-02 8.0664716027e-02 160 191 190 159 153 184 155 124
4 8.0664716027e-02 8.0664716027e-02 161 192 191 160 154 185 156 125
4 1.1142701927e-01 8.0664716027e-02 162 193 192 161 155 186 157 126
4 1.4644660941e-01 8.0664716027e-02 163 194 193 162 156 187 158 127
4 1.8533980448e-01 8.0664716027e-02 164 195 194 163 157 188 159 128
4 2.2768048249e-01 8.0664716027e-02 165 196 195 164 158 189 160 129
4 2.7300475013e-01 8.0664716027e-02 166 197 196 165 159 190 161 130
4 3.2081602523e-01 8.0664716027e-02 167 198 197 166 160 191 162 131
4 3.7059047745e-01 8.0664716027e-02 168 199 198 167 161 192 163 132
4 4.2178276748e-01 8.0664716027e-02 169 200 199 168 162 193 164 133
4 4.7383202188e-01 8.0664716027e-02 170 201 200 169 163 194 165 134
4 5.2616797812e-01 8.0664716027e-02 171 202 201 170 164 195 166 135
4 5.7821723252e-01 8.0664716027e-02 172 203 202 171 165 196 167 136
4 6.2940952255e-01 8.0664716027e-02 173 204 203 172 166 197 168 137
4 6.7918397477e-01 8.0664716027e-02 174 205 204 173 167 198 169 138
4 7.2699524987e-01 8.0664716027e-02 175 206 205 174 168 199 170 139
4 7.7231951751e-01 8.0664716027e-02 176 207 206 175 169 200 171 140
4 8.1466019552e-01 8.0664716027e-02 177 208 207 176 170 201 172 141
4 8.5355339059e-01 8.0664716027e-02 178 209 208 177 171 202 173 142
4 8.8857298073e-01 8.0664716027e-02 179 210 209 178 172 203 174 143
4 9.1933528397e-01 8.0664716027e-02 180 211 210 179 173 204 175 144
4 9.4550326209e-01 8.0664716027e-02 181 212 211 180 174 205 176 145
4 9.6679021325e-01 8.0664716027e-02 182 213 212 181 175 206 177 146
4 9.8296291314e-01 8.0664716027e-02 183 214 213 182 176 207 178 147
4 9.9384417030e-01 8.0664716027e-02 184 215 214 183 177 208 179 148
4 9.9931476738e-01 8.0664716027e-02 185 216 215 184 178 209 -1 149
4 6.8523262271e-04 1.1142701927e-01 187 218 217 186 -1 210 181 150
4 6.1558297024e-03 1.1142701927e-01 188 219 218 187 180 211 182 151
4 1.7037086855e-02 1.1142701927e-01 189 220 219 188 181 212 183 152
4 3.3209786751e-02 1.1142701927e-01 190 221 220 189 182 213 184 153
4 5.4496737906e-02 1.1142701927e-01 191 222 221 190 183 214 185 154
4 8.0664716027e-02 1.1142701927e-01 192 223 222 191 184 215 186 155
4 1.1142701927e-01 1.1142701927e-01 193 224 223 192 185 216 187 156
4 1.4644660941e-01 1.1142701927e-01 194 225 224 193 186 217 188 157
4 1.8533980448e-01 1.1142701927e-01 195 226 225 194 187 218 189 158
4 2.2768048249e-01 1.1142701927e-01 196 227 226 195 188 219 190 159
4 2.7300475013e-01 1.1142701927e-01 197 228 227 196 189 220 191 160
4 3.2081602523e-01 1.1142701927e-01 198 229 228 197 190 221 192 161
4 3.7059047745e-01 1.1142701927e-01 199 230 229 198 191 222 193 162
4 4.2178276748e-01 1.1142701927e-01 200 231 230 199 192 223 194 163
4 4.7383202188e-01 1.1142701927e-01 201 232 231 200 193 224 195 164
4 5.2616797812e-01 1.1142701927e-01 202 233 232 201 194 225 196 165
4 5.7821723252e-01 1.1142701927e-01 203 234 233 202 195 226 197 166
4 6.2940952255e-01 1.1142701927e-01 204 235 234 203 196 227 198 167
4 6.7918397477e-01 1.1142701927e-01 205 236 235 204 197 228 199 168
4 7.2699524987e-01 1.1142701927e-01 206 237 236 205 198 229 200 169
4 7.7231951751e-01 1.1142701927e-01 207 238 237 206 199 230 201 170
4 8.1466019552e-01 1.1142701927e-01 208 239 238 207 200 231 202 171
4 8.5355339059e-01 1.1142701927e-01 209 240 239 208 201 232 203 172
4 8.8857298073e-01 1.1142701927e-01 210 241 240 209 202 233 204 173
4 9.1933528397e-01 1.1142701927e-01 211 242 241 210 203 234 205 174
4 9.4550326209e-01 1.1142701927e-01 212 243 242 211 204 235 206 175
4 9.6679021325e-01 1.1142701927e-01 213 244 243 212 205 236 207 176
4 9.8296291314e-01 1.1142701927e-01 214 245 244 213 206 237 208 177
4 9.9384417030e-01 1.1142701927e-01 215 246 245 214 207 238 209 178
4 9.9931476738e-01 1.1142701927e-01 216 247 246 215 208 239 -1 179
4 6.8523262271e-04 1.4644660941e-01 218 249 248 217 -1 240 211 180
4 6.1558297024e-03 1.4644660941e-01 219 250 249 218 210 241 212 181
4 1.7037086855e-02 1.4644660941e-01 220 251 250 219 211 242 213 182
4 3.3209786751e-02 1.4644660941e-01 221 252 251 220 212 243 214 183
4 5.4496737906e-02 1.4644660941e-01 222 253 252 221 213 244 215 184
4 8.0664716027e-02 1.4644660941e-01 223 254 253 222 214 245 216 185
4 1.1142701927e-01 1.4644660941e-01 224 255 254 223 215 246 217 186
4 1.4644660941e-01 1.4644660941e-01 225 256 255 224 216 247 218 187
4 1.8533980448e-01 1.4644660941e-01 226 257 256 225 217 248 219 188
4 2.2768048249e-01 1.4644660941e-01 227 258 257 226 218 249 220 189
4 2.7300475013e-01 1.4644660941e-01 228 259 258 227 219 250 221 190
4 3.2081602523e-01 1.4644660941e-01 229 260 259 228 220 251 222 191
4 3.7059047745e-01 1.4644660941e-01 230 261 260 229 221 252 223 192
4 4.2178276748e-01 1.4644660941e-01 231 262 261 230 222 253 224 193
4 4.7383202188e-01 1.4644660941e-01 232 263 262 231 223 254 225 194
4 5.2616797812e-01 1.4644660941e-01 233 264 263 232 224 255 226 195
4 5.7821723252e-01 1.4644660941e-01 234 265 264 233 225 256 227 196
4 6.2940952255e-01 1.4644660941e-01 235 266 265 234 226 257 228 197
4 6.7918397477e-01 1.4644660941e-01 236 267 266 235 227 258 229 198
4 7.2699524987e-01 1.4644660941e-01 237 268 267 236 228 259 230 199
4 7.7231951751e-01 1.4644660941e-01 238 269 268 237 229 260 231 200
4 8.1466019552e-01 1.4644660941e-01 239 270 269 238 230 261 232 201
4 8.5355339059e-01 1.4644660941e-01 240 271 270 239 231 262 233 202
4 8.8857298073e-01 1.4644660941e-01 241 272 271 240 232 263 234 203
4 9.1933528397e-01 1.4644660941e-01 242 273 272 241 233 264 235 204
4 9.4550326209e-01 1.4644660941e-01 243 274 273 242 234 265 236 205
4 9.6679021325e-01 1.4644660941e-01 244 275 274 243 235 266 237 206
4 9.8296291314e-01 1.4644660941e-01 245 276 275 244 236 267 238 207
4 9.9384417030e-01 1.4644660941e-01 246 277 276 245 237 268 239 208
4 9.9931476738e-01 1.4644660941e-01 247 278 277 246 238 269 -1 209
4 6.8523262271e-04 1.8533980448e-01 249 280 279 248 -1 270 241 210
4 6.1558297024e-03 1.8533980448e-01 250 281 280 249 240 271 242 211
4 1.7037086855e-02 1.8533980448e-01 251 282 281 250 241 272 243 212
4 3.3209786751e-02 1.8533980448e-01 252 283 282 251 242 273 244 213
4 5.4496737906e-02 1.8533980448e-01 253 284 283 252 243 274 245 214
4 8.0664716027e-02 1.8533980448e-01 254 285 284 253 244 275 246 215
4 1.1142701927e-01 1.8533980448e-01 255 286 285 254 245 276 247 216
4 1.4644660941e-01 1.8533980448e-01 256 287 286 255 246 277 248 217
4 1.8533980448e-01 1.8533980448e-01 257 288 287 256 247 278 249 218
4 2.2768048249e-01 1.8533980448e-01 258 289 288 257 248 279 250 219
4 2.7300475013e-01 1.8533980448e-01 259 290 289 258 249 280 251 220
4 3.2081602523e-01 1.8533980448e-01 260 291 290 259 250 281 252 221
4 3.7059047745e-01 1.8533980448e-01 261 292 291 260 251 282 253 222
4 4.2178276748e-01 1.8533980448e-01 262 293 292 261 252 283 254 223
4 4.7383202188e-01 1.8533980448e-01 263 294 293 262 253 284 255 224
4 5.2616797812e-01 1.8533980448e-01 264 295 294 263 254 285 256 225
4 5.7821723252e-01 1.8533980448e-01 265 296 295 264 255 286 257 226
4 6.2940952255e-01 1.8533980448e-01 266 297 296 265 256 287 258 227
4 6.7918397477e-01 1.8533980448e-01 267 298 297 266 257 288 259 228
4 7.2699524987e-01 1.8533980448e-01 268 299 298 267 258 289 260 229
4 7.7231951751e-01 1.8533980448e-01 269 300 299 268 259 290 261 230
4 8.1466019552e-01 1.8533980448e-01 270 301 300 269 260 291 262 231
4 8.5355339059e-01 1.8533980448e-01 271 302 301 270 261 292 263 232
4 8.8857298073e-01 1.8533980448e-01 272 303 302 271 262 293 264 233
4 9.1933528397e-01 1.8533980448e-01 273 304 303 272 263 294 265 234
4 9.4550326209e-01 1.8533980448e-01 274 305 304 273 264 295 266 235
4 9.6679021325e-01 1.8533980448e-01 275 306 305 274 265 296 267 236
4 9.8296291314e-01 1.8533980448e-01 276 307 306 275 266 297 268 237
4 9.9384417030e-01 1.8533980448e-01 277 308 307 276 267 298 269 238
4 9.9931476738e-01 1.8533980448e-01 278 309 308 277 268 299 -1 239
4 6.8523262271e-04 2.2768048249e-01 280 311 310 279 -1 300 271 240
4 6.1558297024e-03 2.2768048249e-01 281 312 311 280 270 301 272 241
4 1.7037086855e-02 2.2768048249e-01 282 313 312 281 271 302 273 242
4 3.3209786751e-02 2.2768048249e-01 283 314 313 282 272 303 274 243
4 5.4496737906e-02 2.2768048249e-01 284 315 314 283 273 304 275 244
4 8.0664716027e-02 2.2768048249e-01 285 316 315 284 274 305 276 245
4 1.1142701927e-01 2.2768048249e-01 286 317 316 285 275 306 277 246
4 1.4644660941e-01 2.2768048249e-01 287 318 317 286 276 307 278 247
4 1.8533980448e-01 2.2768048249e-01 288 319 318 287 277 308 279 248
4 2.2768048249e-01 2.2768048249e-01 289 320 319 288 278 309 280 249
4 2.7300475013e-01 2.2768048249e-01 290 321 320 289 279 310 281 250
4 3.2081602523e-01 2.2768048249e-01 291 322 321 290 280 311 282 251
4 3.7059047745e-01 2.2768048249e-01 292 323 322 291 281 312 283 252
4 4.2178276748e-01 2.2768048249e-01 293 324 323 292 282 313 284 253
4 4.7383202188e-01 2.2768048249e-01 294 325 324 293 283 314 285 254
4 5.2616797812e-01 2.2768048249e-01 295 326 325 294 284 315 286 255
4 5.7821723252e-01 2.2768048249e-01 296 327 326 295 285 316 287 256
4 6.2940952255e-01 2.2768048249e-01 297 328 327 296 286 317 288 257
4 6.7918397477e-01 2.2768048249e-01 298 329 328 297 287 318 289 258
4 7.2699524987e-01 2.2768048249e-01 299 330 329 298 288 319 290 259
4 7.7231951751e-01 2.2768048249e-01 300 331 330 299 289 320 291 260
4 8.1466019552e-01 2.2768048249e-01 301 332 331 300 290 321 292 261
4 8.5355339059e-01 2.2768048249e-01 302 333 332 301 291 322 293 262
4 8.8857298073e-01 2.2768048249e-01 303 334 333 302 292 323 294 263
4 9.1933528397e-01 2.2768048249e-01 304 335 334 303 293 324 295 264
4 9.4550326209e-01 2.2768048249e-01 305 336 335 304 294 325 296 265
4 9.6679021325e-01 2.2768048249e-01 306 337 336 305 295 326 297 266
4 9.8296291314e-01 2.2768048249e-01 307 338 337 306 296 327 298 267
4 9.9384417030e-01 2.2768048249e-01 308 339 338 307 297 328 299 268
4 9.9931476738e-01 2.2768048249e-01 309 340 339 308 298 329 -1 269
4 6.8523262271e-04 2.7300475013e-01 311 342 341 310 -1 330 301 270
4 6.1558297024e-03 2.7300475013e-01 312 343 342 311 300 331 302 271
4 1.7037086855e-02 2.7300475013e-01 313 344 343 312 301 332 303 272
4 3.3209786751e-02 2.7300475013e-01 314 345 344 313 302 333 304 273
4 5.4496737906e-02 2.7300475013e-01 315 346 345 314 303 334 305 274
4 8.0664716027e-02 2.7300475013e-01 316 347 346 315 304 335 306 275
4 1.1142701927e-01 2.7300475013e-01 317 348 347 316 305 336 307 276
4 1.4644660941e-01 2.7300475013e-01 318 349 348 317 306 337 308 277
4 1.8533980448e-01 2.7300475013e-01 319 350 349 318 307 338 309 278
4 2.2768048249e-01 2.7300475013e-01 320 351 350 319 308 339 310 279
4 2.7300475013e-01 2.7300475013e-01 321 352 351 320 309 340 311 280
4 3.2081602523e-01 2.7300475013e-01 322 353 352 321 310 341 312 281
4 3.7059047745e-01 2.7300475013e-01 323 354 353 322 311 342 313 282
4 4.2178276748e-01 2.7300475013e-01 324 355 354 323 312 343 314 283
4 4.7383202188e-01 2.7300475013e-01 325 356 355 324 313 344 315 284
4 5.2616797812e-01 2.7300475013e-01 326 357 356 325 314 345 316 285
4 5.7821723252e-01 2.7300475013e-01 327 358 357 326 315 346 317 286
4 6.2940952255e-01 2.7300475013e-01 328 359 358 327 316 347 318 287
4 6.7918397477e-01 2.7300475013e-01 329 360 359 328 317 348 319 288
4 7.2699524987e-01 2.7300475013e-01 330 361 360 329 318 349 320 289
4 7.7231951751e-01 2.7300475013e-01 331 362 361 330 319 350 321 290
4 8.1466019552e-01 2.7300475013e-01 332 363 362 331 320 351 322 291
4 8.5355339059e-01 2.7300475013e-01 333 364 363 332 321 352 323 292
4 8.8857298073e-01 2.7300475013e-01 334 365 364 333 322 353 324 293
4 9.1933528397e-01 2.7300475013e-01 335 366 365 334 323 354 325 294
4 9.4550326209e-01 2.7300475013e-01 336 367 366 335 324 355 326 295
4 9.6679021325e-01 2.7300475013e-01 337 368 367 336 325 356 327 296
4 9.8296291314e-01 2.7300475013e-01 338 369 368 337 326 357 328 297
4 9.9384417030e-01 2.7300475013e-01 339 370 369 338 327 358 329 298
4 9.9931476738e-01 2.7300475013e-01 340 371 370 339 328 359 -1 299
4 6.8523262271e-04 3.2081602523e-01 342 373 372 341 -1 360 331 300
4 6.1558297024e-03 3.2081602523e-01 343 374 373 342 330 361 332 301
4 1.7037086855e-02 3.2081602523e-01 344 375 374 343 331 362 333 302
4 3.3209786751e-02 3.2081602523e-01 345 376 375 344 332 363 334 303
4 5.4496737906e-02 3.2081602523e-01 346 377 376 345 333 364 335 304
4 8.0664716027e-02 3.2081602523e-01 347 378 377 346 334 365 336 305
4 1.1142701927e-01 3.2081602523e-01 348 379 378 347 335 366 337 306
4 1.4644660941e-01 3.2081602523e-01 349 380 379 348 336 367 338 307
4 1.8533980448e-01 3.2081602523e-01 350 381 380 349 337 368 339 308
4 2.2768048249e-01 3.2081602523e-01 351 382 381 350 338 369 340 309
4 2.7300475013e-01 3.2081602523e-01 352 383 382 351 339 370 341 310
4 3.2081602523e-01 3.2081602523e-01 353 384 383 352 340 371 342 311
4 3.7059047745e-01 3.2081602523e-01 354 385 384 353 341 372 343 312
4 4.2178276748e-01 3.2081602523e-01 355 386 385 354 342 373 344 313
4 4.7383202188e-01 3.2081602523e-01 356 387 386 355 343 374 345 314
4 5.2616797812e-01 3.2081602523e-01 357 388 387 356 344 375 346 315
4 5.7821723252e-01 3.2081602523e-01 358 389 388 357 345 376 347 316
4 6.2940952255e-01 3.2081602523e-01 359 390 389 358 346 377 348 317
4 6.7918397477e-01 3.2081602523e-01 360 391 390 359 347 378 349 318
4 7.2699524987e-01 3.2081602523e-01 361 392 391 360 348 379 350 319
4 7.7231951751e-01 3.2081602523e-01 362 393 392 361 349 380 351 320
4 8.1466019552e-01 3.2081602523e-01 363 394 393 362 350 381 352 321
4 8.5355339059e-01 3.2081602523e-01 364 395 394 363 351 382 353 322
4 8.8857298073e-01 3.2081602523e-01 365 396 395 364 352 383 354 323
4 9.1933528397e-01 3.2081602523e-01 366 397 396 365 353 384 355 324
4 9.4550326209e-01 3.2081602523e-01 367 398 397 366 354 385 356 325
4 9.6679021325e-01 3.2081602523e-01 368 399 398 367 355 386 357 326
4 9.8296291314e-01 3.2081602523e-01 369 400 399 368 356 387 358 327
4 9.9384417030e-01 3.2081602523e-01 370 401 400 369 357 388 359 328
4 9.9931476738e-01 3.2081602523e-01 371 402 401 370 358 389 -1 329
4 6.8523262271e-04 3.7059047745e-01 373 404 403 372 -1 390 361 330
4 6.1558297024e-03 3.7059047745e-01 374 405 404 373 360 391 362 331
4 1.7037086855e-02 3.7059047745e-01 375 406 405 374 361 392 363 332
4 3.3209786751e-02 3.7059047745e-01 376 407 406 375 362 393 364 333
4 5.4496737906e-02 3.7059047745e-01 377 408 407 376 363 394 365 334
4 8.0664716027e-02 3.7059047745e-01 378 409 408 377 364 395 366 335
4 1.1142701927e-01 3.7059047745e-01 379 410 409 378 365 396 367 336
4 1.4644660941e-01 3.7059047745e-01 380 411 410 379 366 397 368 337
4 1.8533980448e-01 3.7059047745e-01 381 412 411 380 367 398 369 338
4 2.2768048249e-01 3.7059047745e-01 382 413 412 381 368 399 370 339
4 2.7300475013e-01 3.7059047745e-01 383 414 413 382 369 400 371 340
4 3.2081602523e-01 3.7059047745e-01 384 415 414 383 370 401 372 341
4 3.7059047745e-01 3.7059047745e-01 385 416 415 384 371 402 373 342
4 4.2178276748e-01 3.7059047745e-01 386 417 416 385 372 403 374 343
4 4.7383202188e-01 3.7059047745e-01 387 418 417 386 373 404 375 344
4 5.2616797812e-01 3.7059047745e-01 388 419 418 387 374 405 376 345
4 5.7821723252e-01 3.7059047745e-01 389 420 419 388 375 406 377 346
4 6.2940952255e-01 3.7059047745e-01 390 421 420 389 376 407 378 347
4 6.7918397477e-01 3.7059047745e-01 391 422 421 390 377 408 379 348
4 7.2699524987e-01 3.7059047745e-01 392 423 422 391 378 409 380 349
4 7.7231951751e-01 3.7059047745e-01 393 424 423 392 379 410 381 350
4 8.1466019552e-01 3.7059047745e-01 394 425 424 393 380 411 382 351
4 8.5355339059e-01 3.7059047745e-01 395 426 425 394 381 412 383 352
4 8.8857298073e-01 3.7059047745e-01 396 427 426 395 382 413 384 353
4 9.1933528397e-01 3.7059047745e-01 397 428 427 396 383 414 385 354
4 9.4550326209e-01 3.7059047745e-01 398 429 428 397 384 415 386 355
4 9.6679021325e-01 3.7059047745e-01 399 430 429 398 385 416 387 356
4 9.8296291314e-01 3.7059047745e-01 400 431 430 399 386 417 388 357
4 9.9384417030e-01 3.7059047745e-01 401 432 431 400 387 418 389 358
4 9.9931476738e-01 3.7059047745e-01 402 433 432 401 388 419 -1 359
4 6.8523262271e-04 4.2178276748e-01 404 435 434 403 -1 420 391 360
4 6.1558297024e-03 4.2178276748e-01 405 436 435 404 390 421 392 361
4 1.7037086855e-02 4.2178276748e-01 406 437 436 405 391 422 393 362
4 3.3209786751e-02 4.2178276748e-01 407 438 437 406 392 423 394 363
4 5.4496737906e-02 4.2178276748e-01 408 439 438 407 393 424 395 364
4 8.0664716027e-02 4.2178276748e-01 409 440 439 408 394 425 396 365
4 1.1142701927e-01 4.2178276748e-01 410 441 440 409 395 426 397 366
4 1.4644660941e-01 4.2178276748e-01 411 442 441 410 396 427 398 367
4 1.8533980448e-01 4.2178276748e-01 412 443 442 411 397 428 399 368
4 2.2768048249e-01 4.2178276748e-01 413 444 443 412 398 429 400 369
4 2.7300475013e-01 4.2178276748e-01 414 445 444 413 399 430 401 370
4 3.2081602523e-01 4.2178276748e-01 415 446 445 414 400 431 402 371
4 3.7059047745e-01 4.2178276748e-01 416 447 446 415 401 432 403 372
4 4.2178276748e-01 4.2178276748e-01 417 448 447 416 402 433 404 373
4 4.7383202188e-01 4.2178276748e-01 418 449 448 417 403 434 405 374
4 5.2616797812e-01 4.2178276748e-01 419 450 449 418 404 435 406 375
4 5.7821723252e-01 4.2178276748e-01 420 451 450 419 405 436 407 376
4 6.2940952255e-01 4.2178276748e-01 421 452 451 420 406 437 408 377
4 6.7918397477e-01 4.2178276748e-01 422 453 452 421 407 438 409 378
4 7.2699524987e-01 4.2178276748e-01 423 454 453 422 408 439 410 379
4 7.7231951751e-01 4.2178276748e-01 424 455 454 423 409 440 411 380
4 8.1466019552e-01 4.2178276748e-01 425 456 455 424 410 441 412 381
4 8.5355339059e-01 4.2178276748e-01 426 457 456 425 411 442 413 382
4 8.8857298073e-01 4.2178276748e-01 427 458 457 426 412 443 414 383
4 9.1933528397e-01 4.2178276748e-01 428 459 458 427 413 444 415 384
4 9.4550326209e-01 4.2178276748e-01 429 460 459 428 414 445 416 385
4 9.6679021325e-01 4.2178276748e-01 430 461 460 429 415 446 417 386
4 9.8296291314e-01 4.2178276748e-01 431 462 461 430 416 447 418 387
4 9.9384417030e-01 4.2178276748e-01 432 463 462 431 417 448 419 388
4 9.9931476738e-01 4.2178276748e-01 433 464 463 432 418 449 -1 389
4 6.8523262271e-04 4.7383202188e-01 435 466 465 434 -1 450 421 390
4 6.1558297024e-03 4.7383202188e-01 436 467 466 435 420 451 422 391
4 1.7037086855e-02 4.7383202188e-01 437 468 467 436 421 452 423 392
4 3.3209786751e-02 4.7383202188e-01 438 469 468 437 422 453 424 393
4 5.4496737906e-02 4.7383202188e-01 439 470 469 438 423 454 425 394
4 8.0664716027e-02 4.7383202188e-01 440 471 470 439 424 455 426 395
4 1.1142701927e-01 4.7383202188e-01 441 472 471 440 425 456 427 396
4 1.4644660941e-01 4.7383202188e-01 442 473 472 441 426 457 428 397
4 1.8533980448e-01 4.7383202188e-01 443 474 473 442 427 458 429 398
4 2.2768048249e-01 4.7383202188e-01 444 475 474 443 428 459 430 399
4 2.7300475013e-01 4.7383202188e-01 445 476 475 444 429 460 431 400
4 3.2081602523e-01 4.7383202188e-01 446 477 476 445 430 461 432 401
4 3.7059047745e-01 4.7383202188e-01 447 478 477 446 431 462 433 402
4 4.2178276748e-01 4.7383202188e-01 448 479 478 447 432 463 434 403
4 4.7383202188e-01 4.7383202188e-01 449 480 479 448 433 464 435 404
4 5.2616797812e-01 4.7383202188e-01 450 481 480 449 434 465 436 405
4 5.7821723252e-01 4.7383202188e-01 451 482 481 450 435 466 437 406
4 6.2940952255e-01 4.7383202188e-01 452 483 482 451 436 467 438 407
4 6.7918397477e-01 4.7383202188e-01 453 484 483 452 437 468 439 408
4 7.2699524987e-01 4.7383202188e-01 454 485 484 453 438 469 440 409
4 7.7231951751e-01 4.7383202188e-01 455 486 485 454 439 470 441 410
4 8.1466019552e-01 4.7383202188e-01 456 487 486 455 440 471 442 411
4 8.5355339059e-01 4.7383202188e-01 457 488 487 456 441 472 443 412
4 8.8857298073e-01 4.7383202188e-01 458 489 488 457 442 473 444 413
4 9.1933528397e-01 4.7383202188e-01 459 490 489 458 443 474 445 414
4 9.4550326209e-01 4.7383202188e-01 460 491 490 459 444 475 446 415
4 9.6679021325e-01 4.7383202188e-01 461 492 491 460 445 476 447 416
4 9.8296291314e-01 4.7383202188e-01 462 493 492 461 446 477 448 417
4 9.9384417030e-01 4.7383202188e-01 463 494 493 462 447 478 449 418
4 9.9931476738e-01 4.7383202188e-01 464 495 494 463 448 479 -1 419
4 6.8523262271e-04 5.2616797812e-01 466 497 496 465 -1 480 451 420
4 6.1558297024e-03 5.2616797812e-01 467 498 497 466 450 481 452 421
4 1.7037086855e-02 5.2616797812e-01 468 499 498 467 451 482 453 422
4 3.3209786751e-02 5.2616797812e-01 469 500 499 468 452 483 454 423
4 5.4496737906e-02 5.2616797812e-01 470 501 500 469 453 484 455 424
4 8.0664716027e-02 5.2616797812e-01 471 502 501 470 454 485 456 425
4 1.1142701927e-01 5.2616797812e-01 472 503 502 471 455 486 457 426
4 1.4644660941e-01 5.2616797812e-01 473 504 503 472 456 487 458 427
4 1.8533980448e-01 5.2616797812e-01 474 505 504 473 457 488 459 428
4 2.2768048249e-01 5.2616797812e-01 475 506 505 474 458 489 460 429
4 2.7300475013e-01 5.2616797812e-01 476 507 506 475 459 490 461 430
4 3.2081602523e-01 5.2616797812e-01 477 508 507 476 460 491 462 431
4 3.7059047745e-01 5.2616797812e-01 478 509 508 477 461 492 463 432
4 4.2178276748e-01 5.2616797812e-01 479 510 509 478 462 493 464 433
4 4.7383202188e-01 5.2616797812e-01 480 511 510 479 463 494 465 434
4 5.2616797812e-01 5.2616797812e-01 481 512 511 480 464 495 466 435
4 5.7821723252e-01 5.2616797812e-01 482 513 512 481 465 496 467 436
4 6.2940952255e-01 5.2616797812e-01 483 514 513 482 466 497 468 437
4 6.7918397477e-01 5.2616797812e-01 484 515 514 483 467 498 469 438
4 7.2699524987e-01 5.2616797812e-01 485 516 515 484 468 499 470 439
4 7.7231951751e-01 5.2616797812e-01 486 517 516 485 469 500 471 440
4 8.1466019552e-01 5.2616797812e-01 487 518 517 486 470 501 472 441
4 8.5355339059e-01 5.2616797812e-01 488 519 518 487 471 502 473 442
4 8.8857298073e-01 5.2616797812e-01 489 520 519 488 472 503 474 443
4 9.1933528397e-01 5.2616797812e-01 490 521 520 489 473 504 475 444
4 9.4550326209e-01 5.2616797812e-01 491 522 521 490 474 505 476 445
4 9.6679021325e-01 5.2616797812e-01 492 523 522 491 475 506 477 446
4 9.8296291314e-01 5.2616797812e-01 493 524 523 492 476 507 478 447
4 9.9384417030e-01 5.2616797812e-01 494 525 524 493 477 508 479 448
4 9.9931476738e-01 5.2616797812e-01 495 526 525 494 478 509 -1 449
4 6.8523262271e-04 5.7821723252e-01 497 528 527 496 -1 510 481 450
4 6.1558297024e-03 5.7821723252e-01 498 529 528 497 480 511 482 451
4 1.7037086855e-02 5.7821723252e-01 499 530 529 498 481 512 483 452
4 3.3209786751e-02 5.7821723252e-01 500 531 530 499 482 513 484 453
4 5.4496737906e-02 5.7821723252e-01 501 532 531 500 483 514 485 454
4 8.0664716027e-02 5.7821723252e-01 502 533 532 501 484 515 486 455
4 1.1142701927e-01 5.7821723252e-01 503 534 533 502 485 516 487 456
4 1.4644660941e-01 5.7821723252e-01 504 535 534 503 486 517 488 457
4 1.8533980448e-01 5.7821723252e-01 505 536 535 504 487 518 489 458
4 2.2768048249e-01 5.7821723252e-01 506 537 536 505 488 519 490 459
4 2.7300475013e-01 5.7821723252e-01 507 538 537 506 489 520 491 460
4 3.2081602523e-01 5.7821723252e-01 508 539 538 507 490 521 492 461
4 3.7059047745e-01 5.7821723252e-01 509 540 539 508 491 522 493 462
4 4.2178276748e-01 5.7821723252e-01 510 541 540 509 492 523 494 463
4 4.7383202188e-01 5.7821723252e-01 511 542 541 510 493 524 495 464
4 5.2616797812e-01 5.7821723252e-01 512 543 542 511 494 525 496 465
4 5.7821723252e-01 5.7821723252e-01 513 544 543 512 495 526 497 466
4 6.2940952255e-01 5.7821723252e-01 514 545 544 513 496 527 498 467
4 6.7918397477e-01 5.7821723252e-01 515 546 545 514 497 528 499 468
4 7.2699524987e-01 5.7821723252e-01 516 547 546 515 498 529 500 469
4 7.7231951751e-01 5.7821723252e-01 517 548 547 516 499 530 501 470
4 8.1466019552e-01 5.7821723252e-01 518 549 548 517 500 531 502 471
4 8.5355339059e-01 5.7821723252e-01 519 550 549 518 501 532 503 472
4 8.8857298073e-01 5.7821723252e-01 520 551 550 519 502 533 504 473
4 9.1933528397e-01 5.7821723252e-01 521 552 551 520 503 534 505 474
4 9.4550326209e-01 5.7821723252e-01 522 553 552 521 504 535 506 475
4 9.6679021325e-01 5.7821723252e-01 523 554 553 522 505 536 507 476
4 9.8296291314e-01 5.7821723252e-01 524 555 554 523 506 537 508 477
4 9.9384417030e-01 5.7821723252e-01 525 556 555 524 507 538 509 478
4 9.9931476738e-01 5.7821723252e-01 526 557 556 525 508 539 -1 479
4 6.8523262271e-04 6.2940952255e-01 528 559 558 527 -1 540 511 480
4 6.1558297024e-03 6.2940952255e-01 529 560 559 528 510 541 512 481
4 1.7037086855e-02 6.2940952255e-01 530 561 560 529 511 542 513 482
4 3.3209786751e-02 6.2940952255e-01 531 562 561 530 512 543 514 483
4 5.4496737906e-02 6.2940952255e-01 532 563 562 531 513 544 515 484
4 8.0664716027e-02 6.2940952255e-01 533 564 563 532 514 545 516 485
4 1.1142701927e-01 6.2940952255e-01 534 565 564 533 515 546 517 486
4 1.4644660941e-01 6.2940952255e-01 535 566 565 534 516 547 518 487
4 1.8533980448e-01 6.2940952255e-01 536 567 566 535 517 548 519 488
4 2.2768048249e-01 6.2940952255e-01 537 568 567 536 518 549 520 489
4 2.7300475013e-01 6.2940952255e-01 538 569 568 537 519 550 521 490
4 3.2081602523e-01 6.2940952255e-01 539 570 569 538 520 551 522 491
4 3.7059047745e-01 6.2940952255e-01 540 571 570 539 521 552 523 492
4 4.2178276748e-01 6.2940952255e-01 541 572 571 540 522 553 524 493
4 4.7383202188e-01 6.2940952255e-01 542 573 572 541 523 554 525 494
4 5.2616797812e-01 6.2940952255e-01 543 574 573 542 524 555 526 495
4 5.7821723252e-01 6.2940952255e-01 544 575 574 543 525 556 527 496
4 6.2940952255e-01 6.2940952255e-01 545 576 575 544 526 557 528 497
4 6.7918397477e-01 6.2940952255e-01 546 577 576 545 527 558 529 498
4 7.2699524987e-01 6.2940952255e-01 547 578 577 546 528 559 530 499
4 7.7231951751e-01 6.2940952255e-01 548 579 578 547 529 560 531 500
4 8.1466019552e-01 6.2940952255e-01 549 580 579 548 530 561 532 501
4 8.5355339059e-01 6.2940952255e-01 550 581 580 549 531 562 533 502
4 8.8857298073e-01 6.2940952255e-01 551 582 581 550 532 563 534 503
4 9.1933528397e-01 6.2940952255e-01 552 583 582 551 533 564 535 504
4 9.4550326209e-01 6.2940952255e-01 553 584 583 552 534 565 536 505
4 9.6679021325e-01 6.2940952255e-01 554 585 584 553 535 566 537 506
4 9.8296291314e-01 6.2940952255e-01 555 586 585 554 536 567 538 507
4 9.9384417030e-01 6.2940952255e-01 556 587 586 555 537 568 539 508
4 9.9931476738e-01 6.2940952255e-01 557 588 587 556 538 569 -1 509
4 6.8523262271e-04 6.7918397477e-01 559 590 589 558 -1 570 541 510
4 6.1558297024e-03 6.7918397477e-01 560 591 590 559 540 571 542 511
4 1.7037086855e-02 6.7918397477e-01 561 592 591 560 541 572 543 512
4 3.3209786751e-02 6.7918397477e-01 562 593 592 561 542 573 544 513
4 5.4496737906e-02 6.7918397477e-01 563 594 593 562 543 574 545 514
4 8.0664716027e-02 6.7918397477e-01 564 595 594 563 544 575 546 515
4 1.1142701927e-01 6.7918397477e-01 565 596 595 564 545 576 547 516
4 1.4644660941e-01 6.7918397477e-01 566 597 596 565 546 577 548 517
4 1.8533980448e-01 6.7918397477e-01 567 598 597 566 547 578 549 518
4 2.2768048249e-01 6.7918397477e-01 568 599 598 567 548 579 550 519
4 2.7300475013e-01 6.7918397477e-01 569 600 599 568 549 580 551 520
4 3.2081602523e-01 6.7918397477e-01 570 601 600 569 550 581 552 521
4 3.7059047745e-01 6.7918397477e-01 571 602 601 570 551 582 553 522
4 4.2178276748e-01 6.7918397477e-01 572 603 602 571 552 583 554 523
4 4.7383202188e-01 6.7918397477e-01 573 604 603 572 553 584 555 524
4 5.2616797812e-01 6.7918397477e-01 574 605 604 573 554 585 556 525
4 5.7821723252e-01 6.7918397477e-01 575 606 605 574 555 586 557 526
4 6.2940952255e-01 6.7918397477e-01 576 607 606 575 556 587 558 527
4 6.7918397477e-01 6.7918397477e-01 577 608 607 576 557 588 559 528
4 7.2699524987e-01 6.7918397477e-01 578 609 608 577 558 589 560 529
4 7.7231951751e-01 6.7918397477e-01 579 610 609 578 559 590 561 530
4 8.1466019552e-01 6.7918397477e-01 580 611 610 579 560 591 562 531
4 8.5355339059e-01 6.7918397477e-01 581 612 611 580 561 592 563 532
4 8.8857298073e-01 6.7918397477e-01 582 613 612 581 562 593 564 533
4 9.1933528397e-01 6.7918397477e-01 583 614 613 582 563 594 565 534
4 9.4550326209e-01 6.7918397477e-01 584 615 614 583 564 595 566 535
4 9.6679021325e-01 6.7918397477e-01 585 616 615 584 565 596 567 536
4 9.8296291314e-01 6.7918397477e-01 586 617 616 585 566 597 568 537
4 9.9384417030e-01 6.7918397477e-01 587 618 617 586 567 598 569 538
4 9.9931476738e-01 6.7918397477e-01 588 619 618 587 568 599 -1 539
4 6.8523262271e-04 7.2699524987e-01 590 621 620 589 -1 600 571 540
4 6.1558297024e-03 7.2699524987e-01 591 622 621 590 570 601 572 541
4 1.7037086855e-02 7.2699524987e-01 592 623 622 591 571 602 573 542
4 3.3209786751e-02 7.2699524987e-01 593 624 623 592 572 603 574 543
4 5.4496737906e-02 7.2699524987e-01 594 625 624 593 573 604 575 544
4 8.0664716027e-02 7.2699524987e-01 595 626 625 594 574 605 576 545
4 1.1142701927e-01 7.2699524987e-01 596 627 626 595 575 606 577 546
4 1.4644660941e-01 7.2699524987e-01 597 628 627 596 576 607 578 547
4 1.8533980448e-01 7.2699524987e-01 598 629 628 597 577 608 579 548
4 2.2768048249e-01 7.2699524987e-01 599 630 629 598 578 609 580 549
4 2.7300475013e-01 7.2699524987e-01 600 631 630 599 579 610 581 550
4 3.2081602523e-01 7.2699524987e-01 601 632 631 600 580 611 582 551
4 3.7059047745e-01 7.2699524987e-01 602 633 632 601 581 612 583 552
4 4.2178276748e-01 7.2699524987e-01 603 634 633 602 582 613 584 553
4 4.7383202188e-01 7.2699524987e-01 604 635 634 603 583 614 585 554
4 5.2616797812e-01 7.2699524987e-01 605 636 635 604 584 615 586 555
4 5.7821723252e-01 7.2699524987e-01 606 637 636 605 585 616 587 556
4 6.2940952255e-01 7.2699524987e-01 607 638 637 606 586 617 588 557
4 6.7918397477e-01 7.2699524987e-01 608 639 638 607 587 618 589 558
4 7.2699524987e-01 7.2699524987e-01 609 640 639 608 588 619 590 559
4 7.7231951751e-01 7.2699524987e-01 610 641 640 609 589 620 591 560
4 8.1466019552e-01 7.2699524987e-01 611 642 641 610 590 621 592 561
4 8.5355339059e-01 7.2699524987e-01 612 643 642 611 591 622 593 562
4 8.8857298073e-01 7.2699524987e-01 613 644 643 612 592 623 594 563
4 9.1933528397e-01 7.2699524987e-01 614 645 644 613 593 624 595 564
4 9.4550326209e-01 7.2699524987e-01 615 646 645 614 594 625 596 565
4 9.6679021325e-01 7.2699524987e-01 616 647 646 615 595 626 597 566
4 9.8296291314e-01 7.2699524987e-01 617 648 647 616 596 627 598 567
4 9.9384417030e-01 7.2699524987e-01 618 649 648 617 597 628 599 568
4 9.9931476738e-01 7.2699524987e-01 619 650 649 618 598 629 -1 569
4 6.8523262271e-04 7.7231951751e-01 621 652 651 620 -1 630 601 570
4 6.1558297024e-03 7.7231951751e-01 622 653 652 621 600 631 602 571
4 1.7037086855e-02 7.7231951751e-01 623 654 653 622 601 632 603 572
4 3.3209786751e-02 7.7231951751e-01 624 655 654 623 602 633 604 573
4 5.4496737906e-02 7.7231951751e-01 625 656 655 624 603 634 605 574
4 8.0664716027e-02 7.7231951751e-01 626 657 656 625 604 635 606 575
4 1.1142701927e-01 7.7231951751e-01 627 658 657 626 605 636 607 576
4 1.4644660941e-01 7.7231951751e-01 628 659 658 627 606 637 608 577
4 1.8533980448e-01 7.7231951751e-01 629 660 659 628 607 638 609 578
4 2.2768048249e-01 7.7231951751e-01 630 661 660 629 608 639 610 579
4 2.7300475013e-01 7.7231951751e-01 631 662 661 630 609 640 611 580
4 3.2081602523e-01 7.7231951751e-01 632 663 662 631 610 641 612 581
4 3.7059047745e-01 7.7231951751e-01 633 664 663 632 611 642 613 582
4 4.2178276748e-01 7.7231951751e-01 634 665 664 633 612 643 614 583
4 4.7383202188e-01 7.7231951751e-01 635 666 665 634 613 644 615 584
4 5.2616797812e-01 7.7231951751e-01 636 667 666 635 614 645 616 585
4 5.7821723252e-01 7.7231951751e-01 637 668 667 636 615 646 617 586
4 6.2940952255e-01 7.7231951751e-01 638 669 668 637 616 647 618 587
4 6.7918397477e-01 7.7231951751e-01 639 670 669 638 617 648 619 588
4 7.2699524987e-01 7.7231951751e-01 640 671 670 639 618 649 620 589
4 7.7231951751e-01 7.7231951751e-01 641 672 671 640 619 650 621 590
4 8.1466019552e-01 7.7231951751e-01 642 673 672 641 620 651 622 591
4 8.5355339059e-01 7.7231951751e-01 643 674 673 642 621 652 623 592
4 8.8857298073e-01 7.7231951751e-01 644 675 674 643 622 653 624 593
4 9.1933528397e-01 7.7231951751e-01 645 676 675 644 623 654 625 594
4 9.4550326209e-01 7.7231951751e-01 646 677 676 645 624 655 626 595
4 9.6679021325e-01 7.7231951751e-01 647 678 677 646 625 656 627 596
4 9.8296291314e-01 7.7231951751e-01 648 679 678 647 626 657 628 597
4 9.9384417030e-01 7.7231951751e-01 649 680 679 648 627 658 629 598
4 9.9931476738e-01 7.7231951751e-01 650 681 680 649 628 659 -1 599
4 6.8523262271e-04 8.1466019552e-01 652 683 682 651 -1 660 631 600
4 6.1558297024e-03 8.1466019552e-01 653 684 683 652 630 661 632 601
4 1.7037086855e-02 8.1466019552e-01 654 685 684 653 631 662 633 602
4 3.3209786751e-02 8.1466019552e-01 655 686 685 654 632 663 634 603
4 5.4496737906e-02 8.1466019552e-01 656 687 686 655 633 664 635 604
4 8.0664716027e-02 8.1466019552e-01 657 688 687 656 634 665 636 605
4 1.1142701927e-01 8.1466019552e-01 658 689 688 657 635 666 637 606
4 1.4644660941e-01 8.1466019552e-01 659 690 689 658 636 667 638 607
4 1.8533980448e-01 8.1466019552e-01 660 691 690 659 637 668 639 608
4 2.2768048249e-01 8.1466019552e-01 661 692 691 660 638 669 640 609
4 2.7300475013e-01 8.1466019552e-01 662 693 692 661 639 670 641 610
4 3.2081602523e-01 8.1466019552e-01 663 694 693 662 640 671 642 611
4 3.7059047745e-01 8.1466019552e-01 664 695 694 663 641 672 643 612
4 4.2178276748e-01 8.1466019552e-01 665 696 695 664 642 673 644 613
4 4.7383202188e-01 8.1466019552e-01 666 697 696 665 643 674 645 614
4 5.2616797812e-01 8.1466019552e-01 667 698 697 666 644 675 646 615
4 5.7821723252e-01 8.1466019552e-01 668 699 698 667 645 676 647 616
4 6.2940952255e-01 8.1466019552e-01 669 700 699 668 646 677 648 617
4 6.7918397477e-01 8.1466019552e-01 670 701 700 669 647 678 649 618
4 7.2699524987e-01 8.1466019552e-01 671 702 701 670 648 679 650 619
4 7.7231951751e-01 8.1466019552e-01 672 703 702 671 649 680 651 620
4 8.1466019552e-01 8.1466019552e-01 673 704 703 672 650 681 652 621
4 8.5355339059e-01 8.1466019552e-01 674 705 704 673 651 682 653 622
4 8.8857298073e-01 8.1466019552e-01 675 706 705 674 652 683 654 623
4 9.1933528397e-01 8.1466019552e-01 676 707 706 675 653 684 655 624
4 9.4550326209e-01 8.1466019552e-01 677 708 707 676 654 685 656 625
4 9.6679021325e-01 8.1466019552e-01 678 709 708 677 655 686 657 626
4 9.8296291314e-01 8.1466019552e-01 679 710 709 678 656 687 658 627
4 9.9384417030e-01 8.1466019552e-01 680 711 710 679 657 688 659 628
4 9.9931476738e-01 8.1466019552e-01 681 712 711 680 658 689 -1 629
4 6.8523262271e-04 8.5355339059e-01 683 714 713 682 -1 690 661 630
4 6.1558297024e-03 8.5355339059e-01 684 715 714 683 660 691 662 631
4 1.7037086855e-02 8.5355339059e-01 685 716 715 684 661 692 663 632
4 3.3209786751e-02 8.5355339059e-01 686 717 716 685 662 693 664 633
4 5.4496737906e-02 8.5355339059e-01 687 718 717 686 663 694 665 634
4 8.0664716027e-02 8.5355339059e-01 688 719 718 687 664 695 666 635
4 1.1142701927e-01 8.5355339059e-01 689 720 719 688 665 696 667 636
4 1.4644660941e-01 8.5355339059e-01 690 721 720 689 666 697 668 637
4 1.8533980448e-01 8.5355339059e-01 691 722 721 690 667 698 669 638
4 2.2768048249e-01 8.5355339059e-01 692 723 722 691 668 699 670 639
4 2.7300475013e-01 8.5355339059e-01 693 724 723 692 669 700 671 640
4 3.2081602523e-01 8.5355339059e-01 694 725 724 693 670 701 672 641
4 3.7059047745e-01 8.5355339059e-01 695 726 725 694 671 702 673 642
4 4.2178276748e-01 8.5355339059e-01 696 727 726 695 672 703 674 643
4 4.7383202188e-01 8.5355339059e-01 697 728 727 696 673 704 675 644
4 5.2616797812e-01 8.5355339059e-01 698 729 728 697 674 705 676 645
4 5.7821723252e-01 8.5355339059e-01 699 730 729 698 675 706 677 646
4 6.2940952255e-01 8.5355339059e-01 700 731 730 699 676 707 678 647
4 6.7918397477e-01 8.5355339059e-01 701 732 731 700 677 708 679 648
4 7.2699524987e-01 8.5355339059e-01 702 733 732 701 678 709 680 649
4 7.7231951751e-01 8.5355339059e-01 703 734 733 702 679 710 681 650
4 8.1466019552e-01 8.5355339059e-01 704 735 734 703 680 711 682 651
4 8.5355339059e-01 8.5355339059e-01 705 736 735 704 681 712 683 652
4 8.8857298073e-01 8.5355339059e-01 706 737 736 705 682 713 684 653
4 9.1933528397e-01 8.5355339059e-01 707 738 737 706 683 714 685 654
4 9.4550326209e-01 8.5355339059e-01 708 739 738 707 684 715 686 655
4 9.6679021325e-01 8.5355339059e-01 709 740 739 708 685 716 687 656
4 9.8296291314e-01 8.5355339059e-01 710 741 740 709 686 717 688 657
4 9.9384417030e-01 8.5355339059e-01 711 742 741 710 687 718 689 658
4 9.9931476738e-01 8.5355339059e-01 712 743 742 711 688 719 -1 659
4 6.8523262271e-04 8.8857298073e-01 714 745 744 713 -1 720 691 660
4 6.1558297024e-03 8.8857298073e-01 715 746 745 714 690 721 692 661
4 1.7037086855e-02 8.8857298073e-01 716 747 746 715 691 722 693 662
4 3.3209786751e-02 8.8857298073e-01 717 748 747 716 692 723 694 663
4 5.4496737906e-02 8.8857298073e-01 718 749 748 717 693 724 695 664
4 8.0664716027e-02 8.8857298073e-01 719 750 749 718 694 725 696 665
4 1.1142701927e-01 8.8857298073e-01 720 751 750 719 695 726 697 666
4 1.4644660941e-01 8.8857298073e-01 721 752 751 720 696 727 698 667
4 1.8533980448e-01 8.8857298073e-01 722 753 752 721 697 728 699 668
4 2.2768048249e-01 8.8857298073e-01 723 754 753 722 698 729 700 669
4 2.7300475013e-01 8.8857298073e-01 724 755 754 723 699 730 701 670
4 3.2081602523e-01 8.8857298073e-01 725 756 755 724 700 731 702 671
4 3.7059047745e-01 8.8857298073e-01 726 757 756 725 701 732 703 672
4 4.2178276748e-01 8.8857298073e-01 727 758 757 726 702 733 704 673
4 4.7383202188e-01 8.8857298073e-01 728 759 758 727 703 734 705 674
4 5.2616797812e-01 8.8857298073e-01 729 760 759 728 704 735 706 675
4 5.7821723252e-01 8.8857298073e-01 730 761 760 729 705 736 707 676
4 6.2940952255e-01 8.8857298073e-01 731 762 761 730 706 737 708 677
4 6.7918397477e-01 8.8857298073e-01 732 763 762 731 707 738 709 678
4 7.2699524987e-01 8.8857298073e-01 733 764 763 732 708 739 710 679
4 7.7231951751e-01 8.8857298073e-01 734 765 764 733 709 740 711 680
4 8.1466019552e-01 8.8857298073e-01 735 766 765 734 710 741 712 681
4 8.5355339059e-01 8.8857298073e-01 736 767 766 735 711 742 713 682
4 8.8857298073e-01 8.8857298073e-01 737 768 767 736 712 743 714 683
4 9.1933528397e-01 8.8857298073e-01 738 769 768 737 713 744 715 684
4 9.4550326209e-01 8.8857298073e-01 739 770 769 738 714 745 716 685
4 9.6679021325e-01 8.8857298073e-01 740 771 770 739 715 746 717 686
4 9.8296291314e-01 8.8857298073e-01 741 772 771 740 716 747 718 687
4 9.9384417030e-01 8.8857298073e-01 742 773 772 741 717 748 719 688
4 9.9931476738e-01 8.8857298073e-01 743 774 773 742 718 749 -1 689
4 6.8523262271e-04 9.1933528397e-01 745 776 775 744 -1 750 721 690
4 6.1558297024e-03 9.1933528397e-01 746 777 776 745 720 751 722 691
4 1.7037086855e-02 9.1933528397e-01 747 778 777 746 721 752 723 692
4 3.3209786751e-02 9.1933528397e-01 748 779 778 747 722 753 724 693
4 5.4496737906e-02 9.1933528397e-01 749 780 779 748 723 754 725 694
4 8.0664716027e-02 9.1933528397e-01 750 781 780 749 724 755 726 695
4 1.1142701927e-01 9.1933528397e-01 751 782 781 750 725 756 727 696
4 1.4644660941e-01 9.1933528397e-01 752 783 782 751 726 757 728 697
4 1.8533980448e-01 9.1933528397e-01 753 784 783 752 727 758 729 698
4 2.2768048249e-01 9.1933528397e-01 754 785 784 753 728 759 730 699
4 2.7300475013e-01 9.1933528397e-01 755 786 785 754 729 760 731 700
4 3.2081602523e-01 9.1933528397e-01 756 787 786 755 730 761 732 701
4 3.7059047745e-01 9.1933528397e-01 757 788 787 756 731 762 733 702
4 4.2178276748e-01 9.1933528397e-01 758 789 788 757 732 763 734 703
4 4.7383202188e-01 9.1933528397e-01 759 790 789 758 733 764 735 704
4 5.2616797812e-01 9.1933528397e-01 760 791 790 759 734 765 736 705
4 5.7821723252e-01 9.1933528397e-01 761 792 791 760 735 766 737 706
4 6.2940952255e-01 9.1933528397e-01 762 793 792 761 736 767 738 707
4 6.7918397477e-01 9.1933528397e-01 763 794 793 762 737 768 739 708
4 7.2699524987e-01 9.1933528397e-01 764 795 794 763 738 769 740 709
4 7.7231951751e-01 9.1933528397e-01 765 796 795 764 739 770 741 710
4 8.1466019552e-01 9.1933528397e-01 766 797 796 765 740 771 742 711
4 8.5355339059e-01 9.1933528397e-01 767 798 797 766 741 772 743 712
4 8.8857298073e-01 9.1933528397e-01 768 799 798 767 742 773 744 713
4 9.1933528397e-01 9.1933528397e-01 769 800 799 768 743 774 745 714
4 9.4550326209e-01 9.1933528397e-01 770 801 800 769 744 775 746 715
4 9.6679021325e-01 9.1933528397e-01 771 802 801 770 745 776 747 716
4 9.8296291314e-01 9.1933528397e-01 772 803 802 771 746 777 748 717
4 9.9384417030e-01 9.1933528397e-01 773 804 803 772 747 778 749 718
4 9.9931476738e-01 9.1933528397e-01 774 805 804 773 748 779 -1 719
4 6.8523262271e-04 9.4550326209e-01 776 807 806 775 -1 780 751 720
4 6.1558297024e-03 9.4550326209e-01 777 808 807 776 750 781 752 721
4 1.7037086855e-02 9.4550326209e-01 778 809 808 777 751 782 753 722
4 3.3209786751e-02 9.4550326209e-01 779 810 809 778 752 783 754 723
4 5.4496737906e-02 9.4550326209e-01 780 811 810 779 753 784 755 724
4 8.0664716027e-02 9.4550326209e-01 781 812 811 780 754 785 756 725
4 1.1142701927e-01 9.4550326209e-01 782 813 812 781 755 786 757 726
4 1.4644660941e-01 9.4550326209e-01 783 814 813 782 756 787 758 727
4 1.8533980448e-01 9.4550326209e-01 784 815 814 783 757 788 759 728
4 2.2768048249e-01 9.4550326209e-01 785 816 815 784 758 789 760 729
4 2.7300475013e-01 9.4550326209e-01 786 817 816 785 759 790 761 730
4 3.2081602523e-01 9.4550326209e-01 787 818 817 786 760 791 762 731
4 3.7059047745e-01 9.4550326209e-01 788 819 818 787 761 792 763 732
4 4.2178276748e-01 9.4550326209e-01 789 820 819 788 762 793 764 733
4 4.7383202188e-01 9.4550326209e-01 790 821 820 789 763 794 765 734
4 5.2616797812e-01 9.4550326209e-01 791 822 821 790 764 795 766 735
4 5.7821723252e-01 9.4550326209e-01 792 823 822 791 765 796 767 736
4 6.2940952255e-01 9.4550326209e-01 793 824 823 792 766 797 768 737
4 6.7918397477e-01 9.4550326209e-01 794 825 824 793 767 798 769 738
4 7.2699524987e-01 9.4550326209e-01 795 826 825 794 768 799 770 739
4 7.7231951751e-01 9.4550326209e-01 796 827 826 795 769 800 771 740
4 8.1466019552e-01 9.4550326209e-01 797 828 827 796 770 801 772 741
4 8.5355339059e-01 9.4550326209e-01 798 829 828 797 771 802 773 742
4 8.8857298073e-01 9.4550326209e-01 799 830 829 798 772 803 774 743
4 9.1933528397e-01 9.4550326209e-01 800 831 830 799 773 804 775 744
4 9.4550326209e-01 9.4550326209e-01 801 832 831 800 774 805 776 745
4 9.6679021325e-01 9.4550326209e-01 802 833 832 801 775 806 777 746
4 9.8296291314e-01 9.4550326209e-01 803 834 833 802 776 807 778 747
4 9.9384417030e-01 9.4550326209e-01 804 835 834 803 777 808 779 748
4 9.9931476738e-01 9.4550326209e-01 805 836 835 804 778 809 -1 749
4 6.8523262271e-04 9.6679021325e-01 807 838 837 806 -1 810 781 750
4 6.1558297024e-03 9.6679021325e-01 808 839 838 807 780 811 782 751
4 1.7037086855e-02 9.6679021325e-01 809 840 839 808 781 812 783 752
4 3.3209786751e-02 9.6679021325e-01 810 841 840 809 782 813 784 753
4 5.4496737906e-02 9.6679021325e-01 811 842 841 810 783 814 785 754
4 8.0664716027e-02 9.6679021325e-01 812 843 842 811 784 815 786 755
4 1.1142701927e-01 9.6679021325e-01 813 844 843 812 785 816 787 756
4 1.4644660941e-01 9.6679021325e-01 814 845 844 813 786 817 788 757
4 1.8533980448e-01 9.6679021325e-01 815 846 845 814 787 818 789 758
4 2.2768048249e-01 9.6679021325e-01 816 847 846 815 788 819 790 759
4 2.7300475013e-01 9.6679021325e-01 817 848 847 816 789 820 791 760
4 3.2081602523e-01 9.6679021325e-01 818 849 848 817 790 821 792 761
4 3.7059047745e-01 9.6679021325e-01 819 850 849 818 791 822 793 762
4 4.2178276748e-01 9.6679021325e-01 820 851 850 819 792 823 794 763
4 4.7383202188e-01 9.6679021325e-01 821 852 851 820 793 824 795 764
4 5.2616797812e-01 9.6679021325e-01 822 853 852 821 794 825 796 765
4 5.7821723252e-01 9.6679021325e-01 823 854 853 822 795 826 797 766
4 6.2940952255e-01 9.6679021325e-01 824 855 854 823 796 827 798 767
4 6.7918397477e-01 9.6679021325e-01 825 856 855 824 797 828 799 768
4 7.2699524987e-01 9.6679021325e-01 826 857 856 825 798 829 800 769
4 7.7231951751e-01 9.6679021325e-01 827 858 857 826 799 830 801 770
4 8.1466019552e-01 9.6679021325e-01 828 859 858 827 800 831 802 771
4 8.5355339059e-01 9.6679021325e-01 829 860 859 828 801 832 803 772
4 8.8857298073e-01 9.6679021325e-01 830 861 860 829 802 833 804 773
4 9.1933528397e-01 9.6679021325e-01 831 862 861 830 803 834 805 774
4 9.4550326209e-01 9.6679021325e-01 832 863 862 831 804 835 806 775
4 9.6679021325e-01 9.6679021325e-01 833 864 863 832 805 836 807 776
4 9.8296291314e-01 9.6679021325e-01 834 865 864 833 806 837 808 777
4 9.9384417030e-01 9.6679021325e-01 835 866 865 834 807 838 809 778
4 9.9931476738e-01 9.6679021325e-01 836 867 866 835 808 839 -1 779
4 6.8523262271e-04 9.8296291314e-01 838 869 868 837 -1 840 811 780
4 6.1558297024e-03 9.8296291314e-01 839 870 869 838 810 841 812 781
4 1.7037086855e-02 9.8296291314e-01 840 871 870 839 811 842 813 782
4 3.3209786751e-02 9.8296291314e-01 841 872 871 840 812 843 814 783
4 5.4496737906e-02 9.8296291314e-01 842 873 872 841 813 844 815 784
4 8.0664716027e-02 9.8296291314e-01 843 874 873 842 814 845 816 785
4 1.1142701927e-01 9.8296291314e-01 844 875 874 843 815 846 817 786
4 1.4644660941e-01 9.8296291314e-01 845 876 875 844 816 847 818 787
4 1.8533980448e-01 9.8296291314e-01 846 877 876 845 817 848 819 788
4 2.2768048249e-01 9.8296291314e-01 847 878 877 846 818 849 820 789
4 2.7300475013e-01 9.8296291314e-01 848 879 878 847 819 850 821 790
4 3.2081602523e-01 9.8296291314e-01 849 880 879 848 820 851 822 791
4 3.7059047745e-01 9.8296291314e-01 850 881 880 849 821 852 823 792
4 4.2178276748e-01 9.8296291314e-01 851 882 881 850 822 853 824 793
4 4.7383202188e-01 9.8296291314e-01 852 883 882 851 823 854 825 794
4 5.2616797812e-01 9.8296291314e-01 853 884 883 852 824 855 826 795
4 5.7821723252e-01 9.8296291314e-01 854 885 884 853 825 856 827 796
4 6.2940952255e-01 9.8296291314e-01 855 886 885 854 826 857 828 797
4 6.7918397477e-01 9.8296291314e-01 856 887 886 855 827 858 829 798
4 7.2699524987e-01 9.8296291314e-01 857 888 887 856 828 859 830 799
4 7.7231951751e-01 9.8296291314e-01 858 889 888 857 829 860 831 800
4 8.1466019552e-01 9.8296291314e-01 859 890 889 858 830 861 832 801
4 8.5355339059e-01 9.8296291314e-01 860 891 890 859 831 862 833 802
4 8.8857298073e-01 9.8296291314e-01 861 892 891 860 832 863 834 803
4 9.1933528397e-01 9.8296291314e-01 862 893 892 861 833 864 835 804
4 9.4550326209e-01 9.8296291314e-01 863 894 893 862 834 865 836 805
4 9.6679021325e-01 9.8296291314e-01 864 895 894 863 835 866 837 806
4 9.8296291314e-01 9.8296291314e-01 865 896 895 864 836 867 838 807
4 9.9384417030e-01 9.8296291314e-01 866 897 896 865 837 868 839 808
4 9.9931476738e-01 9.8296291314e-01 867 898 897 866 838 869 -1 809
4 6.8523262271e-04 9.9384417030e-01 869 900 899 868 -1 870 841 810
4 6.1558297024e-03 9.9384417030e-01 870 901 900 869 840 871 842 811
4 1.7037086855e-02 9.9384417030e-01 871 902 901 870 841 872 843 812
4 3.3209786751e-02 9.9384417030e-01 872 903 902 871 842 873 844 813
4 5.4496737906e-02 9.9384417030e-01 873 904 903 872 843 874 845 814
4 8.0664716027e-02 9.9384417030e-01 874 905 904 873 844 875 846 815
4 1.1142701927e-01 9.9384417030e-01 875 906 905 874 845 876 847 816
4 1.4644660941e-01 9.9384417030e-01 876 907 906 875 846 877 848 817
4 1.8533980448e-01 9.9384417030e-01 877 908 907 876 847 878 849 818
4 2.2768048249e-01 9.9384417030e-01 878 909 908 877 848 879 850 819
4 2.7300475013e-01 9.9384417030e-01 879 910 909 878 849 880 851 820
4 3.2081602523e-01 9.9384417030e-01 880 911 910 879 850 881 852 821
4 3.7059047745e-01 9.9384417030e-01 881 912 911 880 851 882 853 822
4 4.2178276748e-01 9.9384417030e-01 882 913 912 881 852 883 854 823
4 4.7383202188e-01 9.9384417030e-01 883 914 913 882 853 884 855 824
4 5.2616797812e-01 9.9384417030e-01 884 915 914 883 854 885 856 825
4 5.7821723252e-01 9.9384417030e-01 885 916 915 884 855 886 857 826
4 6.2940952255e-01 9.9384417030e-01 886 917 916 885 856 887 858 827
4 6.7918397477e-01 9.9384417030e-01 887 918 917 886 857 888 859 828
4 7.2699524987e-01 9.9384417030e-01 888 919 918 887 858 889 860 829
4 7.7231951751e-01 9.9384417030e-01 889 920 919 888 859 890 861 830
4 8.1466019552e-01 9.9384417030e-01 890 921 920 889 860 891 862 831
4 8.5355339059e-01 9.9384417030e-01 891 922 921 890 861 892 863 832
4 8.8857298073e-01 9.9384417030e-01 892 923 922 891 862 893 864 833
4 9.1933528397e-01 9.9384417030e-01 893 924 923 892 863 894 865 834
4 9.4550326209e-01 9.9384417030e-01 894 925 924 893 864 895 866 835
4 9.6679021325e-01 9.9384417030e-01 895 926 925 894 865 896 867 836
4 9.8296291314e-01 9.9384417030e-01 896 927 926 895 866 897 868 837
4 9.9384417030e-01 9.9384417030e-01 897 928 927 896 867 898 869 838
4 9.9931476738e-01 9.9384417030e-01 898 929 928 897 868 899 -1 839
4 6.8523262271e-04 9.9931476738e-01 900 931 930 899 -1 -1 871 840
4 6.1558297024e-03 9.9931476738e-01 901 932 931 900 870 -1 872 841
4 1.7037086855e-02 9.9931476738e-01 902 933 932 901 871 -1 873 842
4 3.3209786751e-02 9.9931476738e-01 903 934 933 902 872 -1 874 843
4 5.4496737906e-02 9.9931476738e-01 904 935 934 903 873 -1 875 844
4 8.0664716027e-02 9.9931476738e-01 905 936 935 904 874 -1 876 845
4 1.1142701927e-01 9.9931476738e-01 906 937 936 905 875 -1 877 846
4 1.4644660941e-01 9.9931476738e-01 907 938 937 906 876 -1 878 847
4 1.8533980448e-01 9.9931476738e-01 908 939 938 907 877 -1 879 848
4 2.2768048249e-01 9.9931476738e-01 909 940 939 908 878 -1 880 849
4 2.7300475013e-01 9.9931476738e-01 910 941 940 909 879 -1 881 850
4 3.2081602523e-01 9.9931476738e-01 911 942 941 910 880 -1 882 851
4 3.7059047745e-01 9.9931476738e-01 912 943 942 911 881 -1 883 852
4 4.2178276748e-01 9.9931476738e-01 913 944 943 912 882 -1 884 853
4 4.7383202188e-01 9.9931476738e-01 914 945 944 913 883 -1 885 854
4 5.2616797812e-01 9.9931476738e-01 915 946 945 914 884 -1 886 855
4 5.7821723252e-01 9.9931476738e-01 916 947 946 915 885 -1 887 856
4 6.2940952255e-01 9.9931476738e-01 917 948 947 916 886 -1 888 857
4 6.7918397477e-01 9.9931476738e-01 918 949 948 917 887 -1 889 858
4 7.2699524987e-01 9.9931476738e-01 919 950 949 918 888 -1 890 859
4 7.7231951751e-01 9.9931476738e-01 920 951 950 919 889 -1 891 860
4 8.1466019552e-01 9.9931476738e-01 921 952 951 920 890 -1 892 861
4 8.5355339059e-01 9.9931476738e-01 922 953 952 921 891 -1 893 862
4 8.8857298073e-01 9.9931476738e-01 923 954 953 922 892 -1 894 863
4 9.1933528397e-01 9.9931476738e-01 924 955 954 923 893 -1 895 864
4 9.4550326209e-01 9.9931476738e-01 925 956 955 924 894 -1 896 865
4 9.6679021325e-01 9.9931476738e-01 926 957 956 925 895 -1 897 866
4 9.8296291314e-01 9.9931476738e-01 927 958 957 926 896 -1 898 867
4 9.9384417030e-01 9.9931476738e-01 928 959 958 927 897 -1 899 868
4 9.9931476738e-01 9.9931476738e-01 929 960 959 928 898 -1 -1 869
