  0.000000   0.000000  0
80000.000000   0.000000  0
80000.000000 25000.000000  0
  0.000000 25000.000000  0
1000.000000   0.000000  0
2000.000000   0.000000  0
3000.000000   0.000000  0
4000.000000   0.000000  0
5000.000000   0.000000  0
6000.000000   0.000000  0
7000.000000   0.000000  0
8000.000000   0.000000  0
9000.000000   0.000000  0
10000.000000   0.000000  0
11000.000000   0.000000  0
12000.000000   0.000000  0
13000.000000   0.000000  0
14000.000000   0.000000  0
15000.000000   0.000000  0
16000.000000   0.000000  0
17000.000000   0.000000  0
18000.000000   0.000000  0
19000.000000   0.000000  0
20000.000000   0.000000  0
21000.000000   0.000000  0
22000.000000   0.000000  0
23000.000000   0.000000  0
24000.000000   0.000000  0
25000.000000   0.000000  0
26000.000000   0.000000  0
27000.000000   0.000000  0
28000.000000   0.000000  0
29000.000000   0.000000  0
30000.000000   0.000000  0
31000.000000   0.000000  0
32000.000000   0.000000  0
33000.000000   0.000000  0
34000.000000   0.000000  0
35000.000000   0.000000  0
36000.000000   0.000000  0
37000.000000   0.000000  0
38000.000000   0.000000  0
39000.000000   0.000000  0
40000.000000   0.000000  0
41000.000000   0.000000  0
42000.000000   0.000000  0
43000.000000   0.000000  0
44000.000000   0.000000  0
45000.000000   0.000000  0
46000.000000   0.000000  0
47000.000000   0.000000  0
48000.000000   0.000000  0
49000.000000   0.000000  0
50000.000000   0.000000  0
51000.000000   0.000000  0
52000.000000   0.000000  0
53000.000000   0.000000  0
54000.000000   0.000000  0
55000.000000   0.000000  0
56000.000000   0.000000  0
57000.000000   0.000000  0
58000.000000   0.000000  0
59000.000000   0.000000  0
60000.000000   0.000000  0
61000.000000   0.000000  0
62000.000000   0.000000  0
63000.000000   0.000000  0
64000.000000   0.000000  0
65000.000000   0.000000  0
66000.000000   0.000000  0
67000.000000   0.000000  0
68000.000000   0.000000  0
69000.000000   0.000000  0
70000.000000   0.000000  0
71000.000000   0.000000  0
72000.000000   0.000000  0
73000.000000   0.000000  0
74000.000000   0.000000  0
75000.000000   0.000000  0
76000.000000   0.000000  0
77000.000000   0.000000  0
78000.000000   0.000000  0
79000.000000   0.000000  0
80000.000000 24038.461538  0
80000.000000 23076.923077  0
80000.000000 22115.384615  0
80000.000000 21153.846154  0
80000.000000 20192.307692  0
80000.000000 19230.769231  0
80000.000000 18269.230769  0
80000.000000 17307.692308  0
80000.000000 16346.153846  0
80000.000000 15384.615385  0
80000.000000 14423.076923  0
80000.000000 13461.538462  0
80000.000000 12500.000000  0
80000.000000 11538.461538  0
80000.000000 10576.923077  0
80000.000000 9615.384615  0
80000.000000 8653.846154  0
80000.000000 7692.307692  0
80000.000000 6730.769231  0
80000.000000 5769.230769  0
80000.000000 4807.692308  0
80000.000000 3846.153846  0
80000.000000 2884.615385  0
80000.000000 1923.076923  0
80000.000000 961.538462  0
79000.000000 25000.000000  0
78000.000000 25000.000000  0
77000.000000 25000.000000  0
76000.000000 25000.000000  0
75000.000000 25000.000000  0
74000.000000 25000.000000  0
73000.000000 25000.000000  0
72000.000000 25000.000000  0
71000.000000 25000.000000  0
70000.000000 25000.000000  0
69000.000000 25000.000000  0
68000.000000 25000.000000  0
67000.000000 25000.000000  0
66000.000000 25000.000000  0
65000.000000 25000.000000  0
64000.000000 25000.000000  0
63000.000000 25000.000000  0
62000.000000 25000.000000  0
61000.000000 25000.000000  0
60000.000000 25000.000000  0
59000.000000 25000.000000  0
58000.000000 25000.000000  0
57000.000000 25000.000000  0
56000.000000 25000.000000  0
55000.000000 25000.000000  0
54000.000000 25000.000000  0
53000.000000 25000.000000  0
52000.000000 25000.000000  0
51000.000000 25000.000000  0
50000.000000 25000.000000  0
49000.000000 25000.000000  0
48000.000000 25000.000000  0
47000.000000 25000.000000  0
46000.000000 25000.000000  0
45000.000000 25000.000000  0
44000.000000 25000.000000  0
43000.000000 25000.000000  0
42000.000000 25000.000000  0
41000.000000 25000.000000  0
40000.000000 25000.000000  0
39000.000000 25000.000000  0
38000.000000 25000.000000  0
37000.000000 25000.000000  0
36000.000000 25000.000000  0
35000.000000 25000.000000  0
34000.000000 25000.000000  0
33000.000000 25000.000000  0
32000.000000 25000.000000  0
31000.000000 25000.000000  0
30000.000000 25000.000000  0
29000.000000 25000.000000  0
28000.000000 25000.000000  0
27000.000000 25000.000000  0
26000.000000 25000.000000  0
25000.000000 25000.000000  0
24000.000000 25000.000000  0
23000.000000 25000.000000  0
22000.000000 25000.000000  0
21000.000000 25000.000000  0
20000.000000 25000.000000  0
19000.000000 25000.000000  0
18000.000000 25000.000000  0
17000.000000 25000.000000  0
16000.000000 25000.000000  0
15000.000000 25000.000000  0
14000.000000 25000.000000  0
13000.000000 25000.000000  0
12000.000000 25000.000000  0
11000.000000 25000.000000  0
10000.000000 25000.000000  0
9000.000000 25000.000000  0
8000.000000 25000.000000  0
7000.000000 25000.000000  0
6000.000000 25000.000000  0
5000.000000 25000.000000  0
4000.000000 25000.000000  0
3000.000000 25000.000000  0
2000.000000 25000.000000  0
1000.000000 25000.000000  0
  0.000000 24038.461538  0
  0.000000 23076.923077  0
  0.000000 22115.384615  0
  0.000000 21153.846154  0
  0.000000 20192.307692  0
  0.000000 19230.769231  0
  0.000000 18269.230769  0
  0.000000 17307.692308  0
  0.000000 16346.153846  0
  0.000000 15384.615385  0
  0.000000 14423.076923  0
  0.000000 13461.538462  0
  0.000000 12500.000000  0
  0.000000 11538.461538  0
  0.000000 10576.923077  0
  0.000000 9615.384615  0
  0.000000 8653.846154  0
  0.000000 7692.307692  0
  0.000000 6730.769231  0
  0.000000 5769.230769  0
  0.000000 4807.692308  0
  0.000000 3846.153846  0
  0.000000 2884.615385  0
  0.000000 1923.076923  0
  0.000000 961.538462  0
66999.984793 998.869030  0
13000.389311 24000.772883  0
35999.999992 999.999991  0
54999.999904 24000.000247  0
60999.996932 24000.013273  0
46999.999999 24000.000002  0
41000.000000 24000.000000  0
27000.000000 1000.000000  0
19008.300329 871.616483  0
22000.006161 24000.010073  0
66999.982695 24000.852983  0
13894.247254 1233.323726  0
42000.000000 1000.000000  0
55999.998820 999.996303  0
48999.999993 999.999955  0
61999.994796 999.933541  0
35000.000000 24000.000000  0
27000.000110 24000.000508  0
961.998992 12498.742392  0
79035.010192 13459.343390  0
79034.834766 8650.966191  0
10049.187171 1047.257881  0
70999.499684 24003.304585  0
966.362583 7702.186525  0
79034.947481 18267.069045  0
8001.888341 24004.140022  0
72003.297626 997.827267  0
967.684547 19230.509871  0
79032.687608 4806.904343  0
6065.763735 853.148940  0
73998.538756 24004.111246  0
966.749365 4818.969186  0
2994.257033 24016.562274  0
32000.000009 999.999985  0
77006.219494 988.051075  0
4167.269722 1194.904293  0
971.759640 2899.130372  0
76004.443676 24007.746908  0
79032.080865 22111.696140  0
30000.000001 24000.000059  0
46000.000000 1000.000000  0
23991.576016 989.870144  0
49999.999997 24000.000014  0
16000.057626 24000.198829  0
79019.159012 1930.103350  0
979.504124 22107.761042  0
10001.235808 24002.402348  0
69999.853094 998.728278  0
40000.000000 1000.000000  0
32000.000000 24000.000012  0
18000.027956 24000.082233  0
37000.000000 24000.000001  0
24000.001768 24000.003138  0
60000.000255 999.981287  0
53999.999616 999.998782  0
51999.999877 999.999650  0
21982.784274 964.864633  0
64999.921675 999.579433  0
43000.000000 24000.000000  0
56999.999607 24000.001201  0
62999.984234 24000.067631  0
79035.540668 15382.444370  0
964.998793 17307.721747  0
965.185929 15382.294788  0
1984.433551 990.359038  0
78011.962444 24026.628961  0
993.998041 24030.597854  0
18045.487608 865.826605  0
17089.030718 863.444328  0
7916.294874 827.404919  0
20988.801391 929.962361  0
12009.712970 777.377002  0
16132.331156 859.901801  0
79020.646348 23067.634919  0
979.034350 1935.776132  0
75999.694258 996.815182  0
74999.855393 997.948352  0
3998.297769 24010.739701  0
74001.604030 996.810654  0
5002.015185 24004.822371  0
6002.645313 24005.148974  0
69000.299296 24001.954497  0
71998.903571 24003.778240  0
11000.908585 24001.599769  0
38000.000000 24000.000001  0
20000.014776 24000.031388  0
33000.000000 24000.000000  0
28000.000024 24000.000250  0
25000.000733 24000.001610  0
44000.000000 1000.000000  0
57999.998632 999.992327  0
47999.999999 999.999985  0
50999.999951 999.999856  0
39000.000000 24000.000000  0
34000.000006 999.999970  0
14000.198510 24000.474833  0
31000.000000 1000.000000  0
29999.999947 1000.000000  0
28999.999954 1000.000000  0
63999.952621 999.767220  0
64999.938359 24000.287000  0
25999.999584 999.999296  0
68999.879143 998.036345  0
44000.000000 24000.000000  0
45000.000000 24000.000000  0
52999.999967 24000.000081  0
57999.999356 24000.002211  0
58999.999160 24000.003520  0
50999.999992 24000.000028  0
47999.999999 24000.000002  0
38000.000000 1000.000000  0
961.235769 11539.520966  0
79035.193448 11536.113424  0
79034.504614 6728.794676  0
79035.180604 9612.584085  0
961.059768 10580.492843  0
964.648885 14420.257490  0
961.917436 9620.265996  0
967.913392 6742.072480  0
79036.388581 16344.412781  0
79035.177219 19230.030097  0
970.938362 21151.335740  0
79027.498578 2886.657398  0
79036.077391 20193.472591  0
79007.332689 966.750774  0
79008.183866 24032.735959  0
988.315951 968.407908  0
16276.619736 1694.400798  0
21939.775790 1892.014109  0
13000.868108 23001.746122  0
64999.742841 1998.984840  0
43000.000000 23000.000000  0
57999.997863 23000.005985  0
50999.999979 23000.000088  0
38000.000000 23000.000002  0
31999.999998 23000.000052  0
27000.000000 2000.000000  0
47999.999999 1999.999960  0
24000.004603 23000.008452  0
1923.051050 12494.575304  0
69999.348248 1994.286186  0
78069.038620 8647.181000  0
78070.920609 15380.127588  0
70998.593409 23007.329000  0
78069.194546 18264.065986  0
1939.987427 6763.183489  0
74003.961451 1992.405605  0
5006.513552 23009.781104  0
1969.195553 22096.618919  0
27000.000247 23000.001271  0
18081.017692 1707.720156  0
77017.830852 1958.912051  0
1930.312543 14416.604187  0
6987.711184 836.672247  0
19987.927034 894.470550  0
8833.333333 833.333333  0
11144.561069 840.495553  0
12833.333333 833.333333  0
15151.332926 897.049094  0
5159.160871 916.384641  0
78022.192862 1941.581419  0
2984.517340 23041.436719  0
77010.635973 24017.537275  0
76009.488588 1975.327211  0
3000.484854 1042.080482  0
1991.826267 24021.828441  0
75001.389884 24006.451456  0
73002.988299 996.730036  0
7002.235212 24004.747436  0
72998.531175 24004.090598  0
9001.469511 24003.146898  0
70998.763754 998.763754  0
70000.247594 24002.500096  0
12000.590870 24001.036814  0
68000.010346 998.424966  0
68000.281350 24001.249446  0
31000.000000 24000.000000  0
21000.008850 24000.016152  0
17000.033150 24000.119191  0
26000.000240 24000.000742  0
34000.000000 24000.000000  0
36000.000000 24000.000000  0
23000.002705 24000.004308  0
29000.000004 24000.000107  0
19000.018071 24000.046086  0
43000.000000 1000.000000  0
49999.999983 999.999934  0
58999.999759 999.990671  0
54999.999429 999.998056  0
62999.983243 999.882588  0
47000.000000 999.999999  0
60999.999941 999.972655  0
45000.000000 1000.000000  0
52999.999827 999.999462  0
56999.998569 999.995217  0
15000.088832 24000.282373  0
41000.000000 1000.000000  0
65999.958400 999.453537  0
40000.000000 24000.000000  0
33000.000008 999.999986  0
27999.999985 1000.000000  0
22980.999662 980.302704  0
25000.000000 1000.000000  0
65999.930594 24000.460054  0
63999.970170 24000.132219  0
61999.994332 24000.024831  0
42000.000000 24000.000000  0
46000.000000 24000.000001  0
48999.999999 24000.000003  0
53999.999949 24000.000118  0
55999.999862 24000.000420  0
59999.998767 24000.005768  0
51999.999987 24000.000040  0
44000.000000 23000.000000  0
46999.999998 23000.000006  0
34999.999997 999.999983  0
37000.000000 1000.000000  0
39000.000000 1000.000000  0
79035.505258 10574.576878  0
79035.241405 12498.037573  0
963.720637 13459.111362  0
79035.297543 14420.904400  0
79034.772170 7689.900417  0
963.501868 8654.554082  0
965.255643 16344.804465  0
79035.222122 17305.096214  0
1918.250629 10585.999019  0
79034.673017 5767.915972  0
963.393319 18271.085627  0
967.473187 5779.048360  0
78070.271756 19228.658316  0
79033.147633 3844.170414  0
966.565151 3854.229560  0
966.734765 20191.837735  0
79035.691837 21156.615855  0
78010.801685 974.529501  0
983.825660 23065.306884  0
78027.498959 23057.451052  0
1960.190784 1959.576863  0
17178.551571 1713.765676  0
17255.282494 2514.905209  0
19000.057205 23000.127977  0
64999.834443 23000.653008  0
35999.999945 1999.999972  0
41000.000001 2000.000000  0
58999.997771 1999.967923  0
52999.999421 1999.998382  0
43000.000001 22000.000001  0
77100.455010 18259.977244  0
5323.907127 1711.671223  0
1931.491927 17306.988820  0
75003.730030 23017.938233  0
1932.205477 4835.269509  0
45000.000000 2000.000000  0
33000.000048 1999.999889  0
60999.991479 23000.032549  0
54999.999686 23000.000708  0
78069.265055 11532.640109  0
78062.052213 4809.152352  0
9510.818047 1831.856264  0
11352.392284 1592.981684  0
12927.192148 1810.735938  0
77025.579697 23043.550547  0
7005.204267 23011.024868  0
9003.426588 23007.184617  0
67999.832430 1996.361773  0
65999.727984 1998.410193  0
15000.222823 23000.654845  0
21000.027839 23000.045984  0
26000.000611 23000.002067  0
60999.996754 1999.904470  0
34000.000000 23000.000000  0
29000.000010 23000.000349  0
49999.999956 1999.999779  0
54999.997842 1999.994084  0
41000.000000 23000.000000  0
39000.000000 23000.000001  0
24991.520068 1990.267786  0
22955.169958 1941.420102  0
58999.997498 23000.008973  0
45000.000000 23000.000001  0
56999.999067 23000.002525  0
37999.999999 1999.999998  0
78069.504667 9608.675500  0
1931.218189 15379.158899  0
1938.462081 19228.192168  0
78070.967941 16341.486256  0
15387.428920 1657.229279  0
77033.946612 2920.340730  0
18997.190817 1718.138475  0
20935.526507 1825.249010  0
78037.024937 2900.234461  0
2947.291885 2032.218498  0
3995.154458 23027.146273  0
73007.542530 1991.221579  0
6006.145793 23011.738443  0
71000.694212 1993.451032  0
69999.752609 23005.832977  0
67999.911849 23003.009704  0
72996.124817 23009.591098  0
71997.130140 23008.256843  0
75004.222049 1986.473858  0
68999.538985 1995.335903  0
12001.321533 23002.443546  0
14000.430130 23001.028664  0
17000.106635 23000.308679  0
25000.001704 23000.004118  0
30999.999997 23000.000074  0
23000.007466 23000.011818  0
47000.000000 1999.999999  0
32999.999999 23000.000016  0
28000.000056 23000.000655  0
36000.000000 23000.000001  0
37000.000000 23000.000003  0
48999.999989 1999.999878  0
43000.000004 2000.000002  0
62999.955991 1999.712855  0
63999.865628 1999.456804  0
56999.994233 1999.983937  0
42000.000000 23000.000000  0
28000.000000 2000.000000  0
25999.996603 1999.996142  0
66999.700448 23001.967137  0
62999.962666 23000.146833  0
34000.000014 1999.999897  0
47999.999998 23000.000007  0
52999.999911 23000.000226  0
49999.999995 23000.000026  0
46000.000000 23000.000002  0
51999.999963 23000.000127  0
40000.000000 2000.000000  0
1921.979949 11539.586014  0
1958.065317 21141.643091  0
78068.258883 6726.800760  0
78069.608757 20194.525228  0
78068.872231 13456.644085  0
1934.018168 7722.347811  0
1921.026994 9631.769222  0
78068.623717 7686.766650  0
1927.835165 13453.876992  0
78069.424632 17300.633511  0
78069.653423 14418.271328  0
1937.660150 5795.315132  0
1941.316591 2924.810635  0
78040.756845 22098.110727  0
1978.605094 23052.123923  0
14645.306916 1839.176237  0
6966.379981 1632.943176  0
10836.726720 1692.334105  0
16416.994793 2506.715896  0
19944.275512 1755.356777  0
4751.695790 1785.972401  0
8686.725324 1664.125412  0
12648.666949 1381.272383  0
16520.394856 3283.140888  0
12002.524086 22004.860953  0
23000.022365 22000.036304  0
67998.496070 22005.844535  0
62999.822816 2999.293984  0
57999.993106 22000.015228  0
50999.999947 22000.000242  0
36000.000004 22000.000027  0
29000.000181 22000.001364  0
34000.000040 2999.999749  0
39999.999664 3000.000015  0
47000.000001 2999.999995  0
27999.966643 2999.952891  0
2876.139089 12481.529026  0
77099.835479 13453.604504  0
68998.146087 2991.241420  0
77102.330185 8641.645131  0
73010.455309 2980.428483  0
2927.329733 6804.883416  0
71995.435605 22014.346468  0
5412.795847 2441.615906  0
19810.562805 2549.101367  0
6007.420764 22028.338984  0
14001.043355 22002.171302  0
31000.000004 22000.000362  0
34000.000003 22000.000056  0
51999.999682 1999.999101  0
31000.000000 2000.000000  0
44999.999999 22000.000003  0
46999.999993 22000.000018  0
2862.800663 10594.865726  0
2896.351695 14410.711816  0
2896.449478 2986.207693  0
77046.079525 22079.862461  0
8503.289217 2391.310899  0
12225.605862 2138.080157  0
21865.882761 2835.251414  0
23978.263456 1972.814504  0
3987.346558 22055.769408  0
76016.298943 23030.908792  0
2975.295120 22079.092341  0
3875.884114 2189.342646  0
18084.546067 2502.053033  0
72003.744176 1991.513958  0
68999.568618 23004.760040  0
8004.493072 23009.547804  0
7732.002366 2363.730911  0
11510.378446 2305.673849  0
76029.813316 2938.525985  0
73997.401330 23009.748777  0
75024.097198 2956.712713  0
10002.860496 23005.756413  0
11002.120025 23004.046032  0
69997.097068 22011.189940  0
15608.367564 2506.776396  0
66999.601559 1997.173581  0
70998.710079 2986.729024  0
65999.679924 23001.340810  0
16000.211251 23000.554013  0
18000.096349 23000.237427  0
20000.051434 23000.096881  0
46000.000000 1999.999999  0
30000.000020 23000.000312  0
22000.021712 23000.033976  0
59999.998374 1999.933927  0
40000.000000 23000.000001  0
50999.999815 1999.999309  0
44000.000001 2000.000008  0
53999.998370 1999.995732  0
57999.993519 1999.971836  0
32000.000047 1999.999915  0
29999.999773 2000.000000  0
64999.266658 2997.808406  0
28999.999893 2000.000000  0
38000.000002 22000.000014  0
42000.000001 2000.000000  0
55999.995134 1999.987962  0
26999.136611 2998.336519  0
24988.688686 2980.112522  0
32000.000012 22000.000258  0
35000.000001 23000.000011  0
48000.000116 2999.999877  0
49999.999889 2999.998892  0
24000.013074 22000.025030  0
26000.002515 22000.007914  0
61999.974237 1999.797710  0
27000.000994 22000.004154  0
61999.975236 23000.089126  0
42000.000001 22000.000001  0
53999.999731 23000.000597  0
34999.999818 1999.999921  0
63999.883755 23000.421487  0
38999.999977 1999.999999  0
48999.999996 23000.000017  0
59999.993111 23000.023182  0
44000.000000 22000.000001  0
52999.999672 22000.000892  0
55999.999247 23000.001757  0
37000.000000 1999.999999  0
77099.767120 15378.159182  0
78068.463461 12494.383010  0
77100.494019 19227.423692  0
78068.951967 5766.062173  0
1931.215295 3884.115770  0
1925.175559 8680.930552  0
1947.143411 20185.978710  0
78069.009691 10570.134600  0
78057.288065 21143.820385  0
1931.496607 16342.723355  0
78047.487955 3856.470856  0
77098.895464 6724.934487  0
1931.228917 18273.566732  0
77099.788138 17296.855483  0
2886.362047 4858.915763  0
6126.066249 1658.390823  0
12075.003603 1467.913099  0
7822.723874 1612.385066  0
18926.633551 2507.757838  0
19000.167586 22000.328909  0
63999.758042 22000.785948  0
58999.984110 2999.895134  0
54999.992035 2999.982383  0
23000.055449 21000.095416  0
27999.866851 3999.652660  0
43000.000003 21000.000006  0
47000.001789 4000.000239  0
31000.000248 21000.001296  0
12467.528060 2970.264408  0
8401.053781 3121.201272  0
15744.431036 3276.739214  0
76121.983645 18252.483459  0
2907.240240 17297.507482  0
75014.077531 22041.093116  0
19538.552862 3275.649007  0
14871.050770 2553.014858  0
10810.487258 2442.758035  0
26000.005620 21000.018089  0
42999.999965 3000.000110  0
76052.209093 3898.522379  0
23974.402324 2956.157941  0
72988.099123 22014.863985  0
8007.627877 22016.559756  0
16000.474255 22001.080257  0
31000.000000 3000.000000  0
52999.997875 2999.994264  0
50999.999616 2999.998179  0
28999.992713 2999.989037  0
35999.997508 2999.999879  0
54999.998664 22000.002679  0
77100.367029 11526.906424  0
77086.979539 20183.754096  0
2930.572596 19214.275120  0
77088.798019 5775.529872  0
3803.772939 3073.248734  0
6941.633973 2387.280550  0
22948.659818 2915.716712  0
77075.331814 4824.624150  0
76033.713653 22063.757037  0
2962.607763 21122.576270  0
5001.585520 22039.647029  0
18078.930928 3274.954770  0
17304.606496 3282.661649  0
72003.069868 2984.097932  0
68997.947880 22008.308792  0
7009.237497 22018.639185  0
66998.751979 2994.933702  0
67998.534002 2993.112656  0
65999.028389 2996.648729  0
9006.313587 22012.987442  0
11003.696475 22007.263525  0
74017.302438 2971.257591  0
70996.556888 22013.878171  0
69997.736561 2989.089093  0
13001.734650 22003.393430  0
15000.697064 22001.529865  0
66998.811571 22003.989297  0
63999.586579 2998.732846  0
64999.560228 22001.421511  0
17000.312068 22000.724854  0
25996.326829 2993.691251  0
21000.082208 22000.127884  0
62999.889238 22000.363107  0
60999.967276 22000.096989  0
58999.987619 22000.030232  0
22000.046332 22000.069394  0
30000.000067 22000.000795  0
35000.000005 22000.000041  0
45000.000000 3000.000000  0
46000.000001 2999.999997  0
25000.004440 22000.011239  0
60999.987772 2999.771612  0
61999.956598 2999.634978  0
39000.000001 22000.000005  0
56999.982903 2999.960597  0
37999.999992 2999.999991  0
38999.999992 2999.999992  0
32999.999994 22000.000072  0
41000.000001 3000.000000  0
37000.000001 22000.000014  0
28000.000255 22000.001837  0
49000.000004 2999.999639  0
47999.999992 22000.000021  0
33000.000140 2999.999613  0
51999.999919 22000.000342  0
45999.999998 22000.000006  0
41000.000001 22000.000001  0
49999.999984 22000.000080  0
44000.000000 21000.000000  0
53999.999456 22000.001206  0
56999.996829 22000.006744  0
34999.999835 2999.999808  0
2903.843826 7775.713555  0
77100.095879 14416.355783  0
77101.734705 7682.021288  0
2913.704956 5816.825415  0
2867.473169 9655.831210  0
77101.978522 9602.395143  0
2873.115319 11535.847397  0
2899.365780 15373.100706  0
2889.455314 13442.245255  0
77100.421506 12490.038979  0
77099.610240 16338.040274  0
20894.232882 2737.689156  0
4681.690449 2364.908651  0
77066.719262 21127.231602  0
2883.145782 3919.442055  0
77053.239305 3876.074663  0
6164.061402 2434.755576  0
13168.530692 2493.976064  0
9234.521853 2494.731780  0
15831.310120 4035.059527  0
12003.999830 21007.698958  0
16000.849451 21001.781954  0
67996.710170 3989.365834  0
63999.267526 3998.003082  0
57999.984532 21000.028529  0
36000.000011 21000.000069  0
52999.999468 21000.001727  0
22969.485182 3909.891855  0
67996.573465 21008.968641  0
63999.636598 21001.114594  0
34999.999450 3999.999540  0
40000.000000 4000.000000  0
44000.000001 20000.000001  0
3789.749563 10602.939970  0
76136.150418 8633.194885  0
76129.284554 13451.561870  0
3859.565989 14399.498933  0
8012.221920 21023.569866  0
4023.128797 6883.475260  0
73015.605749 3971.481119  0
70993.649057 21022.798892  0
5443.917951 3211.714443  0
13046.907381 3383.914336  0
76119.494635 6739.150227  0
49999.999982 3999.997779  0
46999.999987 21000.000036  0
9082.290757 3165.794908  0
5000.028773 21067.409554  0
25997.099198 3992.788377  0
28999.994242 3999.989429  0
24000.021293 21000.045233  0
48000.000000 4000.000000  0
50999.999920 21000.000450  0
76128.278527 15378.376953  0
76127.896233 17293.218968  0
13802.144810 1954.877109  0
21054.918370 3916.919875  0
3981.263906 21094.356015  0
76057.895557 21107.659258  0
76116.224474 19211.952948  0
71994.299839 3975.600852  0
15003.817827 3270.039082  0
73996.132804 22024.707743  0
69993.409371 21016.972695  0
20177.834746 3389.145239  0
68995.950932 3986.443116  0
10004.688213 22009.628730  0
66997.376607 3992.231093  0
75049.155737 3924.445590  0
15001.230085 21002.456703  0
13002.703610 21005.111366  0
7009.760532 21035.257155  0
73004.332212 21039.949771  0
70993.826220 3980.317920  0
65997.969053 3994.772238  0
65999.314502 22002.242728  0
18000.188816 22000.428657  0
62999.692759 3998.862090  0
60999.971683 3999.571533  0
26999.414060 3998.564753  0
20000.105538 22000.178341  0
23981.401686 3949.640213  0
61999.958322 22000.138933  0
59999.987219 22000.039848  0
21000.157812 21000.229622  0
22000.088809 21000.131800  0
25000.008521 21000.024148  0
27000.001733 21000.007592  0
29000.000417 21000.002717  0
30000.000139 21000.001588  0
34000.000001 21000.000122  0
45000.000267 4000.000120  0
51999.999279 2999.997861  0
40000.000000 22000.000002  0
42000.000006 3000.000003  0
55999.989031 2999.976811  0
57999.983107 2999.943375  0
32000.000171 2999.999752  0
37999.999966 3999.999963  0
60000.000262 2999.876112  0
38000.000004 21000.000031  0
46000.000005 3999.999984  0
31999.999978 21000.000494  0
53999.997008 2999.992391  0
44000.000019 3000.000009  0
45000.000000 21000.000005  0
42000.000002 21000.000005  0
48999.999990 22000.000031  0
55999.998424 22000.003299  0
29999.997913 2999.997162  0
33999.999862 3999.999151  0
54999.997274 21000.005328  0
36999.999737 2999.999966  0
77101.442883 10564.344459  0
3814.001733 4869.227909  0
2877.636645 8717.332739  0
2942.888244 20174.608522  0
2900.226726 16339.801262  0
17345.428035 4047.404152  0
3815.926477 12447.962601  0
2912.875392 18261.831462  0
76129.911915 11520.335541  0
11557.101748 3029.988029  0
7670.168117 3101.931788  0
4649.429718 3159.129253  0
3793.420589 3963.811469  0
76078.361744 4849.410836  0
6928.763276 3139.030379  0
18803.651086 3259.484973  0
10068.463841 2030.937235  0
14135.553752 2099.722548  0
15002.308201 20004.289306  0
54999.982873 3999.964081  0
21000.294084 20000.472136  0
67993.953553 4984.735432  0
63998.942096 4996.796876  0
25998.233797 4990.118261  0
31000.001039 20000.002866  0
25000.024133 20000.065682  0
34999.999570 4999.999270  0
45000.010848 5000.003856  0
7004.233804 20053.940678  0
70991.213321 20034.906973  0
75128.180845 18234.519833  0
72014.384433 4954.546974  0
3892.212568 17279.316666  0
15089.844469 4013.229458  0
10861.920395 3110.168287  0
18000.463523 21000.932814  0
20000.250848 21000.406982  0
58999.952952 3999.778992  0
61999.871519 21000.355175  0
56999.988378 21000.020193  0
52999.995425 3999.987310  0
42999.999734 4000.000513  0
32000.000731 3999.999331  0
29999.996264 3999.993644  0
50999.999416 3999.995509  0
47000.009849 5000.001379  0
45000.000000 20000.000023  0
36999.983406 3999.999845  0
27999.965267 4999.767691  0
76131.780843 9594.058668  0
74025.074451 21061.780510  0
75078.905532 4877.061001  0
14281.802199 3261.728633  0
8364.960610 3843.349137  0
18795.136687 4033.093366  0
20250.323524 4007.944403  0
9729.035900 3240.581264  0
21981.628294 3877.795549  0
3959.759882 20141.432582  0
74036.635168 3946.523936  0
11005.868619 21011.545648  0
71996.587902 21029.147778  0
6004.102604 21050.810469  0
68994.990634 21012.934983  0
64998.665355 3996.534005  0
64999.181989 21002.394117  0
9009.602723 21020.019791  0
69994.606912 3983.158201  0
61999.858635 3999.240144  0
66995.488412 4988.706829  0
17000.626744 21001.322229  0
14001.969018 21003.754525  0
59999.960338 3999.683428  0
66997.642658 21006.301795  0
56999.957277 3999.904146  0
62999.779498 21000.644859  0
22000.173370 20000.288009  0
24000.048621 20000.108419  0
59999.951978 21000.110697  0
58999.970657 21000.059625  0
27000.005724 20000.021108  0
28000.001226 21000.005456  0
55999.993983 21000.010799  0
29000.002009 20000.007761  0
33000.000026 21000.000346  0
44000.000679 4000.000469  0
41000.000002 21000.000004  0
39000.000005 21000.000024  0
40999.998413 4000.000213  0
32999.999402 3999.998604  0
38999.996218 4000.000046  0
37000.000013 21000.000065  0
35000.000024 21000.000122  0
49000.000067 3999.998727  0
47999.999956 21000.000103  0
53999.998348 21000.003797  0
43000.000007 20000.000018  0
49999.999907 21000.000321  0
45999.999993 21000.000023  0
51999.999706 21000.001161  0
35999.989559 3999.999731  0
24991.223786 3976.348513  0
14177.979525 2577.478064  0
3866.873170 5790.828273  0
3788.744619 11516.072565  0
9982.153759 2643.760580  0
76129.303091 12486.162839  0
76102.186755 5795.734945  0
16584.867302 4046.081988  0
76127.533871 16337.603093  0
3873.146309 15348.560238  0
3829.138240 7922.236667  0
3773.346154 9703.875684  0
6188.456804 3188.098021  0
76126.419773 7685.895653  0
76084.958704 20158.987205  0
76130.320939 10556.144021  0
76129.337439 14416.222444  0
75043.579093 21085.863545  0
5452.228645 3987.695128  0
4654.508512 3995.408868  0
3831.269364 13398.627882  0
12285.452926 3833.020919  0
3934.197232 19190.286503  0
7658.469781 3847.903202  0
18076.980565 4035.571427  0
13729.035900 3240.581264  0
15123.346528 4759.652486  0
18798.874012 4794.741990  0
59999.890151 4999.453490  0
52999.998493 20000.004697  0
21000.404472 19000.760376  0
64998.712039 20003.593064  0
59999.899727 20000.202168  0
39999.982986 5000.001345  0
36000.000069 20000.000254  0
67991.308434 5979.948561  0
44000.000007 19000.000019  0
4690.130210 12363.774672  0
75157.434142 11515.623083  0
75151.396373 15374.693002  0
8385.313728 4575.378784  0
4924.506475 6488.576588  0
22033.675876 4889.124144  0
75162.324910 8634.608803  0
24000.075498 19000.187629  0
50000.000374 4999.995409  0
5474.690244 4765.777949  0
74067.537757 4908.554192  0
4947.115522 19152.891305  0
4647.452123 10610.422945  0
4828.503591 14290.898609  0
64998.036304 4994.921790  0
68991.359170 20018.426665  0
17001.095387 20002.204809  0
57999.956913 20000.069059  0
33000.000253 4999.996925  0
48000.000068 4999.999045  0
34000.000153 20000.000518  0
32000.000459 20000.001510  0
54999.993242 20000.013637  0
50999.999606 20000.001361  0
46999.999951 20000.000122  0
36999.922349 4999.999692  0
75140.374760 17282.795181  0
17357.627851 4798.895860  0
6950.510325 3892.750936  0
75117.032944 19187.821517  0
73043.143750 4935.528353  0
5991.295181 20079.244324  0
74060.265003 20106.751061  0
72010.475906 20054.825180  0
19506.307179 4041.617681  0
68992.148541 4980.641578  0
13676.396960 3965.419598  0
14368.528186 3989.389238  0
10007.565663 21015.567639  0
13004.722090 20008.501962  0
11008.819322 20016.821363  0
14003.247810 20005.826746  0
69988.149632 20023.988476  0
70987.926124 4972.012790  0
65998.602983 21003.918797  0
65996.825145 4992.235271  0
67994.168565 20013.305590  0
61999.765393 4998.832967  0
62999.507830 4998.151089  0
16001.536830 20003.017931  0
8015.210828 20033.885134  0
19000.329793 21000.599304  0
20000.435522 20000.684654  0
57999.952706 3999.859014  0
62999.608116 20001.044538  0
23000.090764 20000.167902  0
55999.971233 3999.943626  0
23994.708317 4946.001265  0
24996.604282 4975.733635  0
60999.933374 21000.174738  0
28999.980064 4999.932745  0
56999.976387 20000.037693  0
28000.003163 20000.011598  0
26999.785212 4998.886450  0
31000.000000 4000.000000  0
26000.009857 20000.034202  0
33999.985656 4999.997773  0
30000.001084 20000.004426  0
53999.991604 3999.980151  0
42999.998913 5000.001301  0
42000.000019 20000.000045  0
41999.999175 4000.000212  0
38000.000027 20000.000109  0
46000.008836 5000.002138  0
51999.998188 3999.993063  0
44000.004594 5000.002453  0
37999.957061 4999.999846  0
40000.000003 21000.000011  0
48999.999939 21000.000160  0
45999.999989 20000.000048  0
35999.959840 4999.999411  0
15868.656762 4785.170402  0
75156.994618 13453.012293  0
3908.758288 18236.203715  0
3880.845227 16319.812319  0
75127.970931 6767.240739  0
3785.529413 8808.809774  0
75159.140957 9578.036331  0
11547.230353 3802.007195  0
6216.084641 3956.209808  0
4979.495650 20107.813118  0
75110.584203 5824.573910  0
75077.727561 20133.630042  0
12961.937113 3890.470774  0
9026.354420 3872.037629  0
4675.616469 4832.032898  0
10395.724440 3181.570010  0
15138.809158 5506.768033  0
55999.950561 4999.906950  0
13006.850824 19012.001750  0
63999.077007 5995.813300  0
57999.918547 19000.126011  0
27999.993472 5999.794282  0
33999.898338 5999.995673  0
28000.008956 19000.023878  0
47000.069891 6000.012531  0
68988.252605 19024.447303  0
6985.852103 19077.851947  0
74160.786933 8662.172495  0
9092.904155 4562.989477  0
16002.281459 19004.595031  0
20000.658400 19001.009449  0
36999.502539 5999.999807  0
31000.005308 19000.005473  0
21119.597965 4878.096103  0
73070.301541 5899.664076  0
74125.030061 18210.436053  0
72028.855269 19085.206362  0
4884.601085 17253.091807  0
68988.430697 5974.436704  0
10011.386541 20022.453650  0
65997.790520 20005.903439  0
61999.781782 20000.544373  0
23000.138423 19000.293278  0
25999.208507 5990.713124  0
41999.993267 5000.001632  0
45000.067720 6000.021907  0
12948.121213 4620.166770  0
5498.719441 5448.359434  0
4668.183544 11474.462900  0
74124.846310 6807.887704  0
5968.267345 19110.211525  0
4642.366921 9755.327882  0
4722.710850 7541.561553  0
13666.697367 4681.021654  0
4754.466558 13303.565128  0
73033.507476 20072.615783  0
9013.012229 20028.680619  0
12006.403626 20011.791206  0
66996.346787 20009.052060  0
72030.696538 5932.466604  0
65995.944563 5989.646038  0
66993.773384 5985.223959  0
70994.582350 19051.433685  0
61999.709174 5998.482666  0
69990.455611 4976.252835  0
60999.866463 20000.308424  0
60999.883318 4999.238829  0
14004.769880 19008.463066  0
63999.334787 20001.867758  0
19000.614344 20001.140155  0
18000.824145 20001.648974  0
58999.894448 4999.592606  0
57999.914071 4999.721205  0
22000.227886 19000.537473  0
24002.590740 5945.466961  0
58999.925543 20000.134525  0
29999.972740 4999.972787  0
55999.984267 20000.027511  0
26000.023106 19000.074628  0
25000.041769 19000.120412  0
54999.967684 4999.931368  0
52999.992715 4999.970420  0
51000.005557 4999.988385  0
53999.996091 20000.009392  0
31999.982681 4999.994471  0
30000.014812 19000.010634  0
35999.953957 5999.998769  0
33000.000683 20000.001061  0
41000.000000 5000.000000  0
41000.000034 20000.000080  0
39000.000025 20000.000087  0
49000.000158 4999.997161  0
35000.000129 20000.000424  0
38999.936634 5000.000140  0
37000.000063 20000.000207  0
42999.893896 6000.029985  0
49999.999608 20000.000922  0
44999.999991 18999.999562  0
43000.000012 19000.000029  0
47999.999827 20000.000303  0
51999.998998 20000.003030  0
46999.999822 19000.000235  0
16612.196114 4797.072982  0
4864.511613 15294.926383  0
75141.845514 7706.869591  0
75157.346789 10548.062868  0
75156.215273 14418.932171  0
75157.123627 12482.567075  0
23001.991194 4911.740524  0
6968.461304 4653.073973  0
6229.153688 4702.026090  0
75143.771524 16325.846513  0
74093.999659 5860.548547  0
14390.048897 4728.413057  0
18082.319678 4792.251883  0
9523.649782 3830.324311  0
10837.413173 3787.874000  0
4909.767581 18203.616162  0
7679.283070 4603.752505  0
4728.919638 5657.477975  0
74101.288938 19158.714423  0
12229.522777 4581.840335  0
19531.124811 4822.398987  0
20293.559136 4853.092921  0
52999.996208 19000.010179  0
13009.482678 18017.269029  0
64998.073653 19005.296215  0
55999.926227 5999.848266  0
36000.000429 6999.998551  0
20000.344916 18001.841282  0
68985.021584 6967.948193  0
25000.054834 18000.169320  0
30000.061879 18000.017878  0
39000.000061 19000.000198  0
43999.999950 17999.996943  0
5934.223839 14101.042674  0
5446.955923 9805.368907  0
74186.261163 13460.912269  0
72051.445749 18120.361037  0
34000.000534 19000.001364  0
12205.247765 5323.315495  0
61999.575063 19000.997769  0
49999.999797 5999.990707  0
5385.349769 7331.320508  0
5502.256035 12258.910909  0
74162.369146 15350.182806  0
9022.165317 19038.075903  0
66992.724438 6980.884364  0
59999.830932 5999.145585  0
22000.139226 18000.896365  0
55999.972687 19000.049846  0
50999.998281 19000.003218  0
32000.005703 19000.003575  0
36000.000256 19000.000663  0
47999.999573 19000.000600  0
74187.269076 11511.568097  0
74138.466310 17256.242345  0
22051.541973 5878.748456  0
7702.597703 5344.571271  0
73093.849159 6850.802466  0
4634.433430 8917.755262  0
73066.649377 19123.068342  0
5595.715875 13123.468158  0
5927.328137 18158.921179  0
9892.404603 4381.729350  0
12937.722931 5363.965618  0
14394.603935 5477.312430  0
8006.697946 19049.346833  0
6246.031049 5442.937711  0
11013.026548 19023.678609  0
12009.678986 19017.154238  0
69982.283823 19031.265087  0
66994.845707 19012.872144  0
67992.139693 19018.217343  0
69983.518388 5969.270667  0
70987.997635 5961.541157  0
15003.403207 19006.454588  0
18001.166250 19002.504331  0
17001.636516 19003.460151  0
60999.769188 5998.850369  0
19000.858322 19001.704576  0
58999.795700 5999.409924  0
63998.896616 19002.973581  0
60999.723740 19000.593598  0
58999.865763 19000.230106  0
56999.937864 4999.820043  0
23000.178588 18000.443757  0
26999.375857 5996.632069  0
24999.563567 5972.927394  0
53999.981785 4999.956321  0
56999.950424 19000.079836  0
30999.984078 4999.990376  0
27000.012308 19000.042786  0
52000.002011 4999.981770  0
54999.987089 19000.028566  0
34999.835641 5999.997403  0
28999.914629 5999.899148  0
32999.997790 5999.993626  0
29000.009541 19000.016235  0
37999.456926 6000.000438  0
39999.999726 5999.999730  0
41999.862525 6000.031980  0
38000.000099 19000.000277  0
40000.000007 20000.000026  0
44000.007636 6000.022582  0
46000.000052 5999.999656  0
48000.075094 6000.007343  0
45999.999975 19000.000083  0
42000.000022 19000.000085  0
48999.999811 20000.000420  0
62999.480052 5997.798486  0
64997.684647 5993.356990  0
15885.719550 5537.212329  0
17367.282335 5551.714733  0
18811.192383 5547.204005  0
20298.450372 5717.019268  0
11490.825092 4561.181441  0
4866.293938 16294.960486  0
74182.374539 9568.928380  0
23011.286932 5911.508167  0
8423.127479 5325.225277  0
74150.115207 7741.462338  0
5486.176736 6198.146045  0
5482.261689 11420.119813  0
4663.301271 8101.628412  0
10232.366530 3626.129178  0
14399.964510 6215.861515  0
63999.959237 6994.801014  0
60999.809496 6998.481191  0
56999.926529 18000.123786  0
22025.264063 6878.719636  0
67991.181666 18023.036309  0
64997.577579 18006.748898  0
61999.386355 18001.381912  0
25000.163203 6975.104755  0
28000.006393 6999.793563  0
47000.302591 7000.056252  0
39000.000094 18000.000261  0
46999.999662 17999.999870  0
42999.542402 7000.096921  0
21999.562071 17001.602628  0
7981.937099 18078.066289  0
8452.579982 6073.341500  0
12195.060602 6060.874702  0
6441.287807 13505.685210  0
5442.469640 9010.767322  0
11460.693416 5307.984576  0
15004.307940 18008.853360  0
17001.876978 18004.833797  0
19000.836028 18002.434947  0
56999.991716 5999.712970  0
53999.971026 5999.927998  0
33999.713996 6999.992988  0
49999.999229 19000.001616  0
40000.000036 19000.000137  0
6255.736078 12151.796052  0
73144.538846 8714.519379  0
72050.834823 6899.107711  0
6272.992051 6165.297997  0
73099.174660 18172.060311  0
5436.424553 8226.642689  0
5472.083297 10609.773207  0
70993.794679 6946.887433  0
10721.014435 4594.718944  0
6948.627020 18114.801204  0
11017.744060 18030.720286  0
71006.745078 18071.834487  0
6982.702878 5393.449355  0
14006.296499 18011.750405  0
10016.249571 19030.628202  0
67989.036094 6974.864989  0
65996.940449 19008.205757  0
12013.048335 18022.363777  0
62999.394388 19001.504825  0
69979.644478 18040.221706  0
60000.044286 6998.841331  0
21000.366314 18001.241049  0
59999.815108 19000.345608  0
65995.694563 6986.978574  0
57999.866404 5999.571951  0
58999.790521 18000.350859  0
26000.033976 18000.111660  0
27000.019814 18000.067529  0
29000.045955 18000.027748  0
24000.095318 18000.284566  0
25996.258016 6989.599953  0
54999.954728 5999.897806  0
29999.880325 5999.964643  0
31999.871652 5999.989768  0
52000.025711 5999.966184  0
51000.030813 5999.979259  0
55999.960292 18000.080351  0
49000.000163 5999.994364  0
34999.038668 6999.995785  0
51999.998114 19000.005022  0
53999.994130 19000.015982  0
33000.001750 19000.001938  0
48999.999290 19000.001103  0
45000.447208 7000.105674  0
32000.024584 18000.005989  0
31000.024163 18000.009628  0
35000.000275 19000.000839  0
38999.828793 6000.000040  0
37000.000149 19000.000413  0
37997.987833 7000.004945  0
40999.900216 6000.022553  0
36997.199054 7000.000141  0
41000.000190 19000.000402  0
43000.000021 18000.000067  0
44999.999939 17999.997689  0
15140.612041 6250.843026  0
63002.352105 6996.672474  0
16628.184551 5551.539684  0
69982.546152 6959.703399  0
74183.332955 12484.363809  0
5865.665930 15262.957981  0
74181.243265 10542.264045  0
74175.101294 14408.054116  0
23011.255969 6914.626202  0
19537.198330 5606.357654  0
74154.602587 16305.994950  0
18092.023141 5543.774501  0
21134.308085 5822.605073  0
13663.619837 5430.890137  0
9155.909851 5336.547307  0
5880.439345 17220.652362  0
73121.438099 7790.035450  0
5744.697851 6852.772549  0
18102.087689 6302.285623  0
14398.310647 6961.995569  0
52000.121779 6999.945054  0
12019.128271 17031.039289  0
57002.265851 6999.563840  0
52999.992119 18000.016855  0
34986.430865 7999.993363  0
68982.255040 7961.832085  0
64013.359853 7993.089920  0
61012.046971 7997.967418  0
24986.323245 7971.223325  0
56999.890791 17000.215013  0
29000.181459 17000.044215  0
35000.000816 18000.001839  0
43999.999767 16999.985020  0
25000.033350 17000.229782  0
73199.098529 13433.058492  0
9190.716810 6099.237302  0
6204.972741 8293.174704  0
72079.522727 17155.672158  0
21090.234750 6782.563522  0
11451.685107 6057.171810  0
10022.365328 18040.408405  0
14006.275941 17018.070436  0
6997.243706 6123.564369  0
62999.045834 18002.327345  0
65996.092025 18011.035940  0
59999.695851 18000.589127  0
66992.093051 7976.722243  0
31000.251085 17000.016521  0
33000.014794 18000.004096  0
40998.515722 7000.369591  0
73208.270281 11513.024771  0
6226.135564 9836.263234  0
12929.698723 6110.686703  0
6907.814868 17158.259599  0
72068.487552 7848.127098  0
73157.657494 15301.172745  0
73136.944171 16252.960006  0
6925.428369 14343.268003  0
71009.230977 7911.482152  0
9022.077955 18050.389556  0
68987.512864 18031.027088  0
7719.507641 6091.517994  0
16001.857099 18007.000897  0
66994.312205 18016.596955  0
62003.055039 6997.790502  0
63998.424983 18004.206228  0
18001.352505 18003.428061  0
71038.191057 17100.696013  0
20998.448753 17002.775535  0
18997.098858 17002.941433  0
60999.532351 18000.959259  0
64999.769222 6991.060188  0
26000.073014 17000.156046  0
57999.861177 18000.235995  0
28999.666156 6999.897064  0
23000.221573 17000.592164  0
28000.043504 18000.047159  0
26996.809382 6996.139929  0
58999.661214 6999.156473  0
48000.520217 7000.057068  0
49999.998868 6999.983381  0
54999.977218 18000.052905  0
30999.830073 5999.980318  0
51999.986833 18000.010974  0
49999.993117 18000.003973  0
47999.997933 18000.000804  0
56002.888775 6999.716170  0
54999.936697 6999.849269  0
52999.995764 5999.947562  0
46000.685682 7000.212017  0
38998.168368 7000.010999  0
38000.000222 18000.000512  0
37000.000434 18000.000889  0
41998.526207 7000.367564  0
32998.168289 6999.988406  0
40000.006464 18000.003829  0
42000.001591 18000.003821  0
43999.937743 7000.009100  0
45999.999811 17999.997571  0
35982.620252 7999.996502  0
37987.918086 8000.021844  0
15885.962788 6282.393263  0
17364.828900 6302.681979  0
24002.068043 6944.784722  0
73116.841045 17211.696769  0
5869.965969 16248.922915  0
73154.407372 9659.843768  0
6245.716833 11384.702206  0
21994.806009 7889.122126  0
6235.972280 7547.156303  0
19534.104766 6338.342300  0
10695.417886 5326.630541  0
9901.917280 5415.965909  0
13663.784640 6164.976790  0
6287.229483 6899.639741  0
6295.680527 12938.500462  0
20249.046575 6538.550332  0
18087.774681 7056.215476  0
52999.948845 17000.030018  0
48003.003238 8000.336645  0
67994.731391 17027.984408  0
64997.119912 17008.513270  0
61998.953145 17001.958490  0
57011.349029 7999.416694  0
28999.864354 7999.914218  0
47999.994903 17000.000911  0
34946.231958 8999.990623  0
38000.000430 17000.000838  0
40993.556211 8001.551160  0
43999.803989 7999.467335  0
20994.427517 16005.953653  0
25000.068355 16000.145415  0
20860.305419 7871.398758  0
6967.507867 8336.449526  0
9038.148036 17061.504578  0
8467.324552 6828.338554  0
10701.941534 6083.966469  0
15998.669666 17009.893158  0
17997.437563 17003.786477  0
62011.788229 7997.209141  0
11026.084674 17039.960130  0
59999.574426 17000.851268  0
65005.333582 7989.078369  0
57999.811978 17000.339037  0
52999.973820 6999.923764  0
28000.104370 17000.070463  0
38994.567463 8000.073538  0
23994.508450 7943.596011  0
6994.444156 6865.952854  0
19510.335943 6905.122157  0
6845.740585 15269.191121  0
7942.746181 17094.490754  0
72108.519157 16189.560470  0
71029.052197 8869.857919  0
9941.782782 6109.061157  0
69995.162241 17052.969906  0
15002.412670 17013.478033  0
13011.670145 17022.877199  0
69979.558136 7951.905978  0
63012.923077 7995.803437  0
66994.789297 17019.864977  0
63998.053709 17005.015353  0
67986.824753 7968.301573  0
19999.164955 17002.798619  0
65998.113615 7983.047589  0
58000.016473 6999.373757  0
24000.061854 17000.393717  0
56011.426519 7999.614312  0
53999.957754 6999.891584  0
29999.380056 6999.953113  0
31999.127650 6999.983226  0
27000.084222 17000.109151  0
21995.086307 16003.166938  0
25984.978587 7989.675704  0
26988.534386 7997.328736  0
48999.999773 6999.989673  0
53999.990389 18000.027984  0
32991.245726 7999.983618  0
34000.003555 7999.990600  0
55999.944949 17000.128639  0
51000.176317 6999.964945  0
30000.189868 17000.025970  0
34000.000899 18000.002511  0
50999.994293 18000.005752  0
32000.165749 17000.009611  0
46003.628128 8001.251618  0
39999.999491 6999.999426  0
48999.997951 18000.002157  0
36986.518107 7999.999958  0
39000.036420 17000.009752  0
46999.999100 16999.996457  0
44999.999652 16999.984938  0
36000.000581 18000.001220  0
41000.001335 18000.002374  0
41999.999968 17000.014752  0
43000.000032 17000.000154  0
41994.663462 8001.511829  0
16630.135666 6302.854765  0
15140.365899 7001.422420  0
60010.820760 7998.457794  0
23002.775838 7911.808306  0
6241.350487 10611.183998  0
73206.334459 12479.680075  0
73179.807740 10593.346234  0
12183.822246 6812.405418  0
73180.530925 14363.741406  0
6214.277466 9064.578882  0
6993.283140 12089.863711  0
7011.530479 13558.260163  0
13658.587997 6908.894360  0
18828.804666 6311.254105  0
20045.481455 7275.174692  0
6877.619512 16205.192104  0
72087.689384 8797.015723  0
13649.947807 7655.511161  0
12028.846858 16046.187072  0
14989.278807 16025.758094  0
52999.960178 7999.888975  0
68004.935161 16030.896282  0
65031.717702 8986.668632  0
62068.955929 8996.334262  0
57999.772161 16000.454925  0
28001.566461 16000.095315  0
31002.649829 16000.023458  0
47999.497370 16000.065564  0
37971.841424 9000.012875  0
40960.930308 9009.208663  0
44999.992990 15999.873936  0
22991.351432 8897.107598  0
64996.447774 16008.832063  0
57063.304997 8999.258775  0
25928.717868 8986.647731  0
38000.000731 16000.001223  0
20980.133782 15015.766951  0
72204.091117 13376.120629  0
29997.082062 7999.940151  0
20131.317098 8279.432791  0
68975.854972 8950.497261  0
10703.799853 6827.491459  0
17979.903088 16000.912111  0
19994.266290 16006.136747  0
23998.622604 16000.003919  0
58008.176931 7999.159532  0
31990.761229 7999.974356  0
53999.960719 17000.049568  0
51001.098050 7999.945969  0
48999.995152 7999.982799  0
50999.956147 17000.010632  0
48999.987490 17000.003922  0
35000.073362 17000.003188  0
37000.000829 17000.001453  0
41000.022340 17000.024297  0
6994.017873 9855.531457  0
72226.906620 11531.679509  0
7926.267282 16134.980945  0
7790.885203 14354.600209  0
72104.983616 9763.470256  0
11446.524042 6803.813209  0
69983.770601 8925.450687  0
68991.328857 17037.763675  0
13013.665403 16036.820560  0
16996.373281 17006.259585  0
10030.390967 17050.557749  0
66992.108646 8963.111840  0
60999.322415 17001.289490  0
71070.232746 16124.322559  0
22996.655810 16000.687204  0
58999.528371 7998.877025  0
58999.699387 17000.564020  0
65996.177567 17013.455312  0
64059.657108 8991.279845  0
62998.388149 17003.171175  0
23960.814710 8934.410728  0
54999.906066 17000.087296  0
56999.717669 16000.319706  0
28000.006913 7999.889984  0
30998.359666 6999.970220  0
32933.661583 8999.976096  0
51999.823404 17000.018843  0
33000.251090 17000.006752  0
55016.200018 7999.735594  0
29002.991095 16000.060884  0
26000.895853 16000.141580  0
47009.375579 8001.937145  0
39989.432798 8001.325363  0
45003.452159 7999.984273  0
45999.995500 16999.985253  0
33935.512531 8999.984764  0
35926.746011 8999.994602  0
42995.774793 8000.008551  0
40000.111984 17000.032019  0
43000.000079 15999.998998  0
15881.955556 7030.638103  0
17356.267815 7048.814817  0
61071.522976 8997.353334  0
14391.880385 7708.605446  0
22012.568068 8893.395414  0
9211.216348 6842.858735  0
6975.007649 9096.603135  0
6998.628455 11366.375574  0
6980.284662 7588.044554  0
12920.012392 6854.109198  0
7026.550309 12836.384324  0
7725.678978 6839.437741  0
18916.668318 7170.471588  0
19534.041754 7774.291287  0
72139.251053 15234.283420  0
13639.500628 8401.835274  0
19492.975388 8641.158989  0
53999.197106 16000.079184  0
12039.653911 15073.213042  0
62206.960407 9995.615938  0
28999.995296 8999.908128  0
48999.989472 8999.972850  0
33816.576548 9999.980832  0
46027.802105 9009.157838  0
65095.868026 9984.695262  0
61997.225844 16002.316886  0
23997.182487 14997.555899  0
57998.515096 15000.628032  0
28013.368211 15000.082632  0
22059.544398 9834.565590  0
7760.096828 12802.449981  0
31947.239295 8999.964514  0
7759.419560 9857.592488  0
11438.432748 7551.190813  0
69934.440766 9934.549511  0
8472.982409 7582.643451  0
69014.392499 16045.116014  0
16972.939821 16007.316049  0
19988.253380 15020.811256  0
65998.136301 16013.721283  0
51998.937308 16000.026935  0
48999.009457 16000.058860  0
37000.001324 16000.002105  0
39957.328921 9004.116502  0
45999.970868 15999.987048  0
43999.506393 8989.452309  0
41970.724318 9009.137593  0
40000.657504 16000.133176  0
42000.009942 16000.121148  0
12906.459555 7590.413786  0
18075.896612 7762.845212  0
71110.653698 15153.345640  0
7721.982226 8335.309199  0
71013.730995 9877.450391  0
21058.218618 8966.899684  0
10044.661876 16056.509487  0
9023.425648 16075.460786  0
70027.950962 16061.497491  0
14003.746004 16026.636036  0
15985.654895 16014.772737  0
63053.814519 8994.794828  0
66998.474543 16021.832408  0
18992.406645 16002.295901  0
67984.283821 8961.880832  0
66001.575284 8979.318754  0
11043.271026 16053.153541  0
59999.445595 16001.131581  0
59014.482003 8998.582498  0
60041.001133 8998.086104  0
58029.545886 8998.960306  0
54004.648128 7999.827889  0
63997.247551 16005.584263  0
30995.421261 7999.962172  0
27000.375979 16000.150319  0
24954.227313 8971.426963  0
55999.908392 16000.192882  0
21981.259298 15003.257949  0
22973.592451 9860.953843  0
50000.442349 7999.967742  0
25001.724097 14999.893625  0
58999.618048 16000.742061  0
30000.770396 16000.037706  0
52000.387204 7999.920555  0
32000.932568 16000.013927  0
26952.279250 8997.153954  0
48036.822272 9003.029391  0
49999.987240 17000.006326  0
34000.002070 17000.004379  0
38982.409467 9000.139096  0
36000.001215 17000.002108  0
46999.998323 15999.992707  0
36948.737180 8999.999655  0
39000.187447 16000.041816  0
34832.678561 9999.987708  0
43999.999072 15999.925856  0
15135.882410 7752.827391  0
16626.220495 7053.848496  0
56047.627245 8999.506146  0
7005.995790 10615.326329  0
72162.034664 10703.642753  0
72238.787221 12472.983480  0
9961.545136 6852.631743  0
7799.552152 13552.962101  0
7699.790053 12065.942928  0
7860.990916 15205.969710  0
18595.452970 7732.962822  0
72176.468939 14296.430173  0
15936.020407 15035.607252  0
8262.326098 12120.880484  0
53029.471230 8999.837369  0
49109.066575 10000.663073  0
46999.691863 15000.226144  0
37882.604893 10000.009334  0
44999.983948 14999.519039  0
39875.616403 10005.750188  0
41999.994251 15000.673409  0
69044.222358 15049.776578  0
67986.223960 9959.618169  0
67011.634731 15016.608955  0
64993.592250 15007.150496  0
21149.008980 9916.255942  0
60132.886774 9997.671358  0
58152.884293 9998.761081  0
24835.822481 9966.665004  0
31010.214923 15000.026421  0
33598.416528 10999.978311  0
34000.751643 16000.006383  0
37000.001842 15000.002771  0
39003.846052 15000.419233  0
22127.676044 10535.816074  0
24000.667305 13996.799366  0
19990.555990 14072.331742  0
71213.041089 13271.794129  0
63181.867733 9993.503123  0
65994.786403 9979.277807  0
27004.576491 15000.117444  0
30978.202523 8999.949450  0
49999.973312 16000.010042  0
12898.173553 8336.427488  0
8965.585602 14932.459819  0
11077.082885 15082.824360  0
7779.452257 10633.232116  0
70975.103555 11073.499365  0
70069.724514 15075.136402  0
7723.713808 7583.138220  0
13992.116085 15054.660590  0
13013.529447 15057.675348  0
17944.195926 14984.330797  0
64147.446215 9990.101541  0
18981.164631 14999.549595  0
68945.678745 9948.283143  0
60998.941060 16001.629638  0
22988.525385 14997.507737  0
61183.007856 9996.913443  0
62997.395848 16003.541783  0
26003.297658 15000.080200  0
20944.800848 14035.955499  0
23899.574213 9928.829179  0
54999.886287 16000.126353  0
29996.585052 8999.930214  0
59999.290529 15001.356128  0
58999.558042 15000.920074  0
51004.393861 8999.928905  0
56999.680700 15000.416719  0
50003.155402 8999.954778  0
31853.272538 9999.956874  0
52999.829504 16000.042769  0
27985.694910 8999.622763  0
25820.692043 9987.620781  0
50999.825324 16000.016114  0
47035.159004 9007.632362  0
33000.966453 16000.009310  0
57166.478442 9999.144204  0
48996.464642 15000.182934  0
29007.754451 15000.076094  0
35000.201957 16000.004553  0
45006.725407 8999.082823  0
36000.002113 16000.003212  0
42991.930777 8998.950141  0
32842.307473 9999.970393  0
35802.447621 9999.992397  0
41000.075118 16000.087774  0
40871.445239 10029.159276  0
43999.988955 14999.214224  0
17340.042948 7790.767085  0
14383.705707 8459.253569  0
15874.005541 7782.923774  0
55052.300219 8999.654239  0
9222.648799 7593.777999  0
7735.443718 9091.822908  0
8535.647115 12729.364144  0
7755.767181 11389.166629  0
10705.519346 7572.082698  0
20220.750393 9106.938054  0
12171.635721 7546.887267  0
8448.523805 14283.156864  0
18884.527489 8355.491535  0
71157.672479 14204.165271  0
71500.930256 11675.279308  0
12891.014902 9087.153917  0
53997.980919 15000.102322  0
12038.302545 14096.372093  0
63389.212732 10993.040979  0
27838.580003 9998.962763  0
47137.143837 10031.536216  0
45012.693139 9988.490679  0
20273.294103 9974.059145  0
68784.888723 10949.262789  0
65994.862665 10975.531144  0
62988.828535 15003.231173  0
61419.529097 10996.743227  0
58999.545471 14001.053701  0
26021.881142 13999.582221  0
28038.856162 14000.053918  0
33010.051970 15000.009412  0
44999.949725 14000.902536  0
39574.469235 11008.012255  0
9106.107720 12334.461416  0
58394.378927 10998.777414  0
23750.565656 10939.672791  0
8522.547095 9845.198163  0
19999.950694 13204.268847  0
60994.223146 15001.617484  0
22973.849427 13977.167779  0
41000.000449 15000.000682  0
11430.534708 8285.773219  0
9387.600482 14140.730813  0
70447.388429 12197.696583  0
70136.222943 14118.885418  0
18740.650582 9217.619882  0
8478.010800 8332.387467  0
21393.877652 11002.497480  0
10101.484567 15073.783784  0
13012.639431 14104.657791  0
14963.236385 15050.628784  0
68026.508044 15028.353510  0
17855.790673 13861.464982  0
66992.109405 9910.952007  0
21942.769891 13986.469530  0
63989.225731 15004.731106  0
25013.810006 13998.902175  0
16917.898145 15007.504362  0
55999.188273 15000.280536  0
23000.677241 10857.662189  0
59150.302727 9998.267921  0
54049.436568 8999.758565  0
66001.529939 15009.860885  0
65246.553495 10983.288113  0
29904.533367 9999.898727  0
50024.320895 9999.940099  0
51995.271510 15000.033906  0
49994.575255 15000.070182  0
30011.046481 15000.046004  0
26808.517445 9995.531877  0
57999.745888 14000.737042  0
24646.759805 10972.099247  0
56190.820778 9999.415326  0
30876.991295 9999.937542  0
32003.643321 15000.016210  0
52000.007090 8999.897578  0
48174.086487 10010.144726  0
47997.976232 15000.314722  0
34008.225702 15000.006095  0
36000.015382 15000.003897  0
38864.944013 10001.364102  0
42985.370036 9988.240507  0
19021.824049 14027.322655  0
31629.589849 10999.956853  0
36844.467053 9999.996921  0
45999.941519 15000.237208  0
34567.144642 10999.985253  0
38003.444693 15000.136341  0
40002.697132 15000.605565  0
43000.000038 15000.000525  0
41932.062005 10040.564749  0
32599.385915 10999.969341  0
15119.917737 8499.775368  0
16606.719275 7796.148783  0
13626.782782 9154.508038  0
9965.809376 7593.405117  0
71229.795951 12483.184729  0
19473.489262 9203.388989  0
69742.684772 10970.408258  0
12162.615706 8295.260310  0
8634.166346 11572.558354  0
18036.989147 8484.689718  0
8705.015573 13525.393823  0
14918.168375 14114.156345  0
54179.151398 9999.708059  0
12884.967036 9835.109400  0
50330.414534 11000.307821  0
48446.807353 11010.727681  0
36542.284364 10999.996033  0
42999.998939 10999.997154  0
18002.461198 9236.676890  0
11971.733964 13078.672997  0
68076.334649 14013.863295  0
65989.038640 13993.571533  0
63971.519681 14002.971919  0
26576.251077 10995.131848  0
30056.389146 14000.036987  0
49962.485029 14000.207816  0
32313.142037 11999.972994  0
34293.675344 11999.987036  0
47988.665184 14003.369552  0
36022.747324 14000.007997  0
38028.272461 14000.337141  0
42000.068183 14013.269403  0
20203.208827 10879.043988  0
22413.316276 11626.375183  0
69472.300088 12037.489149  0
65677.691310 11941.171216  0
23000.639223 13001.965373  0
58877.156111 13000.071650  0
16778.483269 14051.667724  0
25052.403611 12997.499895  0
66997.043803 10600.319225  0
59398.257659 10998.213415  0
32030.708491 14000.009537  0
38577.261054 11001.679923  0
45999.737504 14008.789952  0
9487.873121 11316.294021  0
11096.381026 14148.087037  0
20836.630738 13167.948905  0
18709.607314 9974.268087  0
9696.694509 13297.883747  0
70245.303354 13166.350503  0
8491.677934 9084.184028  0
18338.633962 12901.479481  0
19164.157581 13127.620517  0
23368.344208 11889.190420  0
69114.267992 14055.516549  0
13977.426769 14121.295145  0
64310.381389 10988.940847  0
24330.732771 11970.562171  0
67986.406417 10954.334405  0
60980.382601 14000.760202  0
61995.387636 15002.321511  0
62420.289456 10995.560307  0
54998.010062 15000.178128  0
60409.249619 10997.494036  0
55201.461322 9999.592801  0
28853.385057 9999.670298  0
59963.860309 14000.620372  0
52118.589400 9999.860658  0
25596.645217 10988.104110  0
29054.835220 14000.049766  0
51018.649379 9999.911077  0
56980.721104 14000.448176  0
57421.159613 10999.218566  0
50999.729456 15000.021989  0
27033.295942 13999.917547  0
52994.264560 15000.055217  0
29653.086547 10999.887140  0
33034.448826 14000.004994  0
35004.451570 15000.004886  0
46068.162707 10041.786433  0
30650.066814 10999.940274  0
43999.480713 9941.266034  0
35550.721850 10999.990024  0
40012.282226 14004.566287  0
43999.946277 13995.822616  0
40573.348581 11043.130453  0
15848.665964 8527.981303  0
14360.457672 9209.244547  0
8585.061187 10640.788587  0
10700.132000 8310.028264  0
19463.868915 9972.559444  0
9226.122589 8336.651406  0
17304.598326 8526.616252  0
12158.528478 9040.241514  0
9420.779395 12880.227700  0
10219.651425 14162.088619  0
17969.041726 9995.101507  0
54995.453010 14000.212836  0
52979.877227 14000.041351  0
12160.954675 9783.220350  0
13983.708375 13222.949160  0
17275.716362 13141.560012  0
55445.273416 10999.629652  0
46000.207466 13062.728543  0
10069.632722 12702.416843  0
68407.852593 11947.163257  0
19344.232924 12352.532229  0
18706.308793 10726.254125  0
63651.424849 11993.480886  0
61678.018894 11997.570603  0
61956.949251 14001.171513  0
27086.013195 12999.729578  0
29169.881353 12999.987609  0
28617.711122 10999.597187  0
50957.255303 14000.080356  0
36276.452814 12000.013987  0
46069.598032 11221.228075  0
39201.173385 11999.997255  0
35031.355764 14000.003295  0
43999.582207 10633.245652  0
59856.846389 12999.521249  0
20627.483850 12502.765745  0
10995.295761 13304.767653  0
13060.276174 13202.529631  0
21844.052785 12733.345099  0
67046.381337 11757.693606  0
69247.669359 13059.691592  0
19454.057374 10764.694501  0
60664.171555 11998.054484  0
59665.912390 11998.482397  0
58673.865128 11999.207941  0
64632.258211 11981.190216  0
15845.631771 14102.226720  0
25318.051752 11989.389727  0
62964.669707 14002.090936  0
26310.048242 11996.173611  0
64959.970914 13997.835867  0
67032.492748 13994.363648  0
24000.286450 12998.095444  0
55979.621352 14000.296029  0
56442.316628 10999.495763  0
27583.574874 10998.335001  0
32161.993397 12999.993267  0
51334.627652 10999.969443  0
57708.796412 11999.568712  0
57882.510291 13000.205029  0
26047.135115 12999.289280  0
31060.058272 14000.017195  0
48971.530656 14001.004473  0
53168.742005 9999.794120  0
49397.286349 11002.660505  0
34030.808386 14000.002398  0
37565.584514 11000.322915  0
46999.996979 14000.001179  0
47436.798697 11046.614236  0
35298.441089 11999.995514  0
37029.231740 14000.080870  0
31365.851894 11999.972491  0
39026.141618 14001.599839  0
44999.885820 13004.642294  0
33329.544071 11999.983158  0
41000.000618 14000.000639  0
43000.000062 14000.000605  0
40000.001089 11999.997379  0
16574.444776 8537.659443  0
15090.069288 9249.261064  0
13592.195569 9914.787916  0
41927.282982 11221.345403  0
9965.528580 8328.762861  0
9279.172122 9820.743128  0
9351.159225 10580.020627  0
11433.522469 9028.970807  0
20178.221702 11683.910869  0
10333.472094 13318.719228  0
9770.872062 12061.485513  0
17268.025335 9268.032358  0
9240.107232 9074.004962  0
18605.492783 12175.245394  0
21001.695264 11992.920126  0
12158.285682 10496.845347  0
17974.597161 10744.047924  0
16631.717124 13193.430736  0
13158.779819 12372.503392  0
17506.906335 12416.385633  0
12890.612037 10644.014644  0
55878.386853 13000.115376  0
50633.374474 12000.207460  0
48789.931687 12001.142688  0
42999.998971 11999.996277  0
38245.728126 12000.022137  0
46994.902509 13041.483556  0
10010.727491 9786.576264  0
11445.358703 9755.262748  0
11284.558684 12493.044576  0
16537.782131 9282.475278  0
14886.622493 13234.454032  0
18702.937689 11472.008393  0
67042.899952 12940.650178  0
65907.870793 12956.796062  0
64848.571740 12985.455728  0
63872.402564 12997.890771  0
62843.346556 12999.246187  0
61842.751339 12999.452427  0
56694.061121 11999.775911  0
55707.948569 11999.843046  0
27329.252171 11998.610714  0
62658.853422 11996.750294  0
28354.724199 11999.622027  0
29379.713188 11999.903778  0
56886.025421 13000.179720  0
30190.646276 12999.998539  0
50835.571219 13000.167997  0
53412.652358 10999.805055  0
49863.671536 13000.522475  0
48913.249889 13001.568865  0
33158.466262 12999.993759  0
28118.718842 12999.948081  0
34140.155118 12999.996031  0
47999.988738 11999.972154  0
51952.754621 14000.037413  0
52371.923926 10999.868529  0
46999.991943 11999.981927  0
35132.157235 13000.002878  0
53968.102655 14000.085286  0
31180.061915 12999.996801  0
36125.244051 13000.028600  0
46006.838160 12372.573385  0
37119.533224 13000.118020  0
38111.289611 13000.478830  0
54433.716772 10999.732959  0
43999.786439 12972.464115  0
39079.161195 13001.924338  0
42999.999882 13000.001382  0
40031.470921 13008.124029  0
37260.863998 12000.058493  0
44999.996130 10999.994750  0
41004.204616 13044.241707  0
41000.000550 11999.997293  0
14309.236190 9969.208803  0
30372.689344 11999.963448  0
60845.697980 12999.302179  0
10219.479210 11212.590959  0
10704.436595 9037.128639  0
10451.431568 11912.350997  0
17237.605745 10021.129797  0
15813.034396 9275.034085  0
68181.619886 12980.661685  0
9973.724304 9058.473641  0
10734.582211 12585.308195  0
20039.555490 12390.073197  0
19419.090760 11544.102109  0
12455.689802 12341.377546  0
14885.367637 12385.605794  0
16548.745262 12381.746417  0
53689.955214 11999.856675  0
51632.988843 12000.008910  0
17233.888660 10775.009706  0
11470.069322 10461.799325  0
11093.240800 11807.779819  0
12382.493962 11711.885193  0
17998.441028 11472.258603  0
15776.745665 10030.620292  0
18072.072267 12008.718760  0
54902.946816 13000.061157  0
53903.716588 12999.996647  0
52885.855855 12999.977144  0
51863.663260 13000.015556  0
44999.998943 12000.003878  0
54731.686047 11999.839256  0
47968.142883 13006.110753  0
43999.611950 11802.496449  0
49719.470612 12000.417995  0
41999.207516 13069.605984  0
13513.496124 10681.971508  0
41992.426430 12373.720471  0
10086.284320 10509.784791  0
10726.350044 9761.121562  0
16502.623978 10037.552219  0
12140.612037 11192.969548  0
15045.669133 10007.894325  0
15762.587850 13220.363678  0
10916.131671 11155.612671  0
11825.964874 12193.603413  0
15742.738231 10796.306375  0
15715.037943 12381.738321  0
14023.857630 12377.620392  0
17282.693902 11536.626028  0
13194.418724 11543.567663  0
52697.222154 11999.884992  0
14223.445947 10749.349024  0
11527.633335 11147.373483  0
16484.243061 10797.476623  0
10788.430978 10471.304955  0
11723.501134 11739.292631  0
12723.871171 11073.373642  0
14924.715638 11566.168058  0
15713.552943 11576.212537  0
14108.387283 11552.554559  0
14990.847480 10778.763464  0
16504.546357 11577.878073  0
