2.0000000000e+00 0.0000000000e+00 0
0.0000000000e+00 0.0000000000e+00 0
3.0000000000e-01 2.0000000000e-01 0
3.0102350294e-01 2.1006492600e-01 0
3.0405210942e-01 2.1971779276e-01 0
3.0896182794e-01 2.2856341076e-01 0
3.1555165405e-01 2.3623963936e-01 0
3.2355179948e-01 2.4243221287e-01 0
3.3263473736e-01 2.4688760661e-01 0
3.4242861113e-01 2.4942341622e-01 0
3.5253245844e-01 2.4993582536e-01 0
3.6253262661e-01 2.4840385594e-01 0
3.7201970758e-01 2.4489022698e-01 0
3.8060529913e-01 2.3953878685e-01 0
3.8793790614e-01 2.3256862414e-01 0
3.9371733081e-01 2.2426509813e-01 0
3.9770696282e-01 2.1496815615e-01 0
3.9974346617e-01 2.0505841610e-01 0
3.9974346617e-01 1.9494158390e-01 0
3.9770696282e-01 1.8503184385e-01 0
3.9371733081e-01 1.7573490187e-01 0
3.8793790614e-01 1.6743137586e-01 0
3.8060529913e-01 1.6046121315e-01 0
3.7201970758e-01 1.5510977302e-01 0
3.6253262661e-01 1.5159614406e-01 0
3.5253245844e-01 1.5006417464e-01 0
3.4242861113e-01 1.5057658378e-01 0
3.3263473736e-01 1.5311239339e-01 0
3.2355179948e-01 1.5756778712e-01 0
3.1555165405e-01 1.6376036064e-01 0
3.0896182794e-01 1.7143658924e-01 0
3.0405210942e-01 1.8028220724e-01 0
3.0102350294e-01 1.8993507400e-01 0
0.0000000000e+00 4.0000000000e-01 0
0.0000000000e+00 3.7500000000e-01 0
0.0000000000e+00 3.5000000000e-01 0
0.0000000000e+00 3.2500000000e-01 0
0.0000000000e+00 3.0000000000e-01 0
0.0000000000e+00 2.7500000000e-01 0
0.0000000000e+00 2.5000000000e-01 0
0.0000000000e+00 2.2500000000e-01 0
0.0000000000e+00 2.0000000000e-01 0
0.0000000000e+00 1.7500000000e-01 0
0.0000000000e+00 1.5000000000e-01 0
0.0000000000e+00 1.2500000000e-01 0
0.0000000000e+00 1.0000000000e-01 0
0.0000000000e+00 7.5000000000e-02 0
0.0000000000e+00 5.0000000000e-02 0
0.0000000000e+00 2.5000000000e-02 0
2.5000000000e-02 0.0000000000e+00 0
5.0000000000e-02 0.0000000000e+00 0
7.5000000000e-02 0.0000000000e+00 0
1.0000000000e-01 0.0000000000e+00 0
1.2500000000e-01 0.0000000000e+00 0
1.5000000000e-01 0.0000000000e+00 0
1.7500000000e-01 0.0000000000e+00 0
2.0000000000e-01 0.0000000000e+00 0
2.2500000000e-01 0.0000000000e+00 0
2.5000000000e-01 0.0000000000e+00 0
2.7500000000e-01 0.0000000000e+00 0
3.0000000000e-01 0.0000000000e+00 0
3.2500000000e-01 0.0000000000e+00 0
3.5000000000e-01 0.0000000000e+00 0
3.7500000000e-01 0.0000000000e+00 0
4.0000000000e-01 0.0000000000e+00 0
4.2500000000e-01 0.0000000000e+00 0
4.5000000000e-01 0.0000000000e+00 0
4.7500000000e-01 0.0000000000e+00 0
5.0000000000e-01 0.0000000000e+00 0
5.2500000000e-01 0.0000000000e+00 0
5.5000000000e-01 0.0000000000e+00 0
5.7500000000e-01 0.0000000000e+00 0
6.0000000000e-01 0.0000000000e+00 0
6.2500000000e-01 0.0000000000e+00 0
6.5000000000e-01 0.0000000000e+00 0
6.7500000000e-01 0.0000000000e+00 0
7.0000000000e-01 0.0000000000e+00 0
7.2500000000e-01 0.0000000000e+00 0
7.5000000000e-01 0.0000000000e+00 0
7.7500000000e-01 0.0000000000e+00 0
8.0000000000e-01 0.0000000000e+00 0
8.2500000000e-01 0.0000000000e+00 0
8.5000000000e-01 0.0000000000e+00 0
8.7500000000e-01 0.0000000000e+00 0
9.0000000000e-01 0.0000000000e+00 0
9.2500000000e-01 0.0000000000e+00 0
9.5000000000e-01 0.0000000000e+00 0
9.7500000000e-01 0.0000000000e+00 0
1.0000000000e+00 0.0000000000e+00 0
1.0250000000e+00 0.0000000000e+00 0
1.0500000000e+00 0.0000000000e+00 0
1.0750000000e+00 0.0000000000e+00 0
1.1000000000e+00 0.0000000000e+00 0
1.1250000000e+00 0.0000000000e+00 0
1.1500000000e+00 0.0000000000e+00 0
1.1750000000e+00 0.0000000000e+00 0
1.2000000000e+00 0.0000000000e+00 0
1.2250000000e+00 0.0000000000e+00 0
1.2500000000e+00 0.0000000000e+00 0
1.2750000000e+00 0.0000000000e+00 0
1.3000000000e+00 0.0000000000e+00 0
1.3250000000e+00 0.0000000000e+00 0
1.3500000000e+00 0.0000000000e+00 0
1.3750000000e+00 0.0000000000e+00 0
1.4000000000e+00 0.0000000000e+00 0
1.4250000000e+00 0.0000000000e+00 0
1.4500000000e+00 0.0000000000e+00 0
1.4750000000e+00 0.0000000000e+00 0
1.5000000000e+00 0.0000000000e+00 0
1.5250000000e+00 0.0000000000e+00 0
1.5500000000e+00 0.0000000000e+00 0
1.5750000000e+00 0.0000000000e+00 0
1.6000000000e+00 0.0000000000e+00 0
1.6250000000e+00 0.0000000000e+00 0
1.6500000000e+00 0.0000000000e+00 0
1.6750000000e+00 0.0000000000e+00 0
1.7000000000e+00 0.0000000000e+00 0
1.7250000000e+00 0.0000000000e+00 0
1.7500000000e+00 0.0000000000e+00 0
1.7750000000e+00 0.0000000000e+00 0
1.8000000000e+00 0.0000000000e+00 0
1.8250000000e+00 0.0000000000e+00 0
1.8500000000e+00 0.0000000000e+00 0
1.8750000000e+00 0.0000000000e+00 0
1.9000000000e+00 0.0000000000e+00 0
1.9250000000e+00 0.0000000000e+00 0
1.9500000000e+00 0.0000000000e+00 0
1.9750000000e+00 0.0000000000e+00 0
2.0000000000e+00 4.0000000000e-01 0
2.0000000000e+00 2.5000000000e-02 0
2.0000000000e+00 5.0000000000e-02 0
2.0000000000e+00 7.5000000000e-02 0
2.0000000000e+00 1.0000000000e-01 0
2.0000000000e+00 1.2500000000e-01 0
2.0000000000e+00 1.5000000000e-01 0
2.0000000000e+00 1.7500000000e-01 0
2.0000000000e+00 2.0000000000e-01 0
2.0000000000e+00 2.2500000000e-01 0
2.0000000000e+00 2.5000000000e-01 0
2.0000000000e+00 2.7500000000e-01 0
2.0000000000e+00 3.0000000000e-01 0
2.0000000000e+00 3.2500000000e-01 0
2.0000000000e+00 3.5000000000e-01 0
2.0000000000e+00 3.7500000000e-01 0
1.9750000000e+00 4.0000000000e-01 0
1.9500000000e+00 4.0000000000e-01 0
1.9250000000e+00 4.0000000000e-01 0
1.9000000000e+00 4.0000000000e-01 0
1.8750000000e+00 4.0000000000e-01 0
1.8500000000e+00 4.0000000000e-01 0
1.8250000000e+00 4.0000000000e-01 0
1.8000000000e+00 4.0000000000e-01 0
1.7750000000e+00 4.0000000000e-01 0
1.7500000000e+00 4.0000000000e-01 0
1.7250000000e+00 4.0000000000e-01 0
1.7000000000e+00 4.0000000000e-01 0
1.6750000000e+00 4.0000000000e-01 0
1.6500000000e+00 4.0000000000e-01 0
1.6250000000e+00 4.0000000000e-01 0
1.6000000000e+00 4.0000000000e-01 0
1.5750000000e+00 4.0000000000e-01 0
1.5500000000e+00 4.0000000000e-01 0
1.5250000000e+00 4.0000000000e-01 0
1.5000000000e+00 4.0000000000e-01 0
1.4750000000e+00 4.0000000000e-01 0
1.4500000000e+00 4.0000000000e-01 0
1.4250000000e+00 4.0000000000e-01 0
1.4000000000e+00 4.0000000000e-01 0
1.3750000000e+00 4.0000000000e-01 0
1.3500000000e+00 4.0000000000e-01 0
1.3250000000e+00 4.0000000000e-01 0
1.3000000000e+00 4.0000000000e-01 0
1.2750000000e+00 4.0000000000e-01 0
1.2500000000e+00 4.0000000000e-01 0
1.2250000000e+00 4.0000000000e-01 0
1.2000000000e+00 4.0000000000e-01 0
1.1750000000e+00 4.0000000000e-01 0
1.1500000000e+00 4.0000000000e-01 0
1.1250000000e+00 4.0000000000e-01 0
1.1000000000e+00 4.0000000000e-01 0
1.0750000000e+00 4.0000000000e-01 0
1.0500000000e+00 4.0000000000e-01 0
1.0250000000e+00 4.0000000000e-01 0
1.0000000000e+00 4.0000000000e-01 0
9.7500000000e-01 4.0000000000e-01 0
9.5000000000e-01 4.0000000000e-01 0
9.2500000000e-01 4.0000000000e-01 0
9.0000000000e-01 4.0000000000e-01 0
8.7500000000e-01 4.0000000000e-01 0
8.5000000000e-01 4.0000000000e-01 0
8.2500000000e-01 4.0000000000e-01 0
8.0000000000e-01 4.0000000000e-01 0
7.7500000000e-01 4.0000000000e-01 0
7.5000000000e-01 4.0000000000e-01 0
7.2500000000e-01 4.0000000000e-01 0
7.0000000000e-01 4.0000000000e-01 0
6.7500000000e-01 4.0000000000e-01 0
6.5000000000e-01 4.0000000000e-01 0
6.2500000000e-01 4.0000000000e-01 0
6.0000000000e-01 4.0000000000e-01 0
5.7500000000e-01 4.0000000000e-01 0
5.5000000000e-01 4.0000000000e-01 0
5.2500000000e-01 4.0000000000e-01 0
5.0000000000e-01 4.0000000000e-01 0
4.7500000000e-01 4.0000000000e-01 0
4.5000000000e-01 4.0000000000e-01 0
4.2500000000e-01 4.0000000000e-01 0
4.0000000000e-01 4.0000000000e-01 0
3.7500000000e-01 4.0000000000e-01 0
3.5000000000e-01 4.0000000000e-01 0
3.2500000000e-01 4.0000000000e-01 0
3.0000000000e-01 4.0000000000e-01 0
2.7500000000e-01 4.0000000000e-01 0
2.5000000000e-01 4.0000000000e-01 0
2.2500000000e-01 4.0000000000e-01 0
2.0000000000e-01 4.0000000000e-01 0
1.7500000000e-01 4.0000000000e-01 0
1.5000000000e-01 4.0000000000e-01 0
1.2500000000e-01 4.0000000000e-01 0
1.0000000000e-01 4.0000000000e-01 0
7.5000000000e-02 4.0000000000e-01 0
5.0000000000e-02 4.0000000000e-01 0
2.5000000000e-02 4.0000000000e-01 0
4.0365746424e-01 1.7640078772e-01 0
1.9819511872e+00 2.1385558848e-01 0
3.9954833092e-01 1.1283058123e-01 0
3.9815192509e-01 1.6652608486e-01 0
4.0746900614e-01 1.8697485033e-01 0
3.9096946744e-01 1.5740339054e-01 0
3.8183433610e-01 1.5010135516e-01 0
3.7096877872e-01 1.4486572724e-01 0
3.5938156120e-01 1.4126749896e-01 0
3.4754275735e-01 1.4056602484e-01 0
3.3566891023e-01 1.4275964098e-01 0
3.2428949139e-01 1.4660379912e-01 0
3.1419361891e-01 1.5273874611e-01 0
3.0556024651e-01 1.6108861705e-01 0
2.9819846931e-01 1.7060542835e-01 0
2.9325821814e-01 1.8134185615e-01 0
2.9091915522e-01 1.9314551313e-01 0
2.9039555651e-01 2.0523295595e-01 0
2.9269649134e-01 2.1697306259e-01 0
2.9781346738e-01 2.2814375733e-01 0
3.0445074930e-01 2.3853049794e-01 0
3.1311662053e-01 2.4700688488e-01 0
3.2370370550e-01 2.5312543067e-01 0
3.3506713733e-01 2.5722562261e-01 0
3.4710655129e-01 2.5943819281e-01 0
3.5917442703e-01 2.5887205959e-01 0
3.7095422330e-01 2.5551655746e-01 0
3.8205348633e-01 2.5041008182e-01 0
3.9142264602e-01 2.4310689311e-01 0
3.9889516787e-01 2.3379369226e-01 0
4.0508988349e-01 2.2341159048e-01 0
4.1084534329e-01 2.1126705728e-01 0
4.0970756319e-01 1.9833800292e-01 0
1.8065073293e-02 1.8338337323e-02 0
1.9827007382e+00 1.7521965295e-02 0
1.8088463209e-02 3.8164623327e-01 0
1.9826947440e+00 3.8243329858e-01 0
1.9600533695e+00 3.7575656816e-01 0
1.9600593589e+00 2.4098304204e-02 0
1.9796052307e+00 3.9003129935e-02 0
1.9796016626e+00 3.6087285682e-01 0
4.1991368878e-02 3.7342831910e-01 0
2.1053715610e-02 3.5958945869e-01 0
2.1025600583e-02 4.0376934294e-02 0
4.1940228613e-02 2.6535955526e-02 0
1.9346431036e+00 2.1073439298e-02 0
1.9346417844e+00 3.7873722077e-01 0
1.9785438933e+00 6.3657596627e-02 0
1.9785773913e+00 3.3611657456e-01 0
6.8457737423e-02 3.7653591301e-01 0
2.1163621507e-02 3.3469403006e-01 0
2.1105075676e-02 6.5255566356e-02 0
6.8415776439e-02 2.3433122597e-02 0
1.9102203152e+00 3.7862207896e-01 0
1.9102061014e+00 2.1166798023e-02 0
1.9779250432e+00 8.8570106922e-02 0
1.9780678073e+00 3.1108017765e-01 0
1.9781257069e+00 2.8596546587e-01 0
1.9777523650e+00 1.1355268269e-01 0
1.8855400288e+00 3.7844810573e-01 0
1.8855120756e+00 2.1360371564e-02 0
1.9776307979e+00 1.3854910583e-01 0
1.9783942588e+00 2.6083640631e-01 0
1.8607222759e+00 3.7822749088e-01 0
1.8606895698e+00 2.1630787068e-02 0
1.9771220232e+00 1.6402056178e-01 0
1.9789953909e+00 2.3590149266e-01 0
1.8358178078e+00 3.7804037501e-01 0
1.8357905666e+00 2.1876867086e-02 0
1.9748443590e+00 1.9167049655e-01 0
1.8108600729e+00 3.7790762976e-01 0
3.1318394960e-01 2.9553500360e-01 0
1.8108410154e+00 2.2059298775e-02 0
1.7858674864e+00 3.7782684806e-01 0
1.7858528463e+00 2.2176605738e-02 0
1.7608557831e+00 3.7778720935e-01 0
1.7608403739e+00 2.2244426562e-02 0
1.7358357534e+00 3.7777558081e-01 0
1.7358169233e+00 2.2280962651e-02 0
1.7108082828e+00 3.7778025291e-01 0
1.7107863263e+00 2.2299125049e-02 0
1.6857851366e+00 3.7779429020e-01 0
1.6857623315e+00 2.2304924326e-02 0
1.6607627433e+00 3.7780915132e-01 0
1.6607417489e+00 2.2306119971e-02 0
2.0808756968e-02 3.0982127366e-01 0
2.0715796977e-02 9.0105900307e-02 0
9.3286929545e-02 3.7822910115e-01 0
9.3251972642e-02 2.1745132365e-02 0
1.6357467625e+00 3.7782467757e-01 0
1.6357285775e+00 2.2303378526e-02 0
2.0405954216e-02 2.8519651056e-01 0
2.0277710950e-02 1.1470420968e-01 0
1.1764108811e-01 3.7929400952e-01 0
1.1761326383e-01 2.0689848536e-02 0
1.6107367796e+00 3.7783633817e-01 0
1.6107202232e+00 2.2302562669e-02 0
1.5857376577e+00 3.7784935542e-01 0
1.5857205524e+00 2.2299414695e-02 0
1.5607389900e+00 3.7785775700e-01 0
1.5607201205e+00 2.2300127982e-02 0
1.5357491042e+00 3.7787007853e-01 0
1.5357289616e+00 2.2295835501e-02 0
1.5107628854e+00 3.7787994628e-01 0
1.5107430006e+00 2.2292900564e-02 0
1.4857805779e+00 3.7789035723e-01 0
1.4857615283e+00 2.2289455354e-02 0
1.4608110985e+00 3.7790464673e-01 0
1.4607916179e+00 2.2283577509e-02 0
1.4358415875e+00 3.7791371570e-01 0
1.4358204104e+00 2.2284059323e-02 0
1.4108770924e+00 3.7792680863e-01 0
1.4108544064e+00 2.2280120190e-02 0
1.3859186447e+00 3.7794030805e-01 0
1.3858955727e+00 2.2275013156e-02 0
1.3609704447e+00 3.7795696757e-01 0
1.3609470670e+00 2.2267586243e-02 0
1.3360267233e+00 3.7797319217e-01 0
1.3360038341e+00 2.2260232306e-02 0
1.3110831102e+00 3.7798670476e-01 0
1.3110660995e+00 2.2248306520e-02 0
1.2861462761e+00 3.7800552047e-01 0
1.2861415843e+00 2.2219989500e-02 0
1.2612250193e+00 3.7803748817e-01 0
1.2612311025e+00 2.2175334708e-02 0
1.2363178915e+00 3.7808672113e-01 0
1.2363251422e+00 2.2121399278e-02 0
1.2114140602e+00 3.7814925979e-01 0
1.2114149386e+00 2.2064580825e-02 0
1.1865126678e+00 3.7822606469e-01 0
1.1865076313e+00 2.1999284268e-02 0
1.1616151685e+00 3.7831100373e-01 0
1.1616102383e+00 2.1924638419e-02 0
1.1367125771e+00 3.7838248565e-01 0
1.1367180329e+00 2.1850298347e-02 0
1.1118025513e+00 3.7843215267e-01 0
1.1118312049e+00 2.1772194937e-02 0
1.0868956826e+00 3.7846954603e-01 0
1.0869534559e+00 2.1681266637e-02 0
1.0619958667e+00 3.7850256767e-01 0
1.0620750921e+00 2.1584397733e-02 0
1.0370990315e+00 3.7853485275e-01 0
1.0371853342e+00 2.1496207906e-02 0
1.0122036087e+00 3.7857236318e-01 0
1.0122880494e+00 2.1423675709e-02 0
9.8730839419e-01 3.7861621564e-01 0
9.8739187556e-01 2.1367675009e-02 0
9.6240983542e-01 3.7865852229e-01 0
9.6249720897e-01 2.1327396623e-02 0
9.3750769242e-01 3.7869339988e-01 0
9.3759924237e-01 2.1299345830e-02 0
9.1260662959e-01 3.7872367260e-01 0
9.1269644255e-01 2.1278475591e-02 0
8.8770777426e-01 3.7875474837e-01 0
8.8778983026e-01 2.1260655994e-02 0
8.6280604086e-01 3.7878754033e-01 0
8.6287953963e-01 2.1242879157e-02 0
8.3789746341e-01 3.7881988512e-01 0
8.3796519430e-01 2.1221338752e-02 0
8.1298422547e-01 3.7885136948e-01 0
8.1304770248e-01 2.1191536979e-02 0
7.8807045880e-01 3.7888509204e-01 0
7.8812836771e-01 2.1150152482e-02 0
7.6315726123e-01 3.7892523525e-01 0
7.6320729383e-01 2.1096427637e-02 0
2.0034004289e-02 2.6075095932e-01 0
1.9894564760e-02 1.3913100727e-01 0
7.3824378371e-01 3.7897441471e-01 0
7.3828413727e-01 2.1032045254e-02 0
7.1333116927e-01 3.7903355195e-01 0
7.1336086078e-01 2.0959852641e-02 0
6.8842386060e-01 3.7910356904e-01 0
6.8844266562e-01 2.0881589844e-02 0
1.4181730433e-01 3.8004733280e-01 0
1.4179494384e-01 1.9947841843e-02 0
6.6352752815e-01 3.7918686250e-01 0
6.6353591601e-01 2.0796162968e-02 0
6.3864669401e-01 3.7928682215e-01 0
6.3864614141e-01 2.0700065977e-02 0
1.9726963228e-02 2.3640465086e-01 0
1.9607521616e-02 1.6347554377e-01 0
6.1378397189e-01 3.7940566906e-01 0
6.1377745878e-01 2.0589184437e-02 0
1.9515899048e-02 2.1209588666e-01 0
1.9454396388e-02 1.8778624819e-01 0
5.8894463835e-01 3.7954240181e-01 0
5.8893893058e-01 2.0459261172e-02 0
5.6413387279e-01 3.7968648319e-01 0
1.6591046934e-01 3.8061424760e-01 0
5.6413785056e-01 2.0321085812e-02 0
1.6588713498e-01 1.9387114117e-02 0
5.3936536315e-01 3.7982240851e-01 0
5.3938020118e-01 2.0193311599e-02 0
1.8994639580e-01 3.8104366968e-01 0
1.8992845881e-01 1.8964496740e-02 0
5.1466315040e-01 3.7992203966e-01 0
5.1467833766e-01 2.0105272673e-02 0
2.1393595567e-01 3.8132867644e-01 0
2.1392536193e-01 1.8684350111e-02 0
4.9004058820e-01 3.7995733048e-01 0
4.9004302513e-01 2.0098968863e-02 0
2.3788264463e-01 3.8141918091e-01 0
2.3788690840e-01 1.8602250953e-02 0
4.6550980919e-01 3.7988594808e-01 0
4.6548661350e-01 2.0228559501e-02 0
4.4106477685e-01 3.7964362710e-01 0
4.4099029341e-01 2.0564123328e-02 0
2.6180329786e-01 3.8121306171e-01 0
2.6183676745e-01 1.8817396573e-02 0
4.1665741122e-01 3.7906331187e-01 0
4.1651818564e-01 2.1205262797e-02 0
2.8577666377e-01 3.8050808240e-01 0
2.8585150670e-01 1.9534760938e-02 0
3.9196472846e-01 3.7767072994e-01 0
3.9184695398e-01 2.2235181638e-02 0
3.1016308120e-01 3.7878443922e-01 0
3.1026666588e-01 2.1243012660e-02 0
3.6568665245e-01 3.7384836134e-01 0
3.6556436789e-01 2.5535461826e-02 0
3.3635528231e-01 3.7436986016e-01 0
3.3643536174e-01 2.5483723055e-02 0
1.9581684667e+00 3.4813109194e-01 0
1.9415127726e+00 3.5891155563e-01 0
1.9203744265e+00 3.5731103705e-01 0
1.8962047846e+00 3.5717236070e-01 0
1.8716410890e+00 3.5670863452e-01 0
1.8468686251e+00 3.5628464942e-01 0
1.8219650938e+00 3.5596125505e-01 0
1.7969811263e+00 3.5574857362e-01 0
1.7719497774e+00 3.5562755791e-01 0
1.7468968471e+00 3.5557628824e-01 0
1.7218338093e+00 3.5556948291e-01 0
1.6967714173e+00 3.5558624454e-01 0
1.6717177507e+00 3.5561329843e-01 0
1.6466734533e+00 3.5564041388e-01 0
1.6216432851e+00 3.5566558310e-01 0
1.5966295021e+00 3.5568857223e-01 0
1.5716250432e+00 3.5570941661e-01 0
1.5466312037e+00 3.5572963552e-01 0
1.5216478132e+00 3.5574854263e-01 0
1.4966735126e+00 3.5576677253e-01 0
1.4717153302e+00 3.5578723742e-01 0
1.4467651639e+00 3.5580716113e-01 0
1.4218224049e+00 3.5582912376e-01 0
1.3968878558e+00 3.5585062501e-01 0
1.3719717523e+00 3.5587873426e-01 0
1.3470629012e+00 3.5590435683e-01 0
1.3221594660e+00 3.5592957782e-01 0
1.2972672727e+00 3.5596066938e-01 0
1.2724034735e+00 3.5601728974e-01 0
1.2475653160e+00 3.5611084923e-01 0
1.2227366569e+00 3.5624113937e-01 0
1.1979167979e+00 3.5641096256e-01 0
1.1730997985e+00 3.5659501320e-01 0
1.1482716430e+00 3.5675435082e-01 0
1.1234357639e+00 3.5687470323e-01 0
1.0986049159e+00 3.5696224885e-01 0
1.0737844447e+00 3.5702929276e-01 0
1.0489772794e+00 3.5709605769e-01 0
1.0241827096e+00 3.5717887716e-01 0
9.9939112936e-01 3.5727360668e-01 0
9.7459625287e-01 3.5736649823e-01 0
9.4980438608e-01 3.5745062085e-01 0
9.2501972605e-01 3.5752692137e-01 0
9.0023461337e-01 3.5759985392e-01 0
8.7543922272e-01 3.5767411921e-01 0
8.5063263615e-01 3.5775006748e-01 0
8.2581979029e-01 3.5782660564e-01 0
8.0100310673e-01 3.5790755804e-01 0
7.7618073761e-01 3.5800072503e-01 0
7.5135230529e-01 3.5811054216e-01 0
7.2652287192e-01 3.5823594642e-01 0
7.0170173317e-01 3.5837655648e-01 0
6.7689937781e-01 3.5853911595e-01 0
6.5212363916e-01 3.5873562678e-01 0
6.2737790923e-01 3.5897511036e-01 0
6.0266866178e-01 3.5925663185e-01 0
1.9562121014e+00 3.2264621850e-01 0
1.9561276707e+00 2.9703541392e-01 0
1.9565607954e+00 2.7180975163e-01 0
1.9572725664e+00 2.4610153134e-01 0
5.7800846015e-01 3.5956668550e-01 0
5.5342799458e-01 3.5987922172e-01 0
5.2896841843e-01 3.6014761319e-01 0
5.0466384318e-01 3.6032717743e-01 0
4.8055025851e-01 3.6036128992e-01 0
4.5667354699e-01 3.6016751496e-01 0
4.3308793721e-01 3.5958951440e-01 0
4.0987111428e-01 3.5833344312e-01 0
3.8738134016e-01 3.5556594635e-01 0
1.9586170739e+00 2.1829789491e-01 0
1.9581365971e+00 5.1513118533e-02 0
1.9414878438e+00 4.0712787075e-02 0
1.9203228935e+00 4.2230709496e-02 0
1.8961329805e+00 4.2370747664e-02 0
1.8715605759e+00 4.2923461382e-02 0
1.8468036838e+00 4.3485481929e-02 0
1.8219247048e+00 4.3934087699e-02 0
1.7969545147e+00 4.4232871636e-02 0
1.7719237257e+00 4.4413525674e-02 0
1.7468652356e+00 4.4515352674e-02 0
1.7217968754e+00 4.4569364545e-02 0
1.6967329762e+00 4.4595171815e-02 0
1.6716814189e+00 4.4604524456e-02 0
1.6466403687e+00 4.4607667487e-02 0
1.6216121900e+00 4.4607447944e-02 0
1.5965981682e+00 4.4605764737e-02 0
1.5715923227e+00 4.4603943198e-02 0
1.5465977992e+00 4.4600666368e-02 0
1.5216149768e+00 4.4597243751e-02 0
1.4966408904e+00 4.4594678773e-02 0
1.4716811944e+00 4.4590917110e-02 0
1.4467288573e+00 4.4588223744e-02 0
1.4217848274e+00 4.4583487702e-02 0
1.3968496133e+00 4.4579971624e-02 0
1.3719316466e+00 4.4571839371e-02 0
1.3470247299e+00 4.4561874385e-02 0
1.3221344758e+00 4.4537978938e-02 0
1.2972617559e+00 4.4495726970e-02 0
1.2724105005e+00 4.4426534974e-02 0
1.2475745435e+00 4.4326108490e-02 0
1.2227441519e+00 4.4200360888e-02 0
1.1979214871e+00 4.4052688954e-02 0
1.1731048012e+00 4.3898406347e-02 0
1.1482960596e+00 4.3744475350e-02 0
1.1235060714e+00 4.3579252185e-02 0
1.0987314120e+00 4.3396230054e-02 0
1.0739581156e+00 4.3201430949e-02 0
1.0491815111e+00 4.3008274938e-02 0
1.0244041823e+00 4.2836800469e-02 0
9.9962657579e-01 4.2703391570e-02 0
9.7484702931e-01 4.2608730385e-02 0
9.5006489732e-01 4.2542174732e-02 0
9.2527712558e-01 4.2491877254e-02 0
9.0047828378e-01 4.2449747695e-02 0
8.7566532867e-01 4.2408308312e-02 0
8.5084069041e-01 4.2358396125e-02 0
8.2600859195e-01 4.2290082452e-02 0
8.0116975050e-01 4.2194937521e-02 0
7.7632099134e-01 4.2070241212e-02 0
7.5146281309e-01 4.1923159283e-02 0
7.2660328823e-01 4.1765005237e-02 0
7.0175386609e-01 4.1602054934e-02 0
6.7692536714e-01 4.1432158322e-02 0
6.5212702727e-01 4.1245743091e-02 0
6.2736611904e-01 4.1028569132e-02 0
6.0265860645e-01 4.0766102402e-02 0
1.9560615268e+00 7.6740190473e-02 0
1.9556801236e+00 1.0205535763e-01 0
1.9554766346e+00 1.2687726065e-01 0
1.9553754600e+00 1.5140836567e-01 0
1.9542407719e+00 1.7551483157e-01 0
5.7801751740e-01 4.0466679585e-02 0
5.5345661191e-01 4.0157195454e-02 0
5.2900368108e-01 3.9891431749e-02 0
5.0469232482e-01 3.9738498101e-02 0
4.8055395734e-01 3.9780587391e-02 0
4.5660467529e-01 4.0120634982e-02 0
4.3284016307e-01 4.0932499735e-02 0
4.0932549415e-01 4.2420777268e-02 0
3.8689484088e-01 4.3639260181e-02 0
4.2367973482e-02 5.5234844587e-02 0
6.4389536753e-02 4.7901028014e-02 0
8.7972105500e-02 4.4210108134e-02 0
1.1146680490e-01 4.1865385720e-02 0
1.3478528793e-01 4.0215336208e-02 0
1.5795837858e-01 3.8959632643e-02 0
1.8102315856e-01 3.7975932336e-02 0
2.0398640129e-01 3.7240912430e-02 0
2.2684927294e-01 3.6819815402e-02 0
2.4960358636e-01 3.6840983356e-02 0
2.7222157812e-01 3.7525494397e-02 0
2.9465164758e-01 3.9245310719e-02 0
3.1659025867e-01 4.2789299175e-02 0
4.1613550673e-02 8.0781769438e-02 0
4.0712181579e-02 1.0520552616e-01 0
3.9866167659e-02 1.2911883530e-01 0
3.9164577888e-02 1.5277839759e-01 0
3.8704331043e-02 1.7633138501e-01 0
4.2456725289e-02 3.4468703429e-01 0
6.4489754711e-02 3.5201156406e-01 0
8.8060681475e-02 3.5571743414e-01 0
1.1153107159e-01 3.5809877514e-01 0
1.3483306389e-01 3.5978721514e-01 0
1.5800587229e-01 3.6106822680e-01 0
1.8106638530e-01 3.6206939946e-01 0
2.0402183057e-01 3.6281283933e-01 0
2.2686130164e-01 3.6324097590e-01 0
2.4956565218e-01 3.6323013471e-01 0
2.7210514761e-01 3.6257050199e-01 0
2.9442031371e-01 3.6088888271e-01 0
3.1621026591e-01 3.5735433835e-01 0
4.1768321972e-02 3.1908473435e-01 0
4.0941558355e-02 2.9459677420e-01 0
4.0156989679e-02 2.7062894390e-01 0
3.9460094821e-02 2.4693591909e-01 0
3.8908495078e-02 2.2337553729e-01 0
4.1457085483e-01 1.7770963530e-01 0
4.0934251969e-01 1.6679773402e-01 0
4.1832238354e-01 1.8918400791e-01 0
4.0255660006e-01 1.5630350743e-01 0
3.9399259168e-01 1.4542007527e-01 0
3.8119856090e-01 1.3878773447e-01 0
3.6849094405e-01 1.3361186095e-01 0
3.5455016068e-01 1.2906772949e-01 0
3.4019903794e-01 1.3175127029e-01 0
3.2717795176e-01 1.3511960127e-01 0
3.1372974014e-01 1.3970127057e-01 0
3.0321737508e-01 1.4942018591e-01 0
2.9410737279e-01 1.5934933107e-01 0
2.8512529043e-01 1.7056126872e-01 0
2.8182347391e-01 1.8454764583e-01 0
2.8017881748e-01 1.9801830158e-01 0
2.7942954280e-01 2.1266373471e-01 0
2.8561691384e-01 2.2624667899e-01 0
2.9227413861e-01 2.3844063821e-01 0
3.0017871826e-01 2.5114544509e-01 0
3.1312633934e-01 2.5927671682e-01 0
3.2576625226e-01 2.6489270224e-01 0
3.3922162212e-01 2.6829180747e-01 0
3.5393137572e-01 2.7082426249e-01 0
3.6821441579e-01 2.6706856820e-01 0
3.8127181299e-01 2.6216698542e-01 0
3.9461007417e-01 2.5577835442e-01 0
4.0353096517e-01 2.4472826804e-01 0
4.1072481373e-01 2.3401725807e-01 0
4.1720304465e-01 2.2304422282e-01 0
1.9507227385e+00 1.9670913879e-01 0
1.9336304238e+00 3.3534803834e-01 0
1.9335168039e+00 6.3929096530e-02 0
6.2919984732e-02 3.2699754283e-01 0
8.4607133100e-02 3.3272279366e-01 0
1.0682820039e-01 3.3653950886e-01 0
1.2912188888e-01 3.3928733319e-01 0
1.5133090491e-01 3.4140708320e-01 0
1.7341457807e-01 3.4310454865e-01 0
1.9534728535e-01 3.4444809019e-01 0
2.1709974743e-01 3.4540646000e-01 0
6.2739206113e-02 7.2837357822e-02 0
8.4442616523e-02 6.7134711207e-02 0
1.0670041948e-01 6.3382864976e-02 0
1.2902077640e-01 6.0709326643e-02 0
1.5124256579e-01 5.8657405041e-02 0
1.7333858076e-01 5.7011769221e-02 0
1.9528142511e-01 5.5691382724e-02 0
2.1705764018e-01 5.4736727458e-02 0
1.9343635299e+00 3.0803633909e-01 0
1.9340300960e+00 2.8274178188e-01 0
1.9357641733e+00 2.5805083520e-01 0
1.9340320269e+00 9.0785815716e-02 0
1.9331695488e+00 1.1562998761e-01 0
1.9335069123e+00 1.4023639619e-01 0
1.9336066863e+00 1.6360748544e-01 0
1.9356592150e+00 2.3350930342e-01 0
3.8591667685e-02 1.9985337893e-01 0
6.1555509215e-02 3.0288663356e-01 0
6.1264184703e-02 9.6851170939e-02 0
2.3863474203e-01 3.4585812986e-01 0
2.3864293761e-01 5.4284527405e-02 0
2.5987531469e-01 3.4560228741e-01 0
2.5997472744e-01 5.4548826535e-02 0
3.5134549815e-01 3.5771437013e-01 0
3.3483663444e-01 3.4955317341e-01 0
3.6839871805e-01 3.4861602508e-01 0
3.5145130554e-01 4.1651021428e-02 0
3.3545225798e-01 5.0475658021e-02 0
3.6808180857e-01 4.9540638378e-02 0
2.8066670138e-01 3.4436131383e-01 0
2.8092345522e-01 5.5831895229e-02 0
3.0068337405e-01 3.4172978547e-01 0
3.0118463605e-01 5.8560994701e-02 0
6.0307155668e-02 2.7943984699e-01 0
5.9164392895e-02 2.5642558690e-01 0
5.8163101886e-02 2.3367289975e-01 0
5.9886143903e-02 1.2018355341e-01 0
5.8654631810e-02 1.4309752067e-01 0
5.7703300288e-02 1.6579647077e-01 0
1.9073863862e+00 3.3641236522e-01 0
1.8829566549e+00 3.3549779116e-01 0
1.8583062012e+00 3.3476112756e-01 0
1.8334511314e+00 3.3417930069e-01 0
1.8084541118e+00 3.3377890916e-01 0
1.7833811161e+00 3.3353391561e-01 0
1.7582706875e+00 3.3341019986e-01 0
1.7331483463e+00 3.3337131170e-01 0
1.7080286663e+00 3.3337914140e-01 0
1.6829237666e+00 3.3340999436e-01 0
1.6578382847e+00 3.3344695756e-01 0
1.6327732995e+00 3.3348302175e-01 0
1.6077313683e+00 3.3351627907e-01 0
1.5827083890e+00 3.3354796713e-01 0
1.5577009715e+00 3.3357563401e-01 0
1.5327089574e+00 3.3360162872e-01 0
1.5077320531e+00 3.3362555484e-01 0
1.4827731532e+00 3.3365107242e-01 0
1.4578265234e+00 3.3367778277e-01 0
1.4328925900e+00 3.3370532749e-01 0
1.4079693959e+00 3.3373261112e-01 0
1.3830669173e+00 3.3376595149e-01 0
1.3581737327e+00 3.3379661307e-01 0
1.3332899496e+00 3.3382713919e-01 0
1.3084225480e+00 3.3386380440e-01 0
1.2835904101e+00 3.3393488549e-01 0
1.2587870697e+00 3.3405722254e-01 0
1.2340069818e+00 3.3425222732e-01 0
1.2092489934e+00 3.3452297116e-01 0
1.1844903129e+00 3.3482604001e-01 0
1.1597119614e+00 3.3510597866e-01 0
1.1349261912e+00 3.3532931474e-01 0
1.1101468344e+00 3.3548471843e-01 0
1.0853807574e+00 3.3558889616e-01 0
1.0606417463e+00 3.3568602302e-01 0
1.0359291520e+00 3.3580693705e-01 0
1.0112280800e+00 3.3595358836e-01 0
9.8653698496e-01 3.3611497248e-01 0
9.6186000538e-01 3.3627138835e-01 0
9.3719257857e-01 3.3640789927e-01 0
9.1252752341e-01 3.3653267484e-01 0
8.8785854430e-01 3.3666102223e-01 0
8.6317725955e-01 3.3679500002e-01 0
8.3847857746e-01 3.3692965394e-01 0
8.1376288414e-01 3.3706918798e-01 0
7.8903367491e-01 3.3722625872e-01 0
7.6429411351e-01 3.3740854292e-01 0
7.3954788104e-01 3.3761184563e-01 0
7.1480603293e-01 3.3783172761e-01 0
6.9008555572e-01 3.3807821634e-01 0
6.6539914362e-01 3.3837223036e-01 0
6.4075069294e-01 3.3873283069e-01 0
6.1614580585e-01 3.3916472443e-01 0
5.9160687602e-01 3.3965624992e-01 0
5.6717985455e-01 3.4017410432e-01 0
5.4291191036e-01 3.4066283164e-01 0
5.1885081916e-01 3.4106702144e-01 0
4.9505368699e-01 3.4132402801e-01 0
4.7159782929e-01 3.4135472352e-01 0
4.4856740721e-01 3.4103262952e-01 0
4.2614315378e-01 3.4012572048e-01 0
4.0471595294e-01 3.3836859900e-01 0
1.9072512476e+00 6.2776611575e-02 0
1.8827985748e+00 6.3780850296e-02 0
1.8581801523e+00 6.4764222373e-02 0
1.8333847735e+00 6.5594687763e-02 0
1.8084246512e+00 6.6154756714e-02 0
1.7833542741e+00 6.6492164347e-02 0
1.7582340516e+00 6.6690111862e-02 0
1.7331035149e+00 6.6799574752e-02 0
1.7079810505e+00 6.6858325640e-02 0
1.6828774670e+00 6.6887158420e-02 0
1.6577948256e+00 6.6900533667e-02 0
1.6327320575e+00 6.6905993172e-02 0
1.6076906900e+00 6.6907984162e-02 0
1.5826675940e+00 6.6906771729e-02 0
1.5576607848e+00 6.6905769684e-02 0
1.5326695401e+00 6.6904604883e-02 0
1.5076920513e+00 6.6904928297e-02 0
1.4827311589e+00 6.6903605464e-02 0
1.4577828280e+00 6.6901490337e-02 0
1.4328481165e+00 6.6899278619e-02 0
1.4079235567e+00 6.6898986143e-02 0
1.3830180336e+00 6.6894347782e-02 0
1.3581301057e+00 6.6884168904e-02 0
1.3332646961e+00 6.6859141023e-02 0
1.3084173176e+00 6.6817484935e-02 0
1.2835992445e+00 6.6733454925e-02 0
1.2588076359e+00 6.6598153532e-02 0
1.2340363112e+00 6.6409408587e-02 0
1.2092774594e+00 6.6175322796e-02 0
1.1845229689e+00 6.5920979197e-02 0
1.1597819067e+00 6.5660409562e-02 0
1.1350627882e+00 6.5393450110e-02 0
1.1103615781e+00 6.5113909678e-02 0
1.0856774215e+00 6.4814510271e-02 0
1.0610105392e+00 6.4504958668e-02 0
1.0363524166e+00 6.4217563948e-02 0
1.0116944046e+00 6.3986694316e-02 0
9.8703876852e-01 6.3827145347e-02 0
9.6238806709e-01 6.3722137881e-02 0
9.3773224166e-01 6.3641759813e-02 0
9.1305479927e-01 6.3568114097e-02 0
8.8835005353e-01 6.3495015297e-02 0
8.6362294752e-01 6.3413732087e-02 0
8.3887675969e-01 6.3305663666e-02 0
8.1410825173e-01 6.3148417242e-02 0
7.8931886085e-01 6.2937562242e-02 0
7.6451665321e-01 6.2688046223e-02 0
7.3971144753e-01 6.2421173750e-02 0
7.1491557694e-01 6.2154889112e-02 0
6.9014498332e-01 6.1892777205e-02 0
6.6541475953e-01 6.1617410746e-02 0
6.4073531826e-01 6.1297361372e-02 0
6.1612562136e-01 6.0902168748e-02 0
5.9160053647e-01 6.0427935256e-02 0
5.6718581088e-01 5.9902729834e-02 0
5.4292623943e-01 5.9395391470e-02 0
5.1887410935e-01 5.8993955939e-02 0
4.9508915245e-01 5.8798364804e-02 0
4.7162768767e-01 5.8911687027e-02 0
4.4853069176e-01 5.9493290293e-02 0
4.2571096752e-01 6.0889520541e-02 0
4.0260919036e-01 6.3985259885e-02 0
1.9159409203e+00 8.1326129210e-02 0
1.9161858461e+00 3.1743799096e-01 0
1.9315813886e+00 1.8660588859e-01 0
1.9320246257e+00 2.0989587315e-01 0
8.2333721856e-02 3.0964576686e-01 0
1.0338736046e-01 3.1477148321e-01 0
8.2042953039e-02 9.0098923096e-02 0
1.0313668030e-01 8.5057045338e-02 0
1.2462851246e-01 3.1861834477e-01 0
1.4586627793e-01 3.2164004405e-01 0
1.2443062066e-01 8.1347375043e-02 0
1.4571530408e-01 7.8474463710e-02 0
1.9100170440e+00 2.9359674782e-01 0
1.9095531861e+00 1.0438585089e-01 0
1.9131235792e+00 2.6695958098e-01 0
1.9119602485e+00 1.3022146350e-01 0
1.6699488082e-01 3.2411027443e-01 0
1.8794518876e-01 3.2615476822e-01 0
1.6687434819e-01 7.6113932371e-02 0
1.8784004694e-01 7.4120465641e-02 0
1.9116108765e+00 1.5419328111e-01 0
1.9165447948e+00 2.4602618078e-01 0
3.1918756383e-01 3.3688834552e-01 0
3.8504642846e-01 3.3478845235e-01 0
3.2008792434e-01 6.3522636121e-02 0
3.8302367968e-01 6.0427233403e-02 0
8.0496711755e-02 2.8694740242e-01 0
8.0023329757e-02 1.1263374162e-01 0
2.0858079915e-01 7.2501233525e-02 0
2.2906545561e-01 7.1378005545e-02 0
2.0866656827e-01 3.2777926407e-01 0
2.2910839836e-01 3.2888581685e-01 0
1.8947610199e+00 3.1460523160e-01 0
1.8944730820e+00 8.4114371787e-02 0
5.7437993186e-02 2.1103848406e-01 0
5.7214243426e-02 1.8841979032e-01 0
1.8703037683e+00 3.1353335077e-01 0
1.8454758340e+00 3.1258260273e-01 0
1.8204128974e+00 3.1193532779e-01 0
1.7952482060e+00 3.1151235776e-01 0
1.7700392431e+00 3.1128025856e-01 0
1.7448193347e+00 3.1118618721e-01 0
1.7196116956e+00 3.1117354851e-01 0
1.8700689405e+00 8.5562474382e-02 0
1.8453786817e+00 8.7007532277e-02 0
1.8204094954e+00 8.7948233767e-02 0
1.7952399847e+00 8.8479146567e-02 0
1.7700077260e+00 8.8796866804e-02 0
1.7447725446e+00 8.8982671571e-02 0
1.7195595496e+00 8.9086805049e-02 0
7.8867935861e-02 2.6467185344e-01 0
7.8186422151e-02 1.3470660383e-01 0
1.6944303062e+00 3.1120044788e-01 0
1.6692816160e+00 3.1124299339e-01 0
1.6441662110e+00 3.1128779170e-01 0
1.6190827102e+00 3.1133050284e-01 0
1.5940283940e+00 3.1137008826e-01 0
1.5689976926e+00 3.1140485300e-01 0
1.5439882854e+00 3.1143605664e-01 0
1.6943785134e+00 8.9143406132e-02 0
1.6692326004e+00 8.9172766623e-02 0
1.6441198989e+00 8.9188487644e-02 0
1.6190378959e+00 8.9196614962e-02 0
1.5939848922e+00 8.9199898766e-02 0
1.5689559156e+00 8.9202703866e-02 0
1.5439474162e+00 8.9205664639e-02 0
2.4920215803e-01 3.2927564996e-01 0
2.4924119796e-01 7.0972677415e-02 0
3.5159289016e-01 3.3914961828e-01 0
3.5254259193e-01 6.0327627183e-02 0
2.6898774728e-01 7.1551257826e-02 0
2.6881863662e-01 3.2868660652e-01 0
7.6564739202e-02 1.5642950725e-01 0
7.7365247388e-02 2.4276071411e-01 0
1.5189987612e+00 3.1146485089e-01 0
1.4940290675e+00 3.1149396585e-01 0
1.4690761854e+00 3.1152416269e-01 0
1.4441390100e+00 3.1155431076e-01 0
1.4192176320e+00 3.1158552925e-01 0
1.3943152241e+00 3.1162029067e-01 0
1.3694226508e+00 3.1165241153e-01 0
1.3445420570e+00 3.1168255758e-01 0
1.3196801309e+00 3.1171965706e-01 0
1.2948472949e+00 3.1178805972e-01 0
1.2700440455e+00 3.1191668461e-01 0
1.2452803847e+00 3.1214933436e-01 0
1.2205558218e+00 3.1250799747e-01 0
1.1958347281e+00 3.1295753522e-01 0
1.1710897440e+00 3.1340909627e-01 0
1.1463339877e+00 3.1378025991e-01 0
1.1215771139e+00 3.1402697585e-01 0
1.0968366022e+00 3.1417283766e-01 0
1.0721341031e+00 3.1428678100e-01 0
1.0474659720e+00 3.1442267561e-01 0
1.0228293678e+00 3.1461572484e-01 0
9.9822796170e-01 3.1486603525e-01 0
9.7365110494e-01 3.1512571325e-01 0
9.4909076760e-01 3.1534852709e-01 0
9.2455269804e-01 3.1553300827e-01 0
9.0003007759e-01 3.1571287395e-01 0
8.7549439884e-01 3.1591578756e-01 0
8.5091835436e-01 3.1613420877e-01 0
8.2630509852e-01 3.1634875253e-01 0
8.0167588633e-01 3.1657200041e-01 0
7.7703294965e-01 3.1683180707e-01 0
7.5236975203e-01 3.1712853560e-01 0
7.2769902072e-01 3.1744559474e-01 0
7.0304649567e-01 3.1778146871e-01 0
6.7843026715e-01 3.1816266989e-01 0
6.5385736451e-01 3.1863049548e-01 0
6.2933792666e-01 3.1920494539e-01 0
6.0489943786e-01 3.1988207716e-01 0
5.8058870921e-01 3.2062660219e-01 0
5.5646073806e-01 3.2137631754e-01 0
5.3257595140e-01 3.2206753741e-01 0
5.0899455589e-01 3.2263072149e-01 0
4.8580236533e-01 3.2298698389e-01 0
4.6312931859e-01 3.2305547681e-01 0
4.4107194851e-01 3.2264797496e-01 0
1.5189572832e+00 8.9208794326e-02 0
1.4939859751e+00 8.9211181249e-02 0
1.4690319957e+00 8.9212656240e-02 0
1.4440941699e+00 8.9214853579e-02 0
1.4191708948e+00 8.9217797445e-02 0
1.3942653831e+00 8.9218633521e-02 0
1.3693813569e+00 8.9212429432e-02 0
1.3445190320e+00 8.9196284175e-02 0
1.3196751671e+00 8.9160232876e-02 0
1.2948628567e+00 8.9078043814e-02 0
1.2700839400e+00 8.8936146266e-02 0
1.2453418910e+00 8.8705086408e-02 0
1.2206293248e+00 8.8379967258e-02 0
1.1959291049e+00 8.7997507377e-02 0
1.1712334253e+00 8.7603410811e-02 0
1.1465499767e+00 8.7219857632e-02 0
1.1218903196e+00 8.6840151254e-02 0
1.0972683890e+00 8.6444413184e-02 0
1.0726893297e+00 8.6022525308e-02 0
1.0481403446e+00 8.5594692599e-02 0
1.0236042194e+00 8.5227840203e-02 0
9.9907764820e-01 8.4981894477e-02 0
9.7456641789e-01 8.4841300974e-02 0
9.5005559244e-01 8.4740793410e-02 0
9.2551572456e-01 8.4636608560e-02 0
9.0093210722e-01 8.4526856995e-02 0
8.7630603116e-01 8.4413810460e-02 0
8.5163378487e-01 8.4266719487e-02 0
8.2692076187e-01 8.4050757722e-02 0
8.0218138390e-01 8.3752942361e-02 0
7.7742478883e-01 8.3382167110e-02 0
7.5265664510e-01 8.2973807968e-02 0
7.2789329337e-01 8.2576417817e-02 0
7.0315831735e-01 8.2209047296e-02 0
6.7847013064e-01 8.1845863662e-02 0
6.5384016725e-01 8.1435946316e-02 0
6.2928601433e-01 8.0925611010e-02 0
6.0482985668e-01 8.0285599257e-02 0
5.8051630260e-01 7.9531493873e-02 0
5.5639606764e-01 7.8730777287e-02 0
5.3252991720e-01 7.7994178839e-02 0
5.0899796698e-01 7.7453638159e-02 0
4.8591359819e-01 7.7227470336e-02 0
4.6340267950e-01 7.7410000265e-02 0
4.4162181110e-01 7.8136556461e-02 0
2.8812013744e-01 7.3438069006e-02 0
2.8771521318e-01 3.2686808743e-01 0
4.2088261036e-01 7.9914916145e-02 0
4.1980419212e-01 3.2146136809e-01 0
4.2106106199e-01 2.0112253780e-01 0
4.2460505827e-01 2.1265316203e-01 0
4.2311392233e-01 2.3412271268e-01 0
4.2961569555e-01 2.2372670194e-01 0
4.1659153686e-01 2.4484134510e-01 0
4.0952321485e-01 2.5558437194e-01 0
3.9198073268e-01 2.6956476405e-01 0
4.0332857676e-01 2.6523575702e-01 0
3.7898121921e-01 2.7466488981e-01 0
3.6591569107e-01 2.7965335314e-01 0
3.4315476246e-01 2.7996400104e-01 0
3.5488595074e-01 2.8339769642e-01 0
3.2962025640e-01 2.7703198516e-01 0
3.1491062824e-01 2.7366008823e-01 0
3.0227215013e-01 2.6559248102e-01 0
2.8574055223e-01 2.4868981310e-01 0
2.8983794453e-01 2.6068580832e-01 0
2.7930099621e-01 2.3711741394e-01 0
2.7271342714e-01 2.2526086699e-01 0
2.6870315493e-01 2.0241000523e-01 0
2.6520172117e-01 2.1455675679e-01 0
2.6982201431e-01 1.8921151126e-01 0
2.7165910059e-01 1.7588474643e-01 0
2.8219672080e-01 1.5666345446e-01 0
2.7379050237e-01 1.6464721206e-01 0
2.9105537657e-01 1.4698400056e-01 0
3.0020884706e-01 1.3729164753e-01 0
3.1881793949e-01 1.2655868314e-01 0
3.0789550000e-01 1.2901482634e-01 0
3.3129861924e-01 1.2316715898e-01 0
3.4401274674e-01 1.2009852359e-01 0
3.6665258251e-01 1.2160091290e-01 0
3.5569107367e-01 1.1458701108e-01 0
3.7925912463e-01 1.2675263220e-01 0
3.9190042780e-01 1.3205836397e-01 0
4.0813059482e-01 1.4626516785e-01 0
4.0241526421e-01 1.3678997751e-01 0
4.1523541320e-01 1.5667523530e-01 0
4.2150720203e-01 1.6767000180e-01 0
4.2644757075e-01 1.7928482037e-01 0
3.3762286745e-01 7.0600355392e-02 0
3.3602422034e-01 3.2991530366e-01 0
1.9140098916e+00 1.7504252859e-01 0
3.6895595935e-01 6.8787854536e-02 0
3.6736051115e-01 3.2878121302e-01 0
1.0077521728e-01 2.9303982926e-01 0
1.2113409031e-01 2.9787416380e-01 0
9.8595731134e-02 2.7155959157e-01 0
1.4148686252e-01 3.0178201354e-01 0
1.6172968876e-01 3.0505754248e-01 0
1.8177756436e-01 3.0786207998e-01 0
9.6611961364e-02 2.5043967374e-01 0
1.0032764325e-01 1.0662817919e-01 0
1.2076593118e-01 1.0200686872e-01 0
9.7860158794e-02 1.2784632309e-01 0
1.4120635102e-01 9.8357820123e-02 0
1.6152065603e-01 9.5294372212e-02 0
1.8161776878e-01 9.2610605296e-02 0
9.5532814823e-02 1.4859425916e-01 0
1.9111504916e+00 2.2504132658e-01 0
2.0155772694e-01 3.1023336243e-01 0
2.2099949386e-01 3.1210956267e-01 0
2.4003693092e-01 3.1333333694e-01 0
2.5861049037e-01 3.1360536958e-01 0
2.0142573779e-01 9.0262125591e-02 0
2.2089601316e-01 8.8342909324e-02 0
2.3999399869e-01 8.7069160877e-02 0
2.5867130368e-01 8.6767730340e-02 0
7.6056268782e-02 2.2110739863e-01 0
7.5450292709e-02 1.7799712912e-01 0
3.0553277680e-01 3.2370758277e-01 0
3.0631775271e-01 7.6797661353e-02 0
2.7676679464e-01 8.7647732583e-02 0
2.7658765788e-01 3.1262076525e-01 0
3.8615491150e-01 7.6149645053e-02 0
4.0281504858e-01 8.4695110454e-02 0
3.9994749794e-01 3.1998204443e-01 0
1.8831894139e+00 2.9283998513e-01 0
1.8938271070e+00 2.7360814418e-01 0
1.8906214717e+00 2.4699337195e-01 0
1.8582690540e+00 2.9117900485e-01 0
1.8329991523e+00 2.9024543215e-01 0
1.8076521340e+00 2.8957366318e-01 0
1.7822806978e+00 2.8918141932e-01 0
1.7569077303e+00 2.8901091249e-01 0
1.7315658429e+00 2.8896774266e-01 0
1.7062727886e+00 2.8898639759e-01 0
1.6810341884e+00 2.8903026342e-01 0
1.6558484728e+00 2.8908117479e-01 0
1.6307098307e+00 2.8913093415e-01 0
1.6056120711e+00 2.8917640229e-01 0
1.5805487970e+00 2.8921649519e-01 0
1.5555139631e+00 2.8925184287e-01 0
1.5305042154e+00 2.8928429004e-01 0
1.5055174330e+00 2.8931543682e-01 0
1.4805515156e+00 2.8934696632e-01 0
1.4556041451e+00 2.8937772224e-01 0
1.4306753713e+00 2.8941048181e-01 0
1.4057655040e+00 2.8944466777e-01 0
1.8827837214e+00 1.0538519147e-01 0
1.8932276779e+00 1.2254842510e-01 0
1.8896850721e+00 1.4470316684e-01 0
1.8581213367e+00 1.0808323910e-01 0
1.8331184943e+00 1.0967548555e-01 0
1.8077027455e+00 1.1038362370e-01 0
1.7822628325e+00 1.1083714219e-01 0
1.7568604048e+00 1.1111497615e-01 0
1.7315104960e+00 1.1127558080e-01 0
1.7062183875e+00 1.1136622055e-01 0
1.6809836840e+00 1.1141709946e-01 0
1.6558016267e+00 1.1144633284e-01 0
1.6306655460e+00 1.1146363967e-01 0
1.6055704119e+00 1.1147465646e-01 0
1.5805094208e+00 1.1148330574e-01 0
1.5554758164e+00 1.1149082037e-01 0
1.5304660445e+00 1.1149791794e-01 0
1.5054782927e+00 1.1150499846e-01 0
1.4805118365e+00 1.1151097218e-01 0
1.4555638393e+00 1.1151843185e-01 0
1.4306332098e+00 1.1152517011e-01 0
1.4057208484e+00 1.1153195972e-01 0
1.3808655886e+00 2.8947583040e-01 0
1.3559784262e+00 2.8950369469e-01 0
1.3311044335e+00 2.8953622308e-01 0
1.3062479100e+00 2.8958975915e-01 0
1.2814151558e+00 2.8969917063e-01 0
1.2566206207e+00 2.8991608663e-01 0
1.2318849488e+00 2.9031703416e-01 0
1.2071830102e+00 2.9091350674e-01 0
1.1824669560e+00 2.9159681628e-01 0
1.1577258906e+00 2.9219782395e-01 0
1.1329747303e+00 2.9258935311e-01 0
1.1082400086e+00 2.9279393475e-01 0
1.0835323323e+00 2.9290250314e-01 0
1.0588559574e+00 2.9301235793e-01 0
1.0342346023e+00 2.9322107447e-01 0
1.0096750487e+00 2.9355571674e-01 0
9.8516773912e-01 2.9395796467e-01 0
9.6070491619e-01 2.9432644899e-01 0
9.3628521927e-01 2.9458765858e-01 0
9.1191138045e-01 2.9478997120e-01 0
8.8754346246e-01 2.9505364789e-01 0
8.6311011263e-01 2.9539374573e-01 0
8.3860315302e-01 2.9571666992e-01 0
8.1406909749e-01 2.9600060070e-01 0
7.8952449955e-01 2.9632175046e-01 0
7.6494923067e-01 2.9672719238e-01 0
7.4034340438e-01 2.9717612777e-01 0
7.1574021196e-01 2.9761537112e-01 0
6.9116804510e-01 2.9806852771e-01 0
6.6664910053e-01 2.9860648251e-01 0
6.4219505997e-01 2.9929030065e-01 0
6.1782336838e-01 3.0014735279e-01 0
5.9358724988e-01 3.0113052634e-01 0
5.6956028192e-01 3.0216265857e-01 0
5.4580075859e-01 3.0318948548e-01 0
5.2236835097e-01 3.0413031882e-01 0
4.9936183134e-01 3.0486884951e-01 0
4.7689307497e-01 3.0532951523e-01 0
1.3808306607e+00 1.1153290471e-01 0
1.3559573035e+00 1.1152809152e-01 0
1.3311005537e+00 1.1150150356e-01 0
1.3062694055e+00 1.1144008646e-01 0
1.2814684780e+00 1.1131902133e-01 0
1.2567147148e+00 1.1108920585e-01 0
1.2320247689e+00 1.1070384872e-01 0
1.2073691410e+00 1.1017637906e-01 0
1.1827091903e+00 1.0959911209e-01 0
1.1580447006e+00 1.0905499977e-01 0
1.1333947540e+00 1.0855733520e-01 0
1.1087877805e+00 1.0807515901e-01 0
1.0842453849e+00 1.0756407537e-01 0
1.0597797414e+00 1.0699473755e-01 0
1.0353639590e+00 1.0643976352e-01 0
1.0109672846e+00 1.0604691607e-01 0
9.8659425863e-01 1.0587472515e-01 0
9.6223909294e-01 1.0580363769e-01 0
9.3785981773e-01 1.0568980535e-01 0
9.1341325965e-01 1.0553305848e-01 0
8.8888156442e-01 1.0537751768e-01 0
8.6427953110e-01 1.0520340232e-01 0
8.3961024432e-01 1.0495097343e-01 0
8.1488836521e-01 1.0458123679e-01 0
7.9014817605e-01 1.0408319546e-01 0
7.6540027769e-01 1.0349942242e-01 0
7.4065019076e-01 1.0292055615e-01 0
7.1592353596e-01 1.0241284451e-01 0
6.9124878089e-01 1.0196358332e-01 0
6.6663393472e-01 1.0149046458e-01 0
6.4209179794e-01 1.0090368200e-01 0
6.1765652173e-01 1.0013893049e-01 0
5.9338543868e-01 9.9171726926e-02 0
5.6933992339e-01 9.8045834843e-02 0
5.4559758127e-01 9.6899652013e-02 0
5.2225094353e-01 9.5919210320e-02 0
4.9940124897e-01 9.5266597592e-02 0
4.7717907269e-01 9.5027133611e-02 0
4.5581979488e-01 9.5222241376e-02 0
4.5511053527e-01 3.0559345447e-01 0
4.3570943378e-01 9.5817171657e-02 0
4.3393080679e-01 3.0525268257e-01 0
3.8161505609e-01 3.1709423197e-01 0
1.9070636162e+00 1.9751503283e-01 0
3.5152627583e-01 3.2138768644e-01 0
3.5437685544e-01 7.9018510986e-02 0
1.8898162298e+00 1.7195047885e-01 0
1.1765670973e-01 1.2248676431e-01 0
1.3742815540e-01 1.1822127952e-01 0
1.1475280394e-01 1.4254903061e-01 0
1.1831615493e-01 2.7719831924e-01 0
1.3795652252e-01 2.8188722713e-01 0
1.1586428443e-01 2.5674279081e-01 0
1.5745112696e-01 2.8592997834e-01 0
1.7672541666e-01 2.8950855456e-01 0
1.5706509050e-01 1.1455883305e-01 0
1.7646752959e-01 1.1121632070e-01 0
1.9569679956e-01 2.9266774264e-01 0
1.9551784999e-01 1.0813189739e-01 0
3.2215749095e-01 3.1879860982e-01 0
3.2358660286e-01 8.1944288330e-02 0
1.8717319962e+00 1.2851273268e-01 0
1.8720930625e+00 2.6971227972e-01 0
4.1743692805e-01 9.7417099112e-02 0
2.1428044022e-01 2.9536717725e-01 0
2.1412739539e-01 1.0537030816e-01 0
2.3238277624e-01 2.9749979784e-01 0
2.4991642611e-01 2.9886801304e-01 0
2.6691785402e-01 2.9893748006e-01 0
2.3225265570e-01 1.0311555683e-01 0
2.4986359648e-01 1.0168106056e-01 0
2.6701260230e-01 1.0163247583e-01 0
7.5235331888e-02 1.9954823555e-01 0
1.8463515546e+00 2.6878850043e-01 0
1.8206801311e+00 2.6774564676e-01 0
1.7950693314e+00 2.6709486364e-01 0
1.7694651278e+00 2.6683016816e-01 0
1.7439244245e+00 2.6675675099e-01 0
1.7184739305e+00 2.6676733723e-01 0
1.6931140544e+00 2.6681149575e-01 0
1.6678360167e+00 2.6686592014e-01 0
1.6426271129e+00 2.6692009635e-01 0
1.6174758156e+00 2.6696936670e-01 0
1.5923709488e+00 2.6701290198e-01 0
1.5673038935e+00 2.6705098953e-01 0
1.5422689738e+00 2.6708546899e-01 0
1.5172613992e+00 2.6711758868e-01 0
1.4922780945e+00 2.6714852566e-01 0
1.4673164129e+00 2.6717925413e-01 0
1.4423754250e+00 2.6721076644e-01 0
1.4174540748e+00 2.6724355294e-01 0
1.3925440885e+00 2.6727237512e-01 0
1.3676454522e+00 2.6729869415e-01 0
1.3427531296e+00 2.6732378539e-01 0
1.3178670413e+00 2.6736095033e-01 0
1.2929856885e+00 2.6743346804e-01 0
1.8469721630e+00 1.3165358963e-01 0
1.8208478221e+00 1.3221110911e-01 0
1.7950496470e+00 1.3281256182e-01 0
1.7694029597e+00 1.3320211686e-01 0
1.7438609262e+00 1.3342631153e-01 0
1.7184175290e+00 1.3355394135e-01 0
1.6930649964e+00 1.3362887832e-01 0
1.6677924825e+00 1.3367427697e-01 0
1.6425875167e+00 1.3370355584e-01 0
1.6174396159e+00 1.3372433879e-01 0
1.5923372378e+00 1.3374033233e-01 0
1.5672718731e+00 1.3375382068e-01 0
1.5422374299e+00 1.3376596994e-01 0
1.5172295676e+00 1.3377770128e-01 0
1.4922462020e+00 1.3378929055e-01 0
1.4672840153e+00 1.3380116624e-01 0
1.4423416171e+00 1.3381271095e-01 0
1.4174186222e+00 1.3382505457e-01 0
1.3925168046e+00 1.3383398974e-01 0
1.3676267472e+00 1.3383784627e-01 0
1.3427502095e+00 1.3382515307e-01 0
1.3178867144e+00 1.3379025960e-01 0
1.2930379673e+00 1.3370706505e-01 0
9.4698097114e-02 2.2973614032e-01 0
9.3441180008e-02 1.6891983196e-01 0
1.2682242587e+00 1.3353334009e-01 0
1.2434832007e+00 1.3318784147e-01 0
1.2188589507e+00 1.3254166834e-01 0
1.1942648465e+00 1.3169710297e-01 0
1.1696201352e+00 1.3090977767e-01 0
1.1449548458e+00 1.3026081623e-01 0
1.1203093349e+00 1.2968861857e-01 0
1.0957332631e+00 1.2913337068e-01 0
1.0712661819e+00 1.2849667072e-01 0
1.0469424349e+00 1.2771410876e-01 0
1.0226949330e+00 1.2701560414e-01 0
9.9848165687e-01 1.2674335489e-01 0
9.7429075716e-01 1.2680399038e-01 0
9.5008093159e-01 1.2678632184e-01 0
9.2579132420e-01 1.2655770492e-01 0
9.0136191963e-01 1.2631147392e-01 0
8.7683841979e-01 1.2613636645e-01 0
8.5220826973e-01 1.2588113332e-01 0
8.2744236113e-01 1.2546388265e-01 0
8.0265879098e-01 1.2488388041e-01 0
7.7790426877e-01 1.2411052996e-01 0
7.5314020741e-01 1.2325552516e-01 0
7.2840074817e-01 1.2253497279e-01 0
7.0371989398e-01 1.2198710318e-01 0
6.7909110948e-01 1.2148635422e-01 0
6.5452676715e-01 1.2088202753e-01 0
6.3004898993e-01 1.2005822168e-01 0
6.0573312438e-01 1.1894190191e-01 0
5.8169328752e-01 1.1751554019e-01 0
5.5802628308e-01 1.1590938355e-01 0
5.3480928616e-01 1.1437620821e-01 0
5.1212106147e-01 1.1316043033e-01 0
1.2681171001e+00 2.6759008472e-01 0
1.2432978155e+00 2.6792679984e-01 0
1.2185649999e+00 2.6858235242e-01 0
1.1938749938e+00 2.6955500185e-01 0
1.1691556941e+00 2.7053053528e-01 0
1.1444100175e+00 2.7117347856e-01 0
1.1196839154e+00 2.7146709550e-01 0
1.0949526810e+00 2.7156097676e-01 0
1.0702139249e+00 2.7159258295e-01 0
1.0455202084e+00 2.7173419294e-01 0
1.0209111285e+00 2.7210390675e-01 0
9.9640388990e-01 2.7267613199e-01 0
9.7201690748e-01 2.7329168590e-01 0
9.4771091587e-01 2.7371910658e-01 0
9.2346880894e-01 2.7389989626e-01 0
8.9928362932e-01 2.7411692270e-01 0
8.7504235834e-01 2.7460353037e-01 0
8.5065258185e-01 2.7515741998e-01 0
8.2618731329e-01 2.7551533147e-01 0
8.0173219295e-01 2.7581929105e-01 0
7.7725489965e-01 2.7631539642e-01 0
7.5270864956e-01 2.7695813083e-01 0
7.2813312896e-01 2.7755712699e-01 0
7.0358657661e-01 2.7807533314e-01 0
6.7908943336e-01 2.7862263531e-01 0
6.5465206720e-01 2.7934777049e-01 0
6.3031138051e-01 2.8034638150e-01 0
6.0611997802e-01 2.8156463307e-01 0
5.8213490028e-01 2.8289961218e-01 0
5.5845458196e-01 2.8428161702e-01 0
5.3517477939e-01 2.8563749187e-01 0
5.1233245156e-01 2.8684664539e-01 0
4.8997315876e-01 2.8776337808e-01 0
4.9004579661e-01 1.1243097482e-01 0
2.9420980992e-01 9.0136277078e-02 0
2.9377813285e-01 3.1028379511e-01 0
4.6821606372e-01 2.8831443088e-01 0
4.6870294126e-01 1.1219253092e-01 0
4.4832384313e-01 1.1229276113e-01 0
4.4760376168e-01 2.8937126371e-01 0
4.1297908112e-01 3.0351478395e-01 0
3.8716699045e-01 9.2280871681e-02 0
4.0145152116e-01 1.0065566307e-01 0
4.3017741827e-01 1.9121300589e-01 0
4.3349466382e-01 2.0292776217e-01 0
4.3717752813e-01 2.1406045008e-01 0
4.3553420466e-01 2.3425722111e-01 0
4.4137200285e-01 2.2443740377e-01 0
4.2985471085e-01 2.4470368541e-01 0
4.2349574615e-01 2.5560587150e-01 0
4.1643077560e-01 2.6765031982e-01 0
3.3421195392e-01 2.8964606120e-01 0
3.4778073898e-01 2.9230213659e-01 0
3.2148947527e-01 2.8698739580e-01 0
3.6294448122e-01 2.9471678261e-01 0
3.7683041449e-01 2.8773022030e-01 0
3.9016325033e-01 2.8227836232e-01 0
4.0436207986e-01 2.7772285261e-01 0
3.0127108262e-01 2.7896293499e-01 0
3.0998668110e-01 2.8556917435e-01 0
2.9197288608e-01 2.7174211876e-01 0
3.6576010771e-01 1.0948149764e-01 0
3.7742637129e-01 1.1424419487e-01 0
3.9019763053e-01 1.1978309578e-01 0
4.0477920040e-01 1.2479111483e-01 0
2.5733358681e-01 2.0554758756e-01 0
2.5741455985e-01 1.9416512219e-01 0
2.5860112277e-01 1.8038124048e-01 0
2.6039501267e-01 1.6548408775e-01 0
3.2262144634e-01 1.1378441570e-01 0
3.0970765166e-01 1.1742049380e-01 0
3.3503969817e-01 1.1094001495e-01 0
3.4677443814e-01 1.0868425538e-01 0
2.9708298076e-01 1.2322176605e-01 0
2.8805166867e-01 1.3460127990e-01 0
2.7831927912e-01 1.4392112640e-01 0
2.6942739461e-01 1.5371492288e-01 0
2.7824760551e-01 2.5794294556e-01 0
2.7221485470e-01 2.4809795622e-01 0
2.6633147121e-01 2.3657478770e-01 0
2.5889057724e-01 2.2576615046e-01 0
4.2137158020e-01 1.4607604933e-01 0
4.1408096569e-01 1.3551935975e-01 0
4.2842575181e-01 1.5682031335e-01 0
4.3450429084e-01 1.6873943742e-01 0
1.1177957674e-01 1.6188047575e-01 0
1.1351367489e-01 2.3668308391e-01 0
3.7086653471e-01 8.5986901146e-02 0
3.6541423919e-01 3.1144453859e-01 0
3.4008829629e-01 8.8067861312e-02 0
3.3735919958e-01 3.1323673116e-01 0
1.3403839209e-01 1.3792618792e-01 0
1.5317852153e-01 1.3389796580e-01 0
1.7210717611e-01 1.2998380906e-01 0
1.3499836915e-01 2.6202086796e-01 0
1.5392207178e-01 2.6671101243e-01 0
1.7258833782e-01 2.7103709326e-01 0
9.3000044421e-02 2.0939650497e-01 0
9.2337633590e-02 1.8914559537e-01 0
1.9067902408e-01 1.2619220674e-01 0
2.0869430595e-01 1.2260590238e-01 0
3.9383790532e-01 3.0504488852e-01 0
1.9092472768e-01 2.7500619288e-01 0
2.0883620017e-01 2.7855707905e-01 0
2.2622626890e-01 2.8160365229e-01 0
2.2606187186e-01 1.1933712174e-01 0
3.0983625390e-01 3.0756567521e-01 0
3.1063376221e-01 9.3234550193e-02 0
2.4294800956e-01 2.8402634601e-01 0
2.5872112289e-01 2.8570952020e-01 0
2.4274057431e-01 1.1669740916e-01 0
2.5860115420e-01 1.1501213350e-01 0
2.8335551985e-01 1.0252708874e-01 0
2.8331551465e-01 2.9744383558e-01 0
1.8634086670e+00 1.5536418969e-01 0
1.8344854117e+00 1.5379073109e-01 0
1.8083158784e+00 1.5472269473e-01 0
1.7824001065e+00 1.5526646135e-01 0
1.7566149931e+00 1.5555247924e-01 0
1.7309775488e+00 1.5571262192e-01 0
1.7054777528e+00 1.5580890110e-01 0
1.6800949250e+00 1.5587093285e-01 0
1.6548078069e+00 1.5591366097e-01 0
1.6295970360e+00 1.5594525798e-01 0
1.6044468741e+00 1.5597008518e-01 0
1.5793446659e+00 1.5599070067e-01 0
1.5542817021e+00 1.5600884666e-01 0
1.5292512606e+00 1.5602569984e-01 0
1.5042489366e+00 1.5604251504e-01 0
1.4792706039e+00 1.5605858540e-01 0
1.4543147444e+00 1.5607508265e-01 0
1.4293796167e+00 1.5609207986e-01 0
1.4044639971e+00 1.5610745552e-01 0
1.3795587203e+00 1.5611818449e-01 0
1.3546632778e+00 1.5611872629e-01 0
1.3297685441e+00 1.5610578814e-01 0
1.3048701365e+00 1.5606245798e-01 0
1.2799711653e+00 1.5596688369e-01 0
1.2550921593e+00 1.5575306551e-01 0
1.2303210365e+00 1.5525756704e-01 0
1.2058684881e+00 1.5406110959e-01 0
1.8606447801e+00 2.4798061241e-01 0
1.8343481214e+00 2.4614566334e-01 0
1.8084840203e+00 2.4495308599e-01 0
1.7825305305e+00 2.4460381434e-01 0
1.7567004212e+00 2.4452519834e-01 0
1.7310364963e+00 2.4453999193e-01 0
1.7055221501e+00 2.4458797573e-01 0
1.6801310610e+00 2.4464526975e-01 0
1.6548389329e+00 2.4470175135e-01 0
1.6296245755e+00 2.4475286337e-01 0
1.6044719362e+00 2.4479784980e-01 0
1.5793680217e+00 2.4483699088e-01 0
1.5543042597e+00 2.4487182485e-01 0
1.5292736389e+00 2.4490369660e-01 0
1.5042710602e+00 2.4493338464e-01 0
1.4792930792e+00 2.4496272281e-01 0
1.4543378829e+00 2.4499194759e-01 0
1.4294038522e+00 2.4502213296e-01 0
1.4044829185e+00 2.4504911597e-01 0
1.3795732450e+00 2.4507309849e-01 0
1.3546662512e+00 2.4509327134e-01 0
1.3297569445e+00 2.4511647725e-01 0
1.3048325965e+00 2.4515515581e-01 0
1.2798871523e+00 2.4524001757e-01 0
1.2549282747e+00 2.4543145470e-01 0
1.2299981435e+00 2.4588903144e-01 0
1.2052807742e+00 2.4703712844e-01 0
1.8884948923e+00 2.1759067214e-01 0
1.8709463574e+00 2.2960665400e-01 0
1.1813392297e+00 1.5279759569e-01 0
1.1566718348e+00 1.5194050635e-01 0
1.1319328685e+00 1.5123073969e-01 0
1.1072648204e+00 1.5066077149e-01 0
1.0826764418e+00 1.5006202146e-01 0
1.0582279200e+00 1.4925826266e-01 0
1.0341449225e+00 1.4800622599e-01 0
1.0101845816e+00 1.4728061340e-01 0
9.8630652334e-01 1.4757524670e-01 0
9.6218543647e-01 1.4796241395e-01 0
9.3803467212e-01 1.4777413803e-01 0
9.1377254567e-01 1.4719412683e-01 0
8.8932132552e-01 1.4702406509e-01 0
8.6480373105e-01 1.4690626992e-01 0
8.3995088881e-01 1.4638445869e-01 0
8.1495180963e-01 1.4581915006e-01 0
7.9011654092e-01 1.4498503787e-01 0
7.6531449534e-01 1.4371382314e-01 0
7.4053842566e-01 1.4259740166e-01 0
7.1586049607e-01 1.4190045363e-01 0
6.9122305090e-01 1.4140555292e-01 0
6.6660181748e-01 1.4087660274e-01 0
6.4204821515e-01 1.4006734120e-01 0
6.1759022313e-01 1.3891249383e-01 0
5.9341198862e-01 1.3732053068e-01 0
5.6970160356e-01 1.3524963695e-01 0
5.4654459657e-01 1.3302515017e-01 0
5.2405096730e-01 1.3110303393e-01 0
1.1806226467e+00 2.4865576896e-01 0
1.1559023453e+00 2.4981204180e-01 0
1.1312432499e+00 2.5022861846e-01 0
1.1065308079e+00 2.5031133301e-01 0
1.0817205796e+00 2.5024451248e-01 0
1.0568412329e+00 2.5018301566e-01 0
1.0320281466e+00 2.5044336006e-01 0
1.0073661673e+00 2.5116293521e-01 0
9.8292935053e-01 2.5208744459e-01 0
9.5879412311e-01 2.5293874588e-01 0
9.3471465954e-01 2.5322046920e-01 0
9.1070146003e-01 2.5306234262e-01 0
8.8668145999e-01 2.5350207950e-01 0
8.6245202535e-01 2.5459056187e-01 0
8.3806529431e-01 2.5524334882e-01 0
8.1364902475e-01 2.5534210484e-01 0
7.8927257412e-01 2.5572345143e-01 0
7.6477168930e-01 2.5666952950e-01 0
7.4019933970e-01 2.5759067427e-01 0
7.1567948506e-01 2.5820226319e-01 0
6.9117895672e-01 2.5870961734e-01 0
6.6669488757e-01 2.5934861762e-01 0
6.4232854876e-01 2.6035624889e-01 0
6.1813210368e-01 2.6180947265e-01 0
5.9412177965e-01 2.6349806694e-01 0
5.7046696896e-01 2.6520121791e-01 0
5.4731461814e-01 2.6695127775e-01 0
5.2465941672e-01 2.6873617936e-01 0
5.0250573012e-01 2.7025591556e-01 0
5.0220361692e-01 1.2968421655e-01 0
4.8085541722e-01 2.7130046495e-01 0
4.8091896833e-01 1.2896757225e-01 0
4.2960120695e-01 1.1195094646e-01 0
4.1275279250e-01 1.1212521291e-01 0
4.5915672880e-01 2.7149857375e-01 0
4.6018631319e-01 1.2868925028e-01 0
4.2786735537e-01 2.8920112727e-01 0
3.8808159202e-01 1.0660117157e-01 0
3.7401906037e-01 1.0077849446e-01 0
1.8832288220e+00 1.9537277790e-01 0
3.2529857516e-01 3.0194937948e-01 0
3.2663202613e-01 9.8896938365e-02 0
3.5112655761e-01 3.0561912107e-01 0
1.8640670023e+00 1.8341487447e-01 0
1.8447223691e+00 1.7366706438e-01 0
1.8649533565e+00 2.0801467089e-01 0
3.7772673899e-01 3.0177013452e-01 0
1.3062574937e-01 1.5716083195e-01 0
1.3231118481e-01 2.4229529608e-01 0
1.5086341680e-01 2.4737065756e-01 0
1.6911366370e-01 2.5236239530e-01 0
1.4946180717e-01 1.5334076972e-01 0
1.6811146331e-01 1.4902074550e-01 0
3.5634798141e-01 9.7895716617e-02 0
1.0892366129e-01 1.8031835516e-01 0
2.7392012414e-01 2.8512895670e-01 0
2.7440248730e-01 1.1606496262e-01 0
1.1102158875e-01 2.1730169064e-01 0
1.8481641271e+00 2.2517822552e-01 0
1.8701514826e-01 2.5717184416e-01 0
3.4109431705e-01 1.0053998456e-01 0
2.0446033090e-01 2.6160194815e-01 0
2.2134337180e-01 2.6559384227e-01 0
2.3763674017e-01 2.6903762891e-01 0
2.5314573196e-01 2.7180296215e-01 0
1.8656383521e-01 1.4447068234e-01 0
2.0439842132e-01 1.4014360095e-01 0
2.2136010260e-01 1.3588546124e-01 0
2.3744753794e-01 1.3195101435e-01 0
2.5261993947e-01 1.2898571062e-01 0
1.8227187345e+00 2.2248518916e-01 0
1.7961266795e+00 2.2224203465e-01 0
1.7698609530e+00 2.2224451340e-01 0
1.7439258487e+00 2.2229505500e-01 0
1.7182329709e+00 2.2235796940e-01 0
1.6927175669e+00 2.2242090291e-01 0
1.6673349689e+00 2.2247917106e-01 0
1.6420536672e+00 2.2253061228e-01 0
1.6168501840e+00 2.2257520072e-01 0
1.5917073353e+00 2.2261365935e-01 0
1.5666131281e+00 2.2264741030e-01 0
1.5415584520e+00 2.2267772471e-01 0
1.5165359377e+00 2.2270577103e-01 0
1.4915411938e+00 2.2273260677e-01 0
1.4665716469e+00 2.2275924480e-01 0
1.4416242630e+00 2.2278610374e-01 0
1.4166935215e+00 2.2281123795e-01 0
1.3917743567e+00 2.2283281931e-01 0
1.3668595489e+00 2.2285041289e-01 0
1.3419389781e+00 2.2286482699e-01 0
1.3169974565e+00 2.2288199358e-01 0
1.2920154313e+00 2.2291243817e-01 0
1.2669605846e+00 2.2297842011e-01 0
1.2417882793e+00 2.2313957105e-01 0
1.2165099385e+00 2.2362605095e-01 0
1.1919701936e+00 2.2610027824e-01 0
1.1673438498e+00 2.2867247604e-01 0
1.1429473556e+00 2.2913973636e-01 0
1.1183695671e+00 2.2918623372e-01 0
1.8218392512e+00 1.7664534901e-01 0
1.7958498336e+00 1.7737602161e-01 0
1.7697536547e+00 1.7768706920e-01 0
1.7438733923e+00 1.7785748721e-01 0
1.7182011177e+00 1.7796524429e-01 0
1.6926947346e+00 1.7803981243e-01 0
1.6673166802e+00 1.7809479334e-01 0
1.6420381615e+00 1.7813748819e-01 0
1.6168364245e+00 1.7817176234e-01 0
1.5916948096e+00 1.7820036349e-01 0
1.5666012513e+00 1.7822504978e-01 0
1.5415469186e+00 1.7824753391e-01 0
1.5165246194e+00 1.7826878326e-01 0
1.4915298441e+00 1.7828926592e-01 0
1.4665600225e+00 1.7830958010e-01 0
1.4416122202e+00 1.7833050842e-01 0
1.4166836569e+00 1.7835037985e-01 0
1.3917662836e+00 1.7836621507e-01 0
1.3668568461e+00 1.7837669748e-01 0
1.3419426070e+00 1.7837781383e-01 0
1.3170140679e+00 1.7836556671e-01 0
1.2920539496e+00 1.7833037089e-01 0
1.2670441925e+00 1.7824810717e-01 0
1.2419727996e+00 1.7804795898e-01 0
1.2169575593e+00 1.7744541113e-01 0
1.1932578692e+00 1.7461686831e-01 0
1.1687474853e+00 1.7362792373e-01 0
1.1437206026e+00 1.7263062527e-01 0
1.1189553701e+00 1.7207262262e-01 0
1.0942305915e+00 1.7157337780e-01 0
1.0694703615e+00 1.7094007902e-01 0
1.0447407086e+00 1.6988606142e-01 0
1.0213209579e+00 1.6710405500e-01 0
9.9847079050e-01 1.6790298174e-01 0
9.7461797611e-01 1.6879648111e-01 0
9.4997364540e-01 1.6961187393e-01 0
9.2594374933e-01 1.6835958240e-01 0
9.0179853913e-01 1.6732989127e-01 0
8.7749788309e-01 1.6828439042e-01 0
8.5266964634e-01 1.6744845995e-01 0
8.2717412869e-01 1.6651605325e-01 0
8.0201384568e-01 1.6639703349e-01 0
7.7706515707e-01 1.6463979086e-01 0
7.5220674736e-01 1.6259495657e-01 0
7.2763384887e-01 1.6166211496e-01 0
7.0307638074e-01 1.6118568383e-01 0
6.7841629979e-01 1.6081101687e-01 0
6.5370553092e-01 1.6025069005e-01 0
6.2916696728e-01 1.5901499990e-01 0
6.0456194582e-01 1.5752942354e-01 0
5.8051263241e-01 1.5522431241e-01 0
5.5723486680e-01 1.5208624520e-01 0
5.3493596226e-01 1.4932021752e-01 0
1.0935787471e+00 2.2904175630e-01 0
1.0685374409e+00 2.2877810921e-01 0
1.0432387259e+00 2.2854357964e-01 0
1.0181471095e+00 2.2925048685e-01 0
9.9335067652e-01 2.3063133023e-01 0
9.6913705543e-01 2.3183436186e-01 0
9.4567235920e-01 2.3314161094e-01 0
9.2196610460e-01 2.3235566484e-01 0
8.9812290130e-01 2.3158948529e-01 0
8.7376468530e-01 2.3353164930e-01 0
8.4974082867e-01 2.3541646548e-01 0
8.2543974182e-01 2.3534513723e-01 0
8.0106470578e-01 2.3469200886e-01 0
7.7650342287e-01 2.3596501512e-01 0
7.5185531175e-01 2.3772075461e-01 0
7.2743303413e-01 2.3850288691e-01 0
7.0299409850e-01 2.3894560680e-01 0
6.7844828201e-01 2.3938885717e-01 0
6.5387941656e-01 2.4011286669e-01 0
6.2957071748e-01 2.4163937956e-01 0
6.0553279098e-01 2.4386910887e-01 0
5.8175805346e-01 2.4596043403e-01 0
5.5862166186e-01 2.4788145974e-01 0
5.3616903133e-01 2.5021265513e-01 0
5.1433957567e-01 2.5260152267e-01 0
5.1349188088e-01 1.4708471839e-01 0
2.9954001097e-01 1.0654086114e-01 0
2.9951811352e-01 2.9426137152e-01 0
4.9319045146e-01 2.5424955506e-01 0
4.9279884658e-01 1.4547090592e-01 0
4.7318680982e-01 2.5550637959e-01 0
4.7230084404e-01 1.4512348797e-01 0
4.0052106973e-01 2.9193824144e-01 0
4.1274117277e-01 2.8879335847e-01 0
4.3967519638e-01 1.2867021081e-01 0
4.2145159407e-01 1.2458403891e-01 0
4.4028098219e-01 2.7641553411e-01 0
2.7895379341e-01 2.7059935902e-01 0
2.5127559251e-01 2.1517491278e-01 0
4.3917965485e-01 1.8113056312e-01 0
4.4268272589e-01 1.9346596413e-01 0
3.3903004550e-01 3.0058402780e-01 0
4.4599256233e-01 2.0514595925e-01 0
4.4915892616e-01 2.1603811175e-01 0
2.6510611313e-01 2.6111093905e-01 0
2.5871275190e-01 2.4756024305e-01 0
2.5426808184e-01 2.3618638608e-01 0
2.4430447621e-01 2.0186211824e-01 0
2.4564233179e-01 1.8656287748e-01 0
2.4599505089e-01 1.7197587804e-01 0
3.1383175085e-01 1.0580783920e-01 0
2.8814033955e-01 2.8323659237e-01 0
2.8464414853e-01 1.2393203349e-01 0
2.8806447190e-01 1.1419266958e-01 0
1.1826986166e+00 1.9005951880e-01 0
2.7563131954e-01 1.3104100275e-01 0
2.6509374626e-01 1.2628461453e-01 0
2.6399032774e-01 1.3995176362e-01 0
4.4321964924e-01 2.4416895563e-01 0
4.4726949029e-01 2.3369600281e-01 0
4.3811404133e-01 2.5468828211e-01 0
4.3146755082e-01 2.6561061071e-01 0
4.3553769530e-01 1.4464870073e-01 0
4.2673872278e-01 1.3572001260e-01 0
4.4196009091e-01 1.5706702088e-01 0
3.8778756523e-01 2.9374604499e-01 0
1.2654444627e-01 1.7502209027e-01 0
1.2952429685e-01 2.2298967942e-01 0
1.8392705030e+00 1.9870776061e-01 0
1.0861793388e-01 1.9875775823e-01 0
1.4530455654e-01 1.7278817052e-01 0
1.4793967451e-01 2.2785517318e-01 0
1.6403897847e-01 1.6883748202e-01 0
1.6600671746e-01 2.3330154729e-01 0
2.6612218572e-01 2.7463984139e-01 0
1.8256095554e-01 1.6290810094e-01 0
1.8370781128e-01 2.3906585193e-01 0
2.0090099515e-01 2.4444888274e-01 0
2.4890716669e-01 2.5784846256e-01 0
2.1748576622e-01 2.4934888456e-01 0
2.3334531679e-01 2.5389855469e-01 0
2.0084593304e-01 1.5795718791e-01 0
2.1792925158e-01 1.5298410377e-01 0
2.3382726469e-01 1.4754790261e-01 0
2.4861378490e-01 1.4289913166e-01 0
4.1744667196e-01 2.7972535931e-01 0
4.2687449452e-01 2.7572521992e-01 0
1.8101720020e+00 1.9961197222e-01 0
1.7832439853e+00 1.9987575197e-01 0
1.7570342765e+00 2.0001521906e-01 0
1.7311803209e+00 2.0011350368e-01 0
1.7055535750e+00 2.0019041710e-01 0
1.6800890404e+00 2.0025290818e-01 0
1.6547455066e+00 2.0030463400e-01 0
1.6294941560e+00 2.0034778868e-01 0
1.6043140133e+00 2.0038429876e-01 0
1.5791904689e+00 2.0041569992e-01 0
1.5541118065e+00 2.0044363917e-01 0
1.5290701523e+00 2.0046918711e-01 0
1.5040589744e+00 2.0049331041e-01 0
1.4790750446e+00 2.0051681766e-01 0
1.4541150898e+00 2.0054042087e-01 0
1.4291743182e+00 2.0056310556e-01 0
1.4042475648e+00 2.0058266403e-01 0
1.3793286246e+00 2.0059872320e-01 0
1.3544074821e+00 2.0060881991e-01 0
1.3294714709e+00 2.0061468394e-01 0
1.3045006734e+00 2.0061497751e-01 0
1.2794613687e+00 2.0061134145e-01 0
1.2542761252e+00 2.0059824622e-01 0
1.2287265082e+00 2.0055496081e-01 0
1.2019662547e+00 2.0039839959e-01 0
1.1782704400e+00 2.0868715620e-01 0
1.1548940789e+00 2.0836181338e-01 0
1.1305499980e+00 2.0820679345e-01 0
1.1058834993e+00 2.0797967029e-01 0
1.0809118773e+00 2.0763068789e-01 0
1.0554279664e+00 2.0709856771e-01 0
1.0288920304e+00 2.0629245260e-01 0
1.0032478848e+00 2.0902983441e-01 0
9.7868632736e-01 2.1044637551e-01 0
9.5461128170e-01 2.1190447444e-01 0
9.3357724370e-01 2.1517933101e-01 0
9.1108044666e-01 2.0821431577e-01 0
8.8373207761e-01 2.1108182271e-01 0
8.6024933999e-01 2.1509104753e-01 0
8.3749202981e-01 2.1769566171e-01 0
8.1369072298e-01 2.1361176702e-01 0
7.8766788327e-01 2.1352094409e-01 0
7.6270611680e-01 2.1812458143e-01 0
7.3876707551e-01 2.1908985562e-01 0
7.1462631276e-01 2.1939130306e-01 0
6.9015126403e-01 2.1963261497e-01 0
6.6536250252e-01 2.1994539835e-01 0
6.4035533352e-01 2.2068947898e-01 0
6.1621700938e-01 2.2353649814e-01 0
5.9242694263e-01 2.2697382934e-01 0
5.6905424212e-01 2.2846154850e-01 0
5.4659345573e-01 2.3078892975e-01 0
5.2492456096e-01 2.3446285909e-01 0
5.0440787880e-01 2.3732451457e-01 0
1.0295976236e+00 1.8443298034e-01 0
1.1556772343e+00 1.8790195174e-01 0
4.8417541091e-01 2.3828076797e-01 0
4.5199246215e-01 1.4426142007e-01 0
4.5475291977e-01 2.5387102598e-01 0
4.4519392513e-01 2.6446485001e-01 0
1.1680358178e+00 1.9385338093e-01 0
1.1309520930e+00 1.8739499566e-01 0
1.1431551610e+00 1.9325618999e-01 0
1.1062434711e+00 1.8700804259e-01 0
1.1185259196e+00 1.9291464988e-01 0
1.0813896478e+00 1.8654700543e-01 0
1.0937360791e+00 1.9254613446e-01 0
1.0562351947e+00 1.8586375416e-01 0
1.0686692040e+00 1.9204260835e-01 0
8.4726253492e-01 2.0178112589e-01 0
1.0428891828e+00 1.9117423829e-01 0
1.0112683791e+00 1.8766846285e-01 0
9.6334401485e-01 1.9037061327e-01 0
9.8807665994e-01 1.8909474452e-01 0
1.3831116811e-01 1.9032015058e-01 0
9.3614011455e-01 1.9263796455e-01 0
9.1357569174e-01 1.8554067818e-01 0
8.9173375985e-01 1.8888498341e-01 0
8.6526513968e-01 1.9079594910e-01 0
8.3959128294e-01 1.8523429252e-01 0
8.1438451663e-01 1.8797277196e-01 0
7.8797212447e-01 1.8734309790e-01 0
7.6294774981e-01 1.8234596148e-01 0
7.3891771961e-01 1.8116501326e-01 0
7.1470163962e-01 1.8077503803e-01 0
6.9016388808e-01 1.8055417094e-01 0
6.6530987084e-01 1.8035781522e-01 0
6.4023956866e-01 1.7983139445e-01 0
6.1608618452e-01 1.7728520717e-01 0
5.9051780189e-01 1.7652010152e-01 0
5.6639768629e-01 1.7171486978e-01 0
5.4435301272e-01 1.6797160430e-01 0
5.2340293441e-01 1.6485632550e-01 0
5.0342458636e-01 1.6241406718e-01 0
4.8504186867e-01 1.6035893488e-01 0
1.2596854102e-01 2.0498089976e-01 0
1.2174937785e-01 1.8988020485e-01 0
1.4453537262e-01 2.0823871749e-01 0
1.6291350267e-01 2.1335354593e-01 0
8.2961291183e-01 2.0117447688e-01 0
4.6218733509e-01 1.5387302369e-01 0
4.5301424737e-01 1.5819504486e-01 0
4.7175942296e-01 1.5961555043e-01 0
1.8075487940e-01 2.2053614096e-01 0
2.4458067997e-01 2.4361098293e-01 0
8.0077403354e-01 2.0058815515e-01 0
1.9795552174e-01 2.2705944694e-01 0
2.1439709224e-01 2.3288977350e-01 0
2.3018273793e-01 2.3821453630e-01 0
1.5918098026e-01 1.9097778212e-01 0
7.2629221819e-01 2.0011083460e-01 0
4.6673968501e-01 2.4199394765e-01 0
1.7887362226e-01 1.8197039721e-01 0
1.9659148290e-01 1.7499772256e-01 0
2.1554610528e-01 1.7140272325e-01 0
2.3176124368e-01 1.6343995730e-01 0
2.4629223060e-01 1.5749385593e-01 0
6.7736832625e-01 2.0012834287e-01 0
7.7056035773e-01 2.0029966473e-01 0
7.4951831658e-01 2.0018783923e-01 0
6.0533463194e-01 1.9138188468e-01 0
7.0191848555e-01 2.0010102860e-01 0
4.5430582283e-01 2.4149473298e-01 0
6.5190834134e-01 2.0021593238e-01 0
6.2511071109e-01 2.0034684720e-01 0
6.0187476312e-01 2.0857636941e-01 0
5.7963047465e-01 2.1049355222e-01 0
5.5610835921e-01 2.0930490494e-01 0
5.3339370885e-01 2.1562782832e-01 0
5.1381438470e-01 2.1970618468e-01 0
4.9605731967e-01 2.2333899971e-01 0
5.7188370274e-01 1.9173447939e-01 0
4.6080018475e-01 2.2027083962e-01 0
5.8931788629e-01 1.9557328462e-01 0
5.5172399403e-01 1.8715751736e-01 0
5.3145079492e-01 1.8299793027e-01 0
5.1227569372e-01 1.7982686629e-01 0
4.9289651940e-01 1.7696660944e-01 0
2.5779827705e-01 1.5201330519e-01 0
4.8227656759e-01 2.2302530679e-01 0
4.5151563597e-01 2.2520047645e-01 0
2.4340140777e-01 2.2801838236e-01 0
4.4873511817e-01 1.7036820379e-01 0
2.3854399102e-01 2.1445346562e-01 0
4.5226559713e-01 1.8423994297e-01 0
4.5542936518e-01 1.9644064539e-01 0
4.5843638117e-01 2.0860600485e-01 0
2.3404557454e-01 1.9249222038e-01 0
2.2664746136e-01 2.0524762779e-01 0
2.3214926708e-01 1.7872250911e-01 0
5.3841893283e-01 1.9915160422e-01 0
1.7826093581e-01 2.0133343091e-01 0
4.5897968610e-01 2.3185693925e-01 0
4.7111446983e-01 2.2821084008e-01 0
4.6190402391e-01 1.6569276749e-01 0
2.2746556575e-01 2.2250403772e-01 0
5.1924556179e-01 1.9965869572e-01 0
5.0226626769e-01 1.9214123780e-01 0
4.7474767845e-01 1.7323895464e-01 0
5.0245513694e-01 2.0791303641e-01 0
1.9410836365e-01 1.9229593358e-01 0
1.9542543646e-01 2.0959495688e-01 0
2.0747960194e-01 1.8525437297e-01 0
2.1205524300e-01 2.1613645713e-01 0
4.9207369440e-01 2.0021477412e-01 0
4.6095686788e-01 1.7638287576e-01 0
2.2093956085e-01 1.8878735634e-01 0
2.0961635741e-01 1.9993986138e-01 0
4.7228836880e-01 2.1286728117e-01 0
4.8714231220e-01 2.1104902567e-01 0
4.8940714779e-01 1.9029845376e-01 0
4.8031762170e-01 1.8507326733e-01 0
4.6698506725e-01 1.8774086838e-01 0
4.7878150876e-01 1.9850712094e-01 0
4.6649659568e-01 2.0075406969e-01 0
