4 770  0  0  1  0
770 364  0  0  10  0
364 583  0  0  13  0
583 4  0  0  3  0
4 831  0  1  2  0
831 1188  0  1  5  0
1188 770  0  1  8  0
4 555  0  2  3  0
555 523  0  2  17  0
523 831  0  2  4  0
583 640  0  3  15  0
640 555  0  3  18  0
523 1085  0  4  147  0
1085 722  0  4  165  0
722 831  0  4  5  0
722 176  0  5  6  0
176 1188  0  5  7  0
722 631  0  6  165  0
631 1249  0  6  169  0
1249 176  0  6  172  0
176 887  0  7  172  0
887 1094  2  7  -1  0
1094 1188  0  7  8  0
1094 1131  2  8  -1  0
1131 770  0  8  10  0
463 197  0  9  13  0
197 723  0  9  67  0
723 1103  0  9  53  0
1103 463  0  9  11  0
1131 1215  2  10  -1  0
1215 364  0  10  12  0
16 463  0  11  15  0
1103 707  0  11  28  0
707 16  0  11  22  0
1215 104  2  12  -1  0
104 197  0  12  67  0
197 364  0  12  13  0
463 583  0  13  15  0
1219 640  0  14  18  0
640 16  0  14  15  0
16 551  0  14  22  0
551 1219  0  14  21  0
545 712  0  16  73  0
712 999  0  16  72  0
999 54  0  16  75  0
54 545  0  16  21  0
555 767  0  17  18  0
767 1194  0  17  109  0
1194 523  0  17  147  0
1219 767  0  18  20  0
346 332  0  19  84  0
332 605  0  19  23  0
605 444  0  19  26  0
444 346  0  19  78  0
1219 54  0  20  21  0
54 388  0  20  75  0
388 767  0  20  109  0
551 545  0  21  23  0
707 605  0  22  26  0
605 551  0  22  23  0
332 545  0  23  73  0
1080 1224  0  24  146  0
1224 1180  0  24  865  0
1180 1174  0  24  862  0
1174 1080  0  24  93  0
1092 337  0  25  27  0
337 308  0  25  653  0
308 1080  0  25  146  0
1080 1092  0  25  93  0
707 344  0  26  28  0
344 444  0  26  71  0
1092 211  0  27  106  0
211 1099  0  27  834  0
1099 337  0  27  831  0
1103 1164  0  28  53  0
1164 344  0  28  30  0
155 414  0  29  69  0
414 1224  0  29  865  0
1224 650  0  29  146  0
650 155  0  29  734  0
1164 543  0  30  31  0
543 483  0  30  36  0
483 344  0  30  71  0
1164 761  0  31  53  0
761 1115  0  31  56  0
1115 543  0  31  33  0
454 738  0  32  822  0
738 155  0  32  69  0
155 67  0  32  734  0
67 454  0  32  35  0
1115 648  0  33  34  0
648 815  1  33  -1  0
815 543  0  33  36  0
1115 12  0  34  56  0
12 145  2  34  -1  0
145 648  1  34  -1  0
703 454  0  35  730  0
67 36  0  35  37  0
36 703  0  35  997  0
815 709  1  36  -1  0
709 483  0  36  38  0
67 338  0  37  734  0
338 758  0  37  98  0
758 36  0  37  39  0
709 1218  1  38  -1  0
1218 781  0  38  40  0
781 483  0  38  71  0
870 36  0  39  997  0
758 726  0  39  59  0
726 870  0  39  135  0
1218 561  1  40  -1  0
561 1149  0  40  41  0
1149 781  0  40  78  0
561 398  1  41  -1  0
398 1091  0  41  76  0
1091 1149  0  41  43  0
1192 558  0  42  1128  0
558 870  0  42  997  0
870 851  0  42  135  0
851 1192  0  42  81  0
1091 1135  0  43  44  0
1135 346  0  43  84  0
346 1149  0  43  78  0
1091 403  0  44  76  0
403 1152  0  44  210  0
1152 1135  0  44  46  0
1244 81  0  45  367  0
81 253  0  45  904  0
253 100  0  45  890  0
100 1244  0  45  47  0
1152 1255  0  46  327  0
1255 37  0  46  48  0
37 1135  0  46  84  0
100 701  0  47  366  0
701 484  0  47  1128  0
484 1244  0  47  50  0
1255 1075  0  48  52  0
1075 712  0  48  72  0
712 37  0  48  73  0
1450 1432  0  49  1445  0
1432 1455  0  49  1484  0
1455 1450  0  49  87  0
1251 246  0  50  362  0
246 1244  0  50  367  0
484 1251  0  50  891  0
213 1075  0  51  72  0
1075 222  0  51  52  0
222 227  0  51  1248  0
227 213  0  51  65  0
207 222  0  52  1171  0
1255 207  0  52  327  0
723 761  0  53  62  0
1353 1413  0  54  1503  0
1413 1460  0  54  1504  0
1460 1353  0  54  1314  0
1458 1445  0  55  1563  0
1445 1459  0  55  1481  0
1459 1458  0  55  61  0
761 269  0  56  62  0
269 12  2  56  -1  0
251 1172  0  57  110  0
1172 655  0  57  145  0
655 240  0  57  65  0
240 251  0  57  1330  0
1397 1443  0  58  1558  0
1443 1459  0  58  61  0
1459 1397  0  58  1565  0
242 726  0  59  64  0
758 506  0  59  98  0
506 242  0  59  970  0
271 697  0  60  63  0
697 857  0  60  112  0
857 261  0  60  110  0
261 271  0  60  1328  0
1443 1458  0  61  1561  0
723 286  0  62  67  0
286 269  2  62  -1  0
272 324  0  63  108  0
324 697  0  63  153  0
271 272  0  63  1235  0
242 891  0  64  686  0
891 502  0  64  683  0
502 726  0  64  135  0
655 213  0  65  70  0
227 240  0  65  1326  0
1378 1426  0  66  1435  0
1426 1460  0  66  1433  0
1460 1378  0  66  1529  0
104 286  2  67  -1  0
1434 1441  0  68  1466  0
1441 1457  0  68  1470  0
1457 1434  0  68  1465  0
493 414  0  69  867  0
738 493  0  69  204  0
655 961  0  70  145  0
961 999  0  70  75  0
999 213  0  70  72  0
781 444  0  71  78  0
332 37  0  73  84  0
701 547  0  74  366  0
547 703  0  74  730  0
703 558  0  74  997  0
558 701  0  74  1128  0
961 388  0  75  77  0
398 507  1  76  -1  0
507 403  0  76  337  0
961 1035  0  77  145  0
1035 534  0  77  79  0
534 388  0  77  109  0
1035 373  0  79  80  0
373 564  0  79  150  0
564 534  0  79  143  0
1035 1172  0  80  145  0
1172 857  0  80  110  0
857 373  0  80  112  0
851 408  0  81  347  0
408 1201  0  81  532  0
1201 1192  0  81  891  0
27 367  0  82  388  0
367 1197  0  82  128  0
1197 18  0  82  383  0
18 27  0  82  1231  0
1373 1410  0  83  1526  0
1410 1461  0  83  1519  0
1461 1373  0  83  1290  0
1457 1442  0  85  1470  0
1442 1458  0  85  1480  0
1458 1457  0  85  1561  0
1386 1421  0  86  1512  0
1421 1461  0  86  1424  0
1461 1386  0  86  1449  0
1455 1431  0  87  1541  0
1431 1450  0  87  1535  0
1079 445  0  88  331  0
445 203  0  88  1212  0
203 1112  0  88  210  0
1112 1079  0  88  333  0
1387 1433  0  89  1506  0
1433 1462  0  89  1477  0
1462 1387  0  89  1483  0
1040 320  0  90  238  0
320 158  0  90  91  0
158 167  0  90  1240  0
167 1040  0  90  124  0
320 1074  0  91  503  0
1074 140  0  91  103  0
140 158  0  91  1251  0
1449 1425  0  92  693  0
1425 1451  0  92  1493  0
1451 1449  0  92  718  0
1174 1133  0  93  860  0
1133 1092  0  93  106  0
1231 511  0  94  215  0
511 94  0  94  95  0
94 128  0  94  1226  0
128 1231  0  94  103  0
511 907  0  95  214  0
907 92  0  95  96  0
92 94  0  95  1344  0
907 1003  0  96  209  0
1003 88  0  96  460  0
88 92  0  96  1346  0
1417 1419  0  97  1516  0
1419 1452  0  97  104  0
1452 1417  0  97  219  0
338 279  0  98  151  0
279 506  0  98  340  0
1454 1429  0  99  1536  0
1429 1450  0  99  1445  0
1450 1454  0  99  832  0
1456 1420  0  100  377  0
1420 1453  0  100  1515  0
1453 1456  0  100  242  0
814 1251  0  101  362  0
1251 1201  0  101  891  0
1201 201  0  101  532  0
201 814  0  101  205  0
1398 1416  0  102  1479  0
1416 1462  0  102  1451  0
1462 1398  0  102  1509  0
1074 1231  0  103  217  0
128 140  0  103  1252  0
1419 1453  0  104  1458  0
1453 1452  0  104  1515  0
3 477  0  105  383  0
477 334  0  105  158  0
334 298  0  105  108  0
298 3  0  105  1356  0
1133 144  0  106  638  0
144 211  0  106  650  0
374 575  0  107  198  0
575 32  0  107  825  0
32 46  0  107  1173  0
46 374  0  107  893  0
334 324  0  108  155  0
272 298  0  108  1234  0
534 1194  0  109  143  0
251 261  0  110  1338  0
1443 1440  0  111  1507  0
1440 1457  0  111  1465  0
1457 1443  0  111  1561  0
697 1173  0  112  153  0
1173 373  0  112  150  0
489 787  0  113  115  0
787 495  0  113  148  0
495 237  0  113  294  0
237 489  0  113  385  0
901 384  0  114  914  0
384 239  0  114  232  0
239 834  0  114  833  0
834 901  0  114  917  0
489 402  0  115  119  0
402 878  0  115  226  0
878 787  0  115  1017  0
417 1055  0  116  665  0
1055 1243  0  116  920  0
1243 834  0  116  917  0
834 417  0  116  833  0
375 536  0  117  162  0
536 635  0  117  449  0
635 210  0  117  446  0
210 375  0  117  244  0
1009 348  0  118  166  0
348 1243  0  118  917  0
1243 215  0  118  920  0
215 1009  0  118  129  0
489 1252  0  119  385  0
1252 670  0  119  1013  0
670 402  0  119  125  0
941 195  0  120  408  0
195 232  0  120  911  0
232 593  0  120  937  0
593 941  0  120  570  0
563 24  0  121  695  0
24 1184  0  121  258  0
1184 429  0  121  255  0
429 563  0  121  699  0
833 670  0  122  125  0
670 76  0  122  1013  0
76 393  0  122  1022  0
393 833  0  122  144  0
380 465  0  123  269  0
465 185  0  123  124  0
185 273  0  123  1575  0
273 380  0  123  450  0
465 1040  0  124  239  0
167 185  0  124  1166  0
833 55  0  125  160  0
55 402  0  125  226  0
827 281  0  126  922  0
281 695  0  126  663  0
695 586  0  126  660  0
586 827  0  126  925  0
1197 968  0  127  128  0
968 515  0  127  131  0
515 477  0  127  158  0
477 1197  0  127  383  0
367 538  0  128  156  0
538 968  0  128  130  0
215 321  0  129  919  0
321 1061  1  129  -1  0
1061 1009  0  129  929  0
538 411  0  130  192  0
411 252  0  130  293  0
252 968  0  130  131  0
252 356  0  131  159  0
356 515  0  131  133  0
584 846  0  132  932  0
846 357  0  132  183  0
357 633  0  132  188  0
633 584  0  132  935  0
356 75  0  133  134  0
75 784  0  133  157  0
784 515  0  133  158  0
356 662  0  134  159  0
662 847  0  134  299  0
847 75  0  134  136  0
502 851  0  135  347  0
847 1007  0  136  168  0
1007 289  0  136  138  0
289 75  0  136  157  0
495 927  0  137  148  0
927 526  0  137  776  0
526 468  0  137  305  0
468 495  0  137  294  0
1007 660  0  138  139  0
660 204  0  138  142  0
204 289  0  138  152  0
1007 397  0  139  168  0
397 307  0  139  167  0
307 660  0  139  141  0
965 837  0  140  144  0
837 187  0  140  1025  0
187 569  0  140  218  0
569 965  0  140  199  0
307 1085  0  141  165  0
1085 702  0  141  147  0
702 660  0  141  142  0
702 564  0  142  143  0
564 204  0  142  150  0
702 1194  0  143  147  0
965 833  0  144  160  0
393 837  0  144  1023  0
308 650  0  146  151  0
909 927  0  148  908  0
787 909  0  148  1017  0
582 562  0  149  206  0
562 62  0  149  893  0
62 70  0  149  1268  0
70 582  0  149  460  0
1173 204  0  150  152  0
338 650  0  151  734  0
308 279  0  151  653  0
1173 352  0  152  153  0
352 289  0  152  157  0
324 352  0  153  155  0
486 586  0  154  925  0
586 1096  0  154  660  0
1096 59  0  154  657  0
59 486  1  154  -1  0
334 784  0  155  158  0
784 352  0  155  157  0
367 565  0  156  388  0
565 370  0  156  195  0
370 538  0  156  192  0
252 884  0  159  293  0
884 662  0  159  288  0
1235 55  0  160  161  0
965 1235  0  160  199  0
1235 130  0  161  164  0
130 544  0  161  835  0
544 55  0  161  226  0
615 148  0  162  613  0
148 536  0  162  222  0
375 615  0  162  379  0
1393 1439  0  163  1560  0
1439 1463  0  163  1552  0
1463 1393  0  163  1463  0
1067 1185  0  164  374  0
1185 130  0  164  760  0
1235 1067  0  164  199  0
307 631  0  165  167  0
1009 1102  0  166  929  0
1102 560  0  166  932  0
560 348  0  166  343  0
397 1047  0  167  170  0
1047 631  0  167  169  0
847 509  0  168  299  0
509 397  0  168  170  0
1047 1240  0  169  175  0
1240 1249  0  169  173  0
509 679  0  170  280  0
679 1047  0  170  175  0
899 609  0  171  909  0
609 814  0  171  362  0
814 0  0  171  205  0
0 899  0  171  690  0
1249 378  0  172  173  0
378 887  2  172  -1  0
1240 687  0  173  174  0
687 378  2  173  -1  0
1240 1247  0  174  175  0
1247 686  0  174  176  0
686 687  2  174  -1  0
679 1247  0  175  177  0
1247 1236  0  176  177  0
1236 110  0  176  181  0
110 686  2  176  -1  0
679 1212  0  177  280  0
1212 1236  0  177  179  0
1212 48  0  178  280  0
48 585  0  178  288  0
585 556  0  178  272  0
556 1212  0  178  179  0
556 1087  0  179  216  0
1087 1236  0  179  181  0
1151 406  0  180  194  0
406 173  0  180  946  0
173 998  0  180  186  0
998 1151  0  180  188  0
1087 160  0  181  182  0
160 110  2  181  -1  0
1087 1026  0  182  216  0
1026 151  0  182  184  0
151 160  2  182  -1  0
1160 435  1  183  -1  0
435 357  0  183  190  0
846 1160  0  183  227  0
1026 58  0  184  185  0
58 1158  0  184  578  0
1158 151  2  184  -1  0
1026 216  0  185  216  0
216 450  0  185  256  0
450 58  0  185  187  0
173 409  0  186  944  0
409 923  0  186  941  0
923 998  0  186  381  0
450 1109  0  187  259  0
1109 754  1  187  -1  0
754 58  0  187  578  0
357 1151  0  188  190  0
998 633  0  188  381  0
1170 314  0  189  586  0
314 852  0  189  295  0
852 159  0  189  191  0
159 1170  1  189  -1  0
435 57  1  190  -1  0
57 1151  0  190  194  0
852 370  0  191  192  0
370 1181  0  191  195  0
1181 159  1  191  -1  0
852 411  0  192  295  0
1139 198  0  193  957  0
198 1010  0  193  949  0
1010 164  1  193  -1  0
164 1139  0  193  951  0
924 406  0  194  481  0
57 924  1  194  -1  0
565 178  0  195  348  0
178 1181  1  195  -1  0
820 1206  0  196  348  0
1206 575  0  196  825  0
575 394  0  196  198  0
394 820  1  196  -1  0
792 724  0  197  955  0
724 40  0  197  1060  0
40 283  0  197  1063  0
283 792  0  197  958  0
374 579  0  198  455  0
579 394  1  198  -1  0
569 1067  0  199  212  0
940 138  0  200  204  0
138 17  0  200  885  0
17 571  0  200  882  0
571 940  0  200  472  0
354 148  0  201  222  0
148 1140  0  201  613  0
1140 462  0  201  610  0
462 354  0  201  229  0
843 560  0  202  343  0
560 584  0  202  932  0
584 1049  0  202  935  0
1049 843  0  202  913  0
1382 1429  0  203  1393  0
1429 1430  0  203  1536  0
1430 1382  0  203  1488  0
738 138  0  204  822  0
940 493  0  204  324  0
527 0  0  205  232  0
201 527  0  205  671  0
582 479  0  206  207  0
479 1176  1  206  -1  0
1176 562  0  206  455  0
582 1003  0  207  460  0
1003 226  0  207  209  0
226 479  1  207  -1  0
969 174  0  208  211  0
174 1089  0  208  901  0
1089 941  0  208  408  0
941 969  0  208  570  0
907 44  0  209  214  0
44 226  1  209  -1  0
203 1152  0  210  327  0
403 1112  0  210  337  0
983 900  0  211  968  0
900 174  0  211  900  0
969 983  0  211  213  0
658 1134  0  212  1155  0
1134 1067  0  212  374  0
569 658  0  212  218  0
969 306  0  213  570  0
306 693  0  213  941  0
693 983  0  213  465  0
511 191  0  214  215  0
191 44  1  214  -1  0
1231 644  0  215  217  0
644 191  1  215  -1  0
556 216  0  216  272  0
1074 1163  0  217  503  0
1163 644  1  217  -1  0
187 441  0  218  369  0
441 658  0  218  223  0
1409 1417  0  219  1496  0
1452 1409  0  219  1495  0
1448 1407  0  220  1523  0
1407 1451  0  220  1501  0
1451 1448  0  220  1493  0
849 608  0  221  773  0
608 790  0  221  634  0
790 698  0  221  639  0
698 849  0  221  643  0
354 438  0  222  1012  0
438 536  0  222  449  0
933 658  0  223  1155  0
441 309  0  223  603  0
309 933  0  223  225  0
1116 659  0  224  746  0
659 1138  0  224  654  0
1138 125  1  224  -1  0
125 1116  0  224  657  0
309 400  0  225  573  0
400 920  0  225  233  0
920 933  0  225  228  0
544 878  0  226  953  0
846 1102  0  227  932  0
1102 488  0  227  929  0
488 1160  1  227  -1  0
170 328  0  228  286  0
328 933  0  228  1155  0
920 170  0  228  235  0
1046 838  0  229  605  0
838 354  0  229  1012  0
462 1046  0  229  608  0
433 258  0  230  536  0
258 619  0  230  489  0
619 418  0  230  447  0
418 433  0  230  1118  0
1062 262  0  231  602  0
262 926  0  231  326  0
926 838  0  231  1012  0
838 1062  0  231  605  0
527 239  0  232  669  0
384 0  0  232  690  0
1248 920  0  233  235  0
400 421  0  233  496  0
421 1248  0  233  462  0
1029 580  0  234  426  0
580 903  0  234  424  0
903 937  1  234  -1  0
937 1029  0  234  429  0
1248 296  0  235  236  0
296 170  0  235  283  0
1058 296  0  236  276  0
1248 331  0  236  462  0
331 1058  0  236  249  0
906 602  0  237  694  0
602 1050  0  237  691  0
1050 1001  0  237  826  0
1001 906  0  237  1145  0
1040 625  0  238  239  0
625 829  1  238  -1  0
829 320  0  238  503  0
465 1242  0  239  269  0
1242 625  1  239  -1  0
440 228  0  240  445  0
228 952  0  240  435  0
952 265  0  240  432  0
265 440  0  240  391  0
1056 721  0  241  564  0
721 260  0  241  243  0
260 42  0  241  253  0
42 1056  1  241  -1  0
1453 1436  0  242  1517  0
1436 1456  0  242  1460  0
721 708  0  243  431  0
708 1195  0  243  704  0
1195 260  0  243  245  0
210 440  0  244  445  0
440 1127  0  244  391  0
1127 375  0  244  379  0
1195 385  0  245  252  0
385 996  0  245  247  0
996 260  0  245  253  0
811 21  0  246  373  0
21 782  0  246  407  0
782 1159  1  246  -1  0
1159 811  0  246  409  0
385 6  0  247  248  0
6 713  0  247  524  0
713 996  0  247  530  0
385 1123  0  248  252  0
1123 567  0  248  250  0
567 6  0  248  526  0
331 268  0  249  452  0
268 731  0  249  376  0
731 1058  0  249  273  0
1123 274  0  250  251  0
274 184  0  250  498  0
184 567  0  250  510  0
1123 466  0  251  252  0
466 1137  0  251  702  0
1137 274  0  251  254  0
1195 466  0  252  704  0
996 1117  0  253  530  0
1117 42  1  253  -1  0
1137 1004  0  254  255  0
1004 957  0  254  495  0
957 274  0  254  498  0
1137 429  0  255  702  0
1184 1004  0  255  257  0
216 86  0  256  272  0
86 202  0  256  263  0
202 450  0  256  259  0
1184 407  0  257  258  0
407 451  0  257  261  0
451 1004  0  257  495  0
24 73  0  258  794  0
73 407  0  258  260  0
202 997  0  259  586  0
997 1109  1  259  -1  0
73 1161  0  260  763  0
1161 749  0  260  589  0
749 407  0  260  261  0
749 498  0  261  262  0
498 451  0  261  494  0
749 1142  0  262  589  0
1142 803  0  262  264  0
803 498  0  262  491  0
481 314  0  263  295  0
314 202  0  263  586  0
86 481  0  263  290  0
1142 610  0  264  265  0
610 311  0  264  487  0
311 803  0  264  464  0
1142 382  0  265  589  0
382 967  0  265  595  0
967 610  0  265  267  0
639 1179  0  266  617  0
1179 1127  0  266  379  0
1127 620  0  266  391  0
620 639  0  266  620  0
967 361  0  267  268  0
361 824  0  267  484  0
824 610  0  267  487  0
967 789  0  268  595  0
789 392  0  268  270  0
392 361  0  268  386  0
380 478  0  269  506  0
478 1242  1  269  -1  0
789 594  0  270  271  0
594 821  0  270  1183  0
821 392  0  270  384  0
789 387  0  271  595  0
387 491  0  271  601  0
491 594  0  271  1182  0
585 86  0  272  290  0
731 1238  0  273  370  0
1238 607  0  273  346  0
607 1058  0  273  276  0
363 598  0  274  507  0
598 1145  0  274  275  0
1145 497  0  274  282  0
497 363  0  274  329  0
598 700  0  275  505  0
700 29  0  275  593  0
29 1145  0  275  499  0
592 296  0  276  283  0
607 592  0  276  279  0
688 533  0  277  883  0
533 916  0  277  432  0
916 257  0  277  429  0
257 688  1  277  -1  0
813 220  0  278  647  0
220 746  0  278  1006  0
746 456  0  278  655  0
456 813  0  278  848  0
607 681  0  279  346  0
681 63  0  279  325  0
63 592  0  279  281  0
509 48  0  280  299  0
63 131  0  281  684  0
131 141  0  281  292  0
141 592  0  281  283  0
1156 885  0  282  322  0
885 497  0  282  1067  0
1145 1156  0  282  499  0
141 170  0  283  286  0
1156 694  0  284  499  0
694 645  0  284  673  0
645 470  0  284  583  0
470 1156  0  284  322  0
323 979  0  285  1033  0
979 739  0  285  1131  0
739 548  0  285  1110  0
548 323  0  285  1036  0
476 328  0  286  287  0
141 476  0  286  292  0
476 299  0  287  291  0
299 1134  0  287  374  0
1134 328  0  287  1155  0
884 585  0  288  290  0
48 662  0  288  299  0
734 897  0  289  1161  0
897 964  0  289  485  0
964 603  0  289  884  0
603 734  0  289  488  0
884 481  0  290  293  0
522 171  0  291  357  0
171 299  0  291  910  0
476 522  0  291  292  0
131 522  0  292  296  0
411 481  0  293  295  0
468 319  0  294  918  0
319 237  0  294  1144  0
865 522  0  296  357  0
131 108  0  296  684  0
108 865  0  296  726  0
785 524  0  297  928  0
524 1071  0  297  983  0
1071 750  0  297  947  0
750 785  0  297  403  0
663 724  0  298  1060  0
724 573  0  298  955  0
573 221  0  298  339  0
221 663  0  298  1057  0
460 431  0  300  681  0
431 89  0  300  672  0
89 408  0  300  532  0
408 460  0  300  347  0
1447 1414  0  301  1572  0
1414 1455  0  301  1541  0
1455 1447  0  301  1484  0
642 826  0  302  355  0
826 865  0  302  357  0
865 442  0  302  726  0
442 642  0  302  989  0
304 142  0  303  1050  0
142 65  0  303  981  0
65 200  0  303  812  0
200 304  0  303  382  0
962 673  0  304  757  0
673 621  1  304  -1  0
621 877  0  304  829  0
877 962  0  304  611  0
526 64  0  305  393  0
64 277  0  305  942  0
277 468  0  305  918  0
859 877  0  306  611  0
877 1097  0  306  829  0
1097 193  0  306  815  0
193 859  0  306  1035  0
1066 99  0  307  352  0
99 139  0  307  425  0
139 442  0  307  989  0
442 1066  0  307  726  0
590 169  0  308  422  0
169 1084  0  308  720  0
1084 539  0  308  430  0
539 590  1  308  -1  0
471 432  1  309  -1  0
432 177  0  309  899  0
177 313  0  309  803  0
313 471  0  309  809  0
677 112  0  310  398  0
112 64  0  310  942  0
64 725  0  310  393  0
725 677  0  310  863  0
630 520  0  311  358  0
520 244  0  311  313  0
244 33  0  311  336  0
33 630  0  311  1294  0
177 214  0  312  899  0
214 868  0  312  896  0
868 771  0  312  556  0
771 177  0  312  803  0
520 904  0  313  359  0
904 716  1  313  -1  0
716 244  0  313  360  0
641 284  0  314  553  0
284 510  0  314  779  0
510 1020  0  314  789  0
1020 641  0  314  801  0
614 795  0  315  359  0
795 802  0  315  354  0
802 123  0  315  317  0
123 614  1  315  -1  0
864 646  0  316  606  0
646 193  0  316  1035  0
193 264  0  316  815  0
264 864  0  316  356  0
802 577  0  317  318  0
577 1012  0  317  335  0
1012 123  1  317  -1  0
802 1162  0  318  354  0
1162 434  0  318  1207  0
434 577  0  318  353  0
1052 570  0  319  1575  0
570 133  0  319  1165  0
133 938  0  319  737  0
938 1052  0  319  338  0
1171 535  0  320  427  0
535 1066  0  320  352  0
1066 108  0  320  726  0
108 1171  0  320  684  0
1196 436  0  321  1043  0
436 976  0  321  1163  0
976 626  0  321  1056  0
626 1196  0  321  1160  0
470 38  0  322  582  0
38 885  0  322  1064  0
677 691  0  323  863  0
691 744  0  323  905  0
744 250  0  323  328  0
250 677  0  323  398  0
940 457  0  324  472  0
457 183  0  324  549  0
183 493  0  324  867  0
681 954  0  325  344  0
954 1171  0  325  427  0
1171 63  0  325  684  0
262 446  0  326  596  0
446 1100  0  326  454  0
1100 926  0  326  451  0
203 207  0  327  1170  0
744 1071  0  328  947  0
1071 219  0  328  983  0
219 250  0  328  400  0
497 91  0  329  1067  0
91 928  0  329  516  0
928 363  0  329  513  0
1388 1437  0  330  1457  0
1437 1463  0  330  1555  0
1463 1388  0  330  1459  0
1079 636  0  331  332  0
636 978  0  331  353  0
978 445  0  331  1316  0
1079 553  0  332  333  0
553 1036  1  332  -1  0
1036 636  0  332  335  0
1112 918  0  333  337  0
918 553  1  333  -1  0
935 72  0  334  880  0
72 925  0  334  485  0
925 5  0  334  1095  0
5 935  0  334  1134  0
1036 1012  1  335  -1  0
577 636  0  335  353  0
848 33  0  336  1292  0
244 161  0  336  360  0
161 848  0  336  363  0
507 918  1  337  -1  0
938 563  0  338  695  0
563 706  0  338  699  0
706 1052  0  338  728  0
822 221  0  339  1055  0
573 736  0  339  951  0
736 822  1  339  -1  0
279 989  0  340  653  0
989 513  0  340  697  0
513 506  0  340  970  0
256 700  0  341  593  0
700 632  0  341  505  0
632 1147  0  341  502  0
1147 256  0  341  598  0
19 945  0  342  1135  0
945 1217  0  342  877  0
1217 935  0  342  880  0
935 19  0  342  1134  0
843 901  0  343  914  0
901 348  0  343  917  0
912 467  0  344  433  0
467 954  0  344  345  0
681 912  0  344  346  0
467 572  0  345  819  0
572 776  0  345  720  0
776 954  0  345  427  0
1238 912  0  346  349  0
502 460  0  347  683  0
565 1206  0  348  388  0
820 178  1  348  -1  0
671 1045  0  349  365  0
1045 912  0  349  433  0
1238 671  0  349  370  0
566 622  0  350  1115  0
622 734  0  350  1161  0
734 455  0  350  488  0
455 566  0  350  894  0
120 182  0  351  401  0
182 580  0  351  424  0
580 115  0  351  426  0
115 120  0  351  441  0
535 259  0  352  468  0
259 99  0  352  490  0
434 978  0  353  1309  0
795 56  0  354  358  0
56 1162  0  354  1205  0
642 958  0  355  1157  0
958 353  0  355  845  0
353 826  0  355  744  0
264 993  0  356  933  0
993 1020  0  356  801  0
1020 864  0  356  789  0
826 171  0  357  744  0
795 520  0  358  359  0
630 56  0  358  1200  0
614 904  1  359  -1  0
233 161  0  360  361  0
716 233  1  360  -1  0
233 1105  1  361  -1  0
1105 944  0  361  407  0
944 161  0  361  363  0
609 246  0  362  907  0
944 1038  0  363  371  0
1038 848  0  363  1244  0
11 825  0  364  369  0
825 1169  0  364  1026  0
1169 372  0  364  664  0
372 11  0  364  614  0
267 1000  0  365  842  0
1000 1045  0  365  820  0
671 267  0  365  368  0
960 547  0  366  887  0
100 960  0  366  890  0
1226 81  0  367  903  0
246 1226  0  367  907  0
1246 456  0  368  848  0
456 267  0  368  655  0
671 1246  0  368  370  0
187 825  0  369  1025  0
11 441  0  369  603  0
731 1246  0  370  376  0
944 21  0  371  407  0
21 653  0  371  373  0
653 1038  0  371  1169  0
41 78  0  372  1070  0
78 91  0  372  516  0
91 13  0  372  1067  0
13 41  0  372  916  0
811 842  0  373  411  0
842 653  0  373  1194  0
299 1185  0  374  910  0
657 714  0  375  649  0
714 975  0  375  646  0
975 947  0  375  643  0
947 657  0  375  652  0
268 1054  0  376  380  0
1054 1246  0  376  848  0
1367 1420  0  377  1486  0
1456 1367  0  377  1547  0
619 107  0  378  489  0
107 38  0  378  1064  0
38 229  0  378  582  0
229 619  0  378  447  0
1179 615  0  379  615  0
661 715  0  380  537  0
715 1054  0  380  642  0
268 661  0  380  452  0
923 791  0  381  939  0
791 633  0  381  935  0
763 304  0  382  1162  0
200 521  0  382  992  0
521 763  0  382  1159  0
3 18  0  383  1353  0
821 799  0  384  1188  0
799 683  0  384  967  0
683 392  0  384  386  0
237 157  0  385  1144  0
157 1252  0  385  1011  0
683 350  0  386  387  0
350 361  0  386  484  0
683 1130  0  387  967  0
1130 654  0  387  389  0
654 350  0  387  486  0
27 1206  0  388  825  0
1130 991  0  389  390  0
991 254  0  389  415  0
254 654  0  389  392  0
1130 530  0  390  967  0
530 369  0  390  1193  0
369 991  0  390  912  0
265 620  0  391  1000  0
254 150  0  392  418  0
150 424  0  392  394  0
424 654  0  392  486  0
1209 725  0  393  782  0
526 1209  0  393  776  0
150 984  0  394  419  0
984 862  0  394  397  0
862 424  0  394  395  0
862 741  0  395  396  0
741 559  0  395  482  0
559 424  0  395  486  0
862 10  0  396  397  0
10 1017  0  396  478  0
1017 741  0  396  480  0
984 294  0  397  399  0
294 10  0  397  440  0
914 112  0  398  945  0
250 914  0  398  400  0
984 427  0  399  419  0
427 120  0  399  401  0
120 294  0  399  441  0
219 647  0  400  956  0
647 914  0  400  950  0
427 119  0  401  402  0
119 182  0  401  423  0
427 793  0  402  419  0
793 1113  0  402  417  0
1113 119  0  402  404  0
750 395  0  403  869  0
395 430  1  403  -1  0
430 785  0  403  470  0
1113 494  0  404  405  0
494 122  1  404  -1  0
122 119  0  404  423  0
1113 882  0  405  417  0
882 1088  0  405  420  0
1088 494  1  405  -1  0
823 1057  0  406  934  0
1057 691  0  406  905  0
691 1028  0  406  863  0
1028 823  0  406  861  0
1105 782  1  407  -1  0
1089 326  0  408  906  0
326 195  0  408  909  0
1159 612  1  409  -1  0
612 20  0  409  421  0
20 811  0  409  411  0
118 7  1  410  -1  0
7 823  0  410  934  0
823 1225  0  410  861  0
1225 118  0  410  858  0
20 347  0  411  412  0
347 842  0  411  1197  0
20 83  0  412  421  0
83 69  0  412  414  0
69 347  0  412  912  0
760 234  0  413  851  0
234 1225  0  413  858  0
1225 1101  0  413  861  0
1101 760  0  413  965  0
83 882  0  414  420  0
882 676  0  414  417  0
676 69  0  414  415  0
676 254  0  415  418  0
991 69  0  415  912  0
705 1128  0  416  856  0
1128 1193  0  416  772  0
1193 845  0  416  753  0
845 705  1  416  -1  0
793 676  0  417  418  0
793 150  0  418  419  0
83 147  0  420  421  0
147 1088  1  420  -1  0
612 147  1  421  -1  0
590 301  1  422  -1  0
301 259  0  422  490  0
259 169  0  422  468  0
519 182  0  423  424  0
122 519  1  423  -1  0
519 903  1  424  -1  0
99 236  0  425  490  0
236 764  1  425  -1  0
764 139  0  425  474  0
1029 948  0  426  428  0
948 115  0  426  437  0
776 535  0  427  468  0
1029 916  0  428  429  0
916 952  0  428  432  0
952 948  0  428  435  0
937 257  1  429  -1  0
587 539  1  430  -1  0
1084 61  0  430  808  0
61 587  0  430  667  0
721 1025  0  431  564  0
1025 902  0  431  450  0
902 708  0  431  707  0
533 265  0  432  1000  0
1213 467  0  433  819  0
1045 1213  0  433  820  0
1014 228  0  434  435  0
228 797  0  434  445  0
797 876  0  434  443  0
876 1014  0  434  438  0
1014 948  0  435  437  0
1002 854  0  436  1032  0
854 156  0  436  1125  0
156 886  1  436  -1  0
886 1002  0  436  667  0
1014 856  0  437  438  0
856 115  0  437  441  0
876 218  0  438  442  0
218 856  0  438  440  0
1044 911  2  439  -1  0
911 181  0  439  444  0
181 25  0  439  879  0
25 1044  0  439  661  0
218 10  0  440  478  0
294 856  0  440  441  0
876 765  0  442  443  0
765 90  0  442  471  0
90 218  0  442  478  0
797 775  0  443  446  0
775 765  0  443  473  0
911 517  2  444  -1  0
517 854  0  444  1125  0
854 181  0  444  1032  0
210 797  0  445  446  0
635 775  0  446  448  0
1141 418  0  447  555  0
229 1141  0  447  580  0
635 1241  0  448  449  0
1241 966  0  448  453  0
966 775  0  448  473  0
438 1241  0  449  451  0
1025 380  0  450  506  0
273 902  0  450  728  0
438 926  0  451  1012  0
1100 1241  0  451  453  0
1082 661  0  452  1076  0
331 1082  0  452  462  0
1100 71  0  453  454  0
71 966  0  453  475  0
446 1230  0  454  597  0
1230 71  0  454  456  0
1176 579  1  455  -1  0
374 562  0  455  893  0
1230 710  0  456  600  0
710 905  0  456  458  0
905 71  0  456  475  0
1200 60  0  457  836  0
60 908  0  457  650  0
908 1107  0  457  847  0
1107 1200  0  457  844  0
710 255  0  458  459  0
255 616  0  458  463  0
616 905  0  458  469  0
710 335  0  459  600  0
335 15  0  459  1019  0
15 255  0  459  461  0
70 88  0  460  1348  0
15 748  0  461  492  0
748 1065  0  461  491  0
1065 255  0  461  463  0
421 1082  0  462  477  0
1065 508  0  463  464  0
508 616  0  463  467  0
1065 803  0  464  491  0
311 508  0  464  466  0
693 98  0  465  943  0
98 459  0  465  964  0
459 983  0  465  968  0
311 420  0  466  487  0
420 192  0  466  480  0
192 508  0  466  467  0
192 529  0  467  476  0
529 616  0  467  469  0
776 169  0  468  720  0
529 209  0  469  471  0
209 905  0  469  475  0
1031 669  0  470  799  0
669 785  0  470  928  0
430 1031  1  470  -1  0
529 90  0  471  476  0
765 209  0  471  473  0
571 1217  0  472  880  0
1217 457  0  472  877  0
966 209  0  473  475  0
764 389  1  474  -1  0
389 778  0  474  742  0
778 139  0  474  989  0
192 1017  0  476  480  0
1017 90  0  476  478  0
14 410  0  477  483  0
410 1082  0  477  1076  0
421 14  0  477  496  0
1168 674  0  479  873  0
674 452  0  479  975  0
452 35  0  479  535  0
35 1168  0  479  632  0
420 741  0  480  482  0
898 406  0  481  946  0
924 412  1  481  -1  0
412 898  0  481  949  0
420 824  0  482  487  0
824 559  0  482  484  0
14 8  0  483  493  0
8 464  0  483  1148  0
464 410  0  483  542  0
350 559  0  484  486  0
897 925  0  485  1087  0
72 964  0  485  882  0
603 52  0  488  889  0
52 455  0  488  892  0
415 107  0  489  916  0
258 415  0  489  534  0
301 236  1  490  -1  0
748 498  0  491  494  0
15 516  0  492  1019  0
516 921  0  492  497  0
921 748  0  492  494  0
1211 199  0  493  670  0
199 8  0  493  886  0
14 1211  0  493  496  0
921 451  0  494  495  0
921 957  0  495  497  0
400 1211  0  496  573  0
516 487  0  497  501  0
487 957  0  497  498  0
487 184  0  498  500  0
29 694  0  499  591  0
487 777  0  500  501  0
777 1233  0  500  504  0
1233 184  0  500  510  0
516 419  0  501  1019  0
419 777  0  501  502  0
419 1147  0  502  599  0
632 777  0  502  504  0
829 1163  1  503  -1  0
632 1039  0  504  505  0
1039 1233  0  504  508  0
598 1039  0  505  507  0
1025 812  0  506  564  0
812 478  1  506  -1  0
363 949  0  507  513  0
949 1039  0  507  508  0
949 627  0  508  512  0
627 1233  0  508  510  0
1121 531  2  509  -1  0
531 143  0  509  618  0
143 126  0  509  873  0
126 1121  0  509  807  0
627 567  0  510  526  0
1214 1027  0  511  1042  0
1027 678  0  511  1039  0
678 753  0  511  1107  0
753 1214  0  511  1137  0
949 773  0  512  513  0
773 759  0  512  523  0
759 627  0  512  526  0
928 773  0  513  515  0
1220 894  2  514  -1  0
894 371  0  514  807  0
371 132  0  514  1037  0
132 1220  0  514  687  0
928 841  0  515  516  0
841 1207  0  515  520  0
1207 773  0  515  523  0
78 841  0  516  518  0
1069 263  2  517  -1  0
263 651  0  517  687  0
651 675  0  517  715  0
675 1069  0  517  1151  0
78 1022  0  518  1070  0
1022 1098  1  518  -1  0
1098 841  0  518  520  0
675 711  0  519  715  0
711 913  0  519  723  0
913 50  1  519  -1  0
50 675  0  519  1151  0
1098 102  1  520  -1  0
102 1207  0  520  521  0
102 405  1  521  -1  0
405 817  0  521  528  0
817 1207  0  521  523  0
919 212  0  522  804  0
212 1034  0  522  533  0
1034 391  0  522  616  0
391 919  0  522  870  0
817 759  0  523  524  0
817 713  0  524  528  0
6 759  0  524  526  0
34 365  0  525  817  0
365 832  0  525  1038  0
832 49  0  525  629  0
49 34  0  525  531  0
936 919  0  527  804  0
919 1232  0  527  870  0
1232 1060  0  527  1122  0
1060 936  0  527  581  0
405 873  1  528  -1  0
873 713  0  528  530  0
1037 844  0  529  545  0
844 699  0  529  1081  0
699 34  0  529  817  0
34 1037  0  529  531  0
873 1117  1  530  -1  0
49 35  0  531  632  0
35 1037  0  531  535  0
89 201  0  532  671  0
1068 266  1  533  -1  0
266 1034  0  533  621  0
212 1068  0  533  561  0
1015 415  0  534  1072  0
258 971  0  534  536  0
971 1015  1  534  -1  0
1129 1037  0  535  545  0
452 1129  0  535  876  0
433 1146  0  536  538  0
1146 971  1  536  -1  0
453 359  0  537  876  0
359 715  0  537  859  0
661 453  0  537  1076  0
433 310  0  538  1118  0
310 917  0  538  1078  0
917 1146  1  538  -1  0
1076 114  0  539  1078  0
114 1041  0  539  551  0
1041 249  0  539  541  0
249 1076  1  539  -1  0
168 245  1  540  -1  0
245 1228  0  540  874  0
1228 945  0  540  877  0
945 168  0  540  1135  0
1041 720  0  541  548  0
720 196  0  541  543  0
196 249  1  541  -1  0
1129 453  0  542  876  0
453 410  0  542  1076  0
464 1129  0  542  545  0
720 1  0  543  544  0
1 807  0  543  855  0
807 196  1  543  -1  0
720 729  0  544  548  0
729 109  0  544  546  0
109 1  0  544  846  0
464 844  0  545  1148  0
729 224  0  546  547  0
224 970  0  546  841  0
970 109  0  546  844  0
729 872  0  547  548  0
872 287  0  547  550  0
287 224  0  547  562  0
1041 872  0  548  551  0
457 1228  0  549  877  0
1228 318  0  549  874  0
318 183  0  549  868  0
872 129  0  550  551  0
129 690  0  550  554  0
690 287  0  550  560  0
114 129  0  551  552  0
114 310  0  552  1078  0
310 248  0  552  1118  0
248 129  0  552  554  0
641 796  0  553  556  0
796 26  0  553  584  0
26 284  0  553  1149  0
248 1223  0  554  555  0
1223 690  0  554  558  0
248 418  0  555  1118  0
1141 1223  0  555  557  0
868 796  0  556  581  0
641 771  0  556  801  0
1141 1227  0  557  580  0
1227 1155  0  557  577  0
1155 1223  0  557  558  0
1155 80  0  558  568  0
80 690  0  558  560  0
214 97  0  559  899  0
97 1093  1  559  -1  0
1093 574  0  559  561  0
574 214  0  559  896  0
80 879  0  560  567  0
879 287  0  560  562  0
1093 1068  1  561  -1  0
212 574  0  561  804  0
879 482  0  562  563  0
482 224  0  562  841  0
879 1019  0  563  567  0
1019 839  0  563  565  0
839 482  0  563  843  0
1056 812  1  564  -1  0
1019 664  0  565  566  0
664 293  0  565  701  0
293 839  0  565  823  0
1019 448  0  566  567  0
448 682  0  566  569  0
682 664  0  566  703  0
80 448  0  567  568  0
1155 981  0  568  577  0
981 448  0  568  569  0
981 1078  0  569  576  0
1078 682  0  569  571  0
593 306  0  570  939  0
1078 755  0  571  572  0
755 1222  0  571  706  0
1222 682  0  571  703  0
1078 1073  0  572  576  0
1073 1005  0  572  574  0
1005 755  0  572  818  0
309 772  0  573  603  0
772 1211  0  573  670  0
1073 124  0  574  575  0
124 1008  0  574  587  0
1008 1005  0  574  813  0
1073 871  0  575  576  0
871 282  0  575  579  0
282 124  0  575  585  0
981 871  0  576  577  0
1227 871  0  577  579  0
754 1106  1  578  -1  0
1106 1158  2  578  -1  0
1227 667  0  579  580  0
667 282  0  579  583  0
229 667  0  580  582  0
1060 796  0  581  584  0
868 936  0  581  896  0
470 667  0  582  583  0
645 282  0  583  585  0
1060 745  0  584  1122  0
745 26  0  584  1113  0
645 889  0  585  673  0
889 124  0  585  587  0
1170 997  1  586  -1  0
889 154  0  587  588  0
154 1008  0  587  814  0
889 190  0  588  673  0
190 992  0  588  590  0
992 154  0  588  604  0
1161 382  0  589  740  0
190 728  0  590  591  0
728 766  0  590  594  0
766 992  0  590  602  0
190 694  0  591  673  0
29 728  0  591  593  0
786 1234  1  592  -1  0
1234 863  0  592  871  0
863 318  0  592  868  0
318 786  0  592  874  0
256 728  0  593  594  0
256 1132  0  594  598  0
1132 766  0  594  596  0
382 387  0  595  740  0
1132 446  0  596  597  0
262 766  0  596  602  0
1132 1229  0  597  598  0
1229 1230  0  597  600  0
1147 1229  0  598  599  0
419 335  0  599  1019  0
335 1229  0  599  600  0
387 858  0  601  740  0
858 134  0  601  766  0
134 491  0  601  1261  0
1062 992  0  602  604  0
11 772  0  603  614  0
1062 396  0  604  605  0
396 154  0  604  814  0
1046 396  0  605  607  0
290 646  0  606  1033  0
864 501  0  606  789  0
501 290  0  606  1030  0
1046 360  0  607  608  0
360 1033  0  607  811  0
1033 396  0  607  814  0
462 93  0  608  610  0
93 360  0  608  712  0
1011 548  0  609  1036  0
548 345  0  609  1110  0
345 678  0  609  1107  0
678 1011  0  609  1039  0
1140 208  0  610  612  0
208 93  0  610  788  0
859 1011  0  611  1036  0
1011 962  0  611  1039  0
1140 390  0  612  613  0
390 329  0  612  783  0
329 208  0  612  785  0
615 390  0  613  615  0
372 652  0  614  679  0
652 772  0  614  670  0
1179 386  0  615  617  0
386 390  0  615  783  0
1034 1190  0  616  621  0
1190 576  0  616  623  0
576 391  0  616  1038  0
639 932  0  617  619  0
932 386  0  617  784  0
531 103  2  618  -1  0
103 472  0  618  849  0
472 143  0  618  1153  0
639 1006  0  619  620  0
1006 349  0  619  624  0
349 932  0  619  627  0
620 180  0  620  1000  0
180 1006  0  620  622  0
266 230  1  621  -1  0
230 1190  0  621  723  0
180 514  0  622  883  0
514 1154  1  622  -1  0
1154 1006  0  622  624  0
1190 711  0  623  723  0
711 1023  0  623  715  0
1023 576  0  623  710  0
1154 600  1  624  -1  0
600 349  0  624  625  0
600 1070  1  625  -1  0
1070 1216  0  625  1058  0
1216 349  0  625  627  0
1023 651  0  626  715  0
651 132  0  626  687  0
132 883  0  626  1037  0
883 1023  0  626  710  0
1216 742  0  627  628  0
742 932  0  627  784  0
1216 888  0  628  1058  0
888 866  0  628  1061  0
866 742  0  628  630  0
883 496  0  629  1037  0
496 49  0  629  632  0
832 883  0  629  710  0
866 800  0  630  631  0
800 449  0  630  781  0
449 742  0  630  784  0
866 1118  0  631  1061  0
1118 816  0  631  633  0
816 800  0  631  780  0
496 1168  0  632  1009  0
1118 608  0  633  634  0
608 774  0  633  773  0
774 816  0  633  775  0
1118 275  0  634  1061  0
275 790  0  634  636  0
68 322  0  635  862  0
322 1086  0  635  871  0
1086 1063  1  635  -1  0
1063 68  0  635  640  0
275 383  0  636  637  0
383 861  1  636  -1  0
861 790  0  636  639  0
275 888  0  637  1061  0
888 973  0  637  1058  0
973 383  1  637  -1  0
1133 743  0  638  860  0
743 512  0  638  857  0
512 144  0  638  850  0
861 480  1  639  -1  0
480 698  0  639  641  0
1063 649  1  640  -1  0
649 743  0  640  857  0
743 68  0  640  860  0
480 931  1  641  -1  0
931 947  0  641  652  0
947 698  0  641  643  0
377 813  0  642  647  0
813 1054  0  642  848  0
715 377  0  642  859  0
975 849  0  643  645  0
1144 869  0  644  843  0
869 330  0  644  824  0
330 458  0  644  837  0
458 1144  0  644  839  0
975 425  0  645  646  0
425 270  0  645  768  0
270 849  0  645  773  0
714 149  0  646  648  0
149 425  0  646  767  0
568 220  0  647  1047  0
377 568  0  647  1040  0
714 1077  0  648  649  0
1077 946  0  648  743  0
946 149  0  648  759  0
657 942  0  649  651  0
942 1077  0  649  745  0
144 908  0  650  850  0
60 211  0  650  834  0
657 82  0  651  652  0
82 988  1  651  -1  0
988 942  0  651  654  0
931 82  1  652  -1  0
337 989  0  653  831  0
988 1138  1  654  -1  0
659 942  0  654  745  0
855 267  0  655  842  0
746 855  0  655  1052  0
704 733  0  656  1133  0
733 45  0  656  754  0
45 958  0  656  845  0
958 704  0  656  1157  0
125 59  1  657  -1  0
1096 1116  0  657  659  0
867 855  0  658  842  0
855 618  0  658  1052  0
618 552  2  658  -1  0
552 867  0  658  661  0
1096 188  0  659  660  0
188 23  0  659  749  0
23 1116  0  659  746  0
695 188  0  660  662  0
25 867  0  661  978  0
552 1044  2  661  -1  0
695 135  0  662  663  0
135 1189  0  662  752  0
1189 188  0  662  749  0
281 85  0  663  665  0
85 135  0  663  1024  0
1169 327  0  664  1029  0
327 757  0  664  786  0
757 372  0  664  679  0
281 1055  0  665  922  0
417 85  0  665  666  0
417 1237  0  666  833  0
1237 381  0  666  668  0
381 85  0  666  1024  0
886 587  1  667  -1  0
61 1002  0  667  940  0
1237 850  0  668  669  0
850 1182  0  668  672  0
1182 381  0  668  675  0
1237 239  0  669  833  0
527 850  0  669  671  0
652 199  0  670  676  0
89 850  0  671  672  0
431 1182  0  672  674  0
431 977  0  674  681  0
977 890  0  674  678  0
890 1182  0  674  675  0
890 74  0  675  677  0
74 381  0  675  1024  0
1043 801  0  676  1149  0
801 199  0  676  886  0
652 1043  0  676  679  0
890 247  0  677  678  0
247 474  0  677  756  0
474 74  0  677  752  0
977 426  0  678  680  0
426 247  0  678  795  0
757 1043  0  679  779  0
977 499  0  680  681  0
499 312  0  680  685  0
312 426  0  680  800  0
460 499  0  681  683  0
995 751  0  682  766  0
751 333  0  682  794  0
333 611  0  682  737  0
611 995  0  682  1237  0
891 499  0  683  685  0
891 379  0  685  686  0
379 312  0  685  798  0
242 1148  0  686  970  0
1148 379  0  686  688  0
263 1220  2  687  -1  0
1148 982  0  688  689  0
982 423  0  688  692  0
423 379  0  688  798  0
1148 513  0  689  970  0
513 684  0  689  697  0
684 982  0  689  691  0
384 666  0  690  914  0
666 899  0  690  911  0
684 1050  0  691  828  0
602 982  0  691  692  0
602 528  0  692  694  0
528 423  0  692  797  0
1375 1425  0  693  1492  0
1449 1375  0  693  1528  0
906 302  0  694  696  0
302 528  0  694  732  0
938 333  0  695  737  0
333 24  0  695  794  0
906 963  0  696  1145  0
963 355  0  696  698  0
355 302  0  696  731  0
1143 684  0  697  828  0
989 1143  0  697  831  0
963 987  0  698  821  0
987 437  0  698  700  0
437 355  0  698  724  0
429 994  0  699  702  0
994 706  0  699  707  0
987 737  0  700  701  0
737 47  0  700  705  0
47 437  0  700  725  0
987 293  0  701  821  0
664 737  0  701  703  0
466 994  0  702  704  0
1222 737  0  703  705  0
708 994  0  704  707  0
1222 874  0  705  706  0
874 47  0  705  727  0
755 1090  0  706  818  0
1090 874  0  706  708  0
902 706  0  707  728  0
1090 401  0  708  709  0
401 540  0  708  714  0
540 874  0  708  727  0
1090 30  0  709  818  0
30 1198  0  709  811  0
1198 401  0  709  711  0
832 576  0  710  1038  0
1198 2  0  711  712  0
2 895  0  711  787  0
895 401  0  711  714  0
1198 360  0  712  811  0
93 2  0  712  788  0
278 166  0  713  1164  0
166 376  0  713  875  0
376 1030  0  713  1111  0
1030 278  0  713  1034  0
895 1221  0  714  790  0
1221 540  0  714  716  0
1221 972  0  716  717  0
972 537  0  716  721  0
537 540  0  716  727  0
1221 1018  0  717  790  0
1018 117  0  717  771  0
117 972  0  717  719  0
1451 1412  0  718  1527  0
1412 1449  0  718  1525  0
117 818  0  719  791  0
818 629  0  719  792  0
629 972  0  719  721  0
572 1084  0  720  808  0
629 1136  0  721  722  0
1136 537  0  721  725  0
629 172  0  722  792  0
172 752  0  722  729  0
752 1136  0  722  724  0
230 913  1  723  -1  0
752 355  0  724  731  0
437 1136  0  724  725  0
47 537  0  725  727  0
273 1052  0  728  1575  0
172 217  0  729  764  0
217 930  0  729  733  0
930 752  0  729  731  0
628 454  0  730  822  0
547 628  0  730  887  0
930 302  0  731  732  0
930 113  0  732  733  0
113 528  0  732  797  0
217 475  0  733  793  0
475 113  0  733  735  0
475 163  0  735  736  0
163 343  0  735  800  0
343 113  0  735  797  0
475 601  0  736  793  0
601 238  0  736  738  0
238 163  0  736  795  0
133 611  0  737  1238  0
601 541  0  738  739  0
541 623  0  738  755  0
623 238  0  738  756  0
601 735  0  739  793  0
735 740  0  739  762  0
740 541  0  739  741  0
1161 858  0  740  763  0
740 946  0  741  759  0
946 285  0  741  743  0
285 541  0  741  755  0
389 875  1  742  -1  0
875 704  0  742  1133  0
704 778  0  742  1157  0
1077 243  0  743  745  0
243 285  0  743  748  0
353 974  0  744  840  0
974 171  0  744  910  0
659 243  0  745  746  0
23 243  0  746  748  0
922 624  0  747  838  0
624 840  0  747  1041  0
840 404  0  747  758  0
404 922  0  747  953  0
23 121  0  748  749  0
121 285  0  748  755  0
1189 121  0  749  751  0
1208 116  0  750  774  0
116 840  0  750  758  0
840 1205  0  750  1041  0
1205 1208  0  750  772  0
1189 474  0  751  752  0
474 623  0  751  756  0
623 121  0  751  755  0
135 74  0  752  1024  0
1193 77  0  753  769  0
77 956  0  753  854  0
956 845  1  753  -1  0
733 77  0  754  854  0
77 1053  0  754  769  0
1053 45  0  754  761  0
247 238  0  756  795  0
962 1027  0  757  1039  0
1027 780  0  757  1042  0
780 673  1  757  -1  0
909 404  0  758  1017  0
116 909  0  758  908  0
740 105  0  759  762  0
105 149  0  759  767  0
806 130  0  760  835  0
1185 974  0  760  910  0
974 806  0  760  840  0
1053 624  0  761  1041  0
624 1175  0  761  838  0
1175 45  0  761  845  0
735 165  0  762  764  0
165 105  0  762  765  0
73 751  0  763  794  0
751 858  0  763  766  0
735 217  0  764  793  0
172 165  0  764  792  0
165 818  0  765  792  0
818 860  0  765  791  0
860 105  0  765  767  0
995 134  0  766  1260  0
860 425  0  767  768  0
860 1177  0  768  791  0
1177 270  0  768  770  0
1205 1053  0  769  1041  0
1193 1205  0  769  772  0
1177 111  0  770  771  0
111 774  0  770  775  0
774 270  0  770  773  0
1177 117  0  771  791  0
1018 111  0  771  777  0
1128 1208  0  772  851  0
1208 760  0  774  851  0
760 416  0  774  965  0
416 116  0  774  908  0
111 696  0  775  777  0
696 816  0  775  780  0
927 416  0  776  908  0
416 1209  0  776  965  0
1018 672  0  777  790  0
672 696  0  777  778  0
672 292  0  778  787  0
292 1166  0  778  785  0
1166 696  0  778  780  0
284 1043  0  779  1149  0
757 510  0  779  786  0
1166 800  0  780  781  0
1166 329  0  781  785  0
329 449  0  781  783  0
1209 1101  0  782  965  0
1101 1028  0  782  861  0
1028 725  0  782  863  0
386 449  0  783  784  0
292 208  0  785  788  0
327 501  0  786  1030  0
501 510  0  786  789  0
672 895  0  787  790  0
2 292  0  787  788  0
426 163  0  795  800  0
638 303  0  796  1119  0
303 422  0  796  1138  0
422 798  0  796  1142  0
798 638  0  796  881  0
343 423  0  797  798  0
343 312  0  798  800  0
1031 1153  1  799  -1  0
1153 503  0  799  872  0
503 669  0  799  1139  0
993 771  0  801  803  0
53 805  0  802  872  0
805 1125  1  802  -1  0
1125 951  0  802  806  0
951 53  0  802  827  0
993 313  0  803  933  0
936 574  0  804  896  0
804 443  0  805  980  0
443 503  0  805  1139  0
503 53  0  805  872  0
53 804  0  805  827  0
166 951  0  806  1164  0
1125 1032  1  806  -1  0
1032 166  0  806  875  0
894 1121  2  807  -1  0
126 371  0  807  1009  0
572 588  0  808  819  0
588 61  0  808  940  0
313 730  0  809  933  0
730 783  0  809  923  0
783 471  1  809  -1  0
1210 162  0  810  936  0
162 1119  0  810  921  0
1119 39  0  810  948  0
39 1210  0  810  993  0
30 1033  0  811  813  0
65 1111  0  812  982  0
1111 719  0  812  926  0
719 200  0  812  992  0
30 1005  0  813  818  0
1008 1033  0  813  814  0
1097 730  0  815  923  0
730 264  0  815  933  0
422 637  0  816  1138  0
637 469  0  816  1084  0
469 194  0  816  1090  0
194 422  0  816  1142  0
1232 365  0  817  870  0
699 1232  0  817  1122  0
1213 588  0  819  1021  0
1000 358  0  820  978  0
358 1213  0  820  1021  0
963 1245  0  821  1145  0
1245 293  0  821  823  0
628 138  0  822  885  0
1245 869  0  823  824  0
869 839  0  823  843  0
1245 1001  0  824  1145  0
1001 330  0  824  826  0
27 32  0  825  1172  0
1050 95  0  826  828  0
95 330  0  826  837  0
951 950  0  827  1164  0
950 804  0  827  878  0
1143 95  0  828  830  0
621 604  1  829  -1  0
604 1097  0  829  923  0
1143 1099  0  830  831  0
1099 643  0  830  834  0
643 95  0  830  837  0
1450 1428  0  832  1534  0
1428 1454  0  832  1441  0
60 643  0  834  836  0
806 922  0  835  838  0
922 544  0  835  953  0
1200 458  0  836  839  0
458 643  0  836  837  0
806 1175  0  838  840  0
1200 970  0  839  844  0
970 1144  0  839  841  0
353 1175  0  840  845  0
482 1144  0  841  843  0
867 1000  0  842  978  0
1107 109  0  844  846  0
1107 591  0  846  847  0
591 1  0  846  855  0
908 1165  0  847  850  0
1165 591  0  847  853  0
959 568  0  849  1047  0
568 472  0  849  1040  0
103 959  2  849  -1  0
512 1165  0  850  852  0
1128 234  0  851  856  0
512 692  0  852  857  0
692 634  1  852  -1  0
634 1165  0  852  853  0
634 1186  1  853  -1  0
1186 591  0  853  855  0
733 915  0  854  1133  0
915 956  1  854  -1  0
1186 807  1  855  -1  0
525 234  0  856  858  0
705 525  1  856  -1  0
649 692  1  857  -1  0
525 118  1  858  -1  0
359 362  0  859  975  0
362 377  0  859  1040  0
1174 68  0  860  862  0
1180 322  0  862  864  0
1180 1204  0  864  865  0
1204 863  0  864  868  0
863 322  0  864  871  0
414 1204  0  865  867  0
300 288  0  866  869  0
288 1057  0  866  905  0
1057 680  0  866  934  0
680 300  1  866  -1  0
183 1204  0  867  868  0
750 288  0  869  947  0
300 395  1  869  -1  0
391 365  0  870  1038  0
1234 1086  1  871  -1  0
1153 805  1  872  -1  0
143 674  0  873  1153  0
1168 126  0  873  1009  0
245 786  1  874  -1  0
1032 1114  1  875  -1  0
1114 376  0  875  1101  0
452 359  0  876  975  0
950 638  0  878  1119  0
638 656  0  878  881  0
656 804  0  878  980  0
181 399  0  879  1032  0
399 358  0  879  1021  0
358 25  0  879  978  0
571 72  0  880  882  0
798 763  0  881  1162  0
763 656  0  881  1159  0
17 964  0  882  884  0
688 514  1  883  -1  0
180 533  0  883  1000  0
17 893  0  884  885  0
893 603  0  884  889  0
628 893  0  885  887  0
801 595  0  886  1113  0
595 8  0  886  1148  0
960 893  0  887  889  0
1042 490  0  888  1066  0
490 505  0  888  962  0
505 283  0  888  958  0
283 1042  0  888  1063  0
960 52  0  889  890  0
253 52  0  890  892  0
484 1192  0  891  1128  0
253 809  0  892  904  0
809 455  0  892  894  0
46 62  0  893  1228  0
809 87  0  894  895  0
87 566  0  894  1109  0
809 1110  0  895  904  0
1110 1016  0  895  902  0
1016 87  0  895  897  0
1016 554  0  897  898  0
554 769  0  897  1045  0
769 87  0  897  1109  0
1016 1250  0  898  902  0
1250 339  0  898  900  0
339 554  0  898  971  0
432 97  1  899  -1  0
1250 174  0  900  901  0
900 339  0  900  969  0
1250 985  0  901  902  0
985 1089  0  901  906  0
1110 985  0  902  903  0
1110 81  0  903  904  0
1226 985  0  903  906  0
288 744  0  905  947  0
1226 326  0  906  907  0
609 326  0  907  909  0
899 195  0  909  911  0
666 232  0  911  913  0
369 347  0  912  1168  0
666 843  0  913  914  0
1049 232  0  913  937  0
319 152  0  915  918  0
152 461  0  915  938  0
461 892  0  915  1001  0
892 319  0  915  1144  0
13 107  0  916  1064  0
415 41  0  916  1072  0
277 152  0  918  995  0
215 665  0  919  920  0
665 1150  0  919  924  0
1150 321  1  919  -1  0
1055 665  0  920  922  0
162 492  0  921  927  0
492 542  0  921  950  0
542 1119  0  921  930  0
827 665  0  922  924  0
604 783  1  923  -1  0
827 127  0  924  925  0
127 1150  1  924  -1  0
486 127  1  925  -1  0
794 719  0  926  1154  0
1111 186  0  926  984  0
186 794  0  926  930  0
881 518  0  927  995  0
518 492  0  927  945  0
162 881  0  927  936  0
929 524  0  928  1062  0
669 929  0  928  1139  0
1061 488  1  929  -1  0
542 794  0  930  952  0
186 1119  0  930  948  0
1064 96  0  931  960  0
96 898  0  931  946  0
898 198  0  931  949  0
198 1064  0  931  957  0
7 680  1  934  -1  0
791 1049  0  935  937  0
1210 315  0  936  998  0
315 881  0  936  938  0
791 593  0  937  939  0
315 461  0  938  999  0
152 881  0  938  995  0
923 306  0  939  941  0
588 399  0  940  1021  0
399 1002  0  940  1032  0
409 693  0  941  943  0
518 277  0  942  995  0
112 518  0  942  945  0
409 136  0  943  944  0
136 98  0  943  962  0
173 96  0  944  946  0
96 136  0  944  960  0
914 492  0  945  950  0
186 685  0  948  984  0
685 39  0  948  991  0
412 1010  1  949  -1  0
647 542  0  950  952  0
164 736  1  951  -1  0
573 1139  0  951  955  0
647 179  0  952  956  0
179 794  0  952  1154  0
404 878  0  953  1017  0
717 1214  0  954  1042  0
1214 597  0  954  1137  0
597 295  0  954  1140  0
295 717  1  954  -1  0
792 1139  0  955  957  0
1167 179  0  956  963  0
219 1167  0  956  983  0
792 1064  0  957  958  0
505 1064  0  958  960  0
986 929  0  959  1062  0
929 443  0  959  1139  0
443 428  0  959  980  0
428 986  0  959  961  0
505 136  0  960  962  0
428 521  0  961  1159  0
521 1083  0  961  992  0
1083 986  0  961  963  0
490 98  0  962  964  0
1083 179  0  963  1154  0
1167 986  0  963  1062  0
490 1178  0  964  1066  0
1178 459  0  964  966  0
1178 1183  0  966  1156  0
1183 1199  0  966  973  0
1199 459  0  966  968  0
799 530  0  967  1190  0
1199 900  0  968  969  0
1199 241  0  969  973  0
241 339  0  969  971  0
241 225  0  971  972  0
225 554  0  971  1045  0
241 175  0  972  973  0
175 206  0  972  976  0
206 225  0  972  1163  0
1183 175  0  973  974  0
1183 43  0  974  1156  0
43 732  0  974  1073  0
732 175  0  974  976  0
674 362  0  975  1153  0
732 22  0  976  977  0
22 206  0  976  1054  0
732 1187  0  977  1073  0
1187 1021  0  977  987  0
1021 22  0  977  979  0
1021 79  0  979  986  0
79 779  0  979  981  0
779 22  0  979  1054  0
656 428  0  980  1159  0
79 65  0  981  982  0
142 779  0  981  1056  0
79 1239  0  982  986  0
1239 1111  0  982  984  0
524 1167  0  983  1062  0
1239 685  0  984  985  0
1239 153  0  985  986  0
153 1024  0  985  988  0
1024 685  0  985  991  0
1021 153  0  986  987  0
1187 504  0  987  1071  0
504 153  0  987  988  0
504 768  0  988  1074  0
768 1024  0  988  990  0
778 642  0  989  1157  0
768 84  0  990  1152  0
84 990  0  990  994  0
990 1024  0  990  991  0
990 39  0  991  993  0
719 1083  0  992  1154  0
990 896  0  993  994  0
896 1210  0  993  998  0
84 280  0  994  1150  0
280 896  0  994  996  0
280 28  0  996  1127  0
28 1013  0  996  1003  0
1013 896  0  996  998  0
1013 315  0  998  999  0
1013 596  0  999  1003  0
596 461  0  999  1001  0
596 66  0  1001  1002  0
66 892  0  1001  1010  0
596 325  0  1002  1003  0
325 1203  0  1002  1005  0
1203 66  0  1002  1008  0
28 325  0  1003  1004  0
28 317  0  1004  1127  0
317 1048  0  1004  1124  0
1048 325  0  1004  1005  0
1048 1072  0  1005  1123  0
1072 1203  0  1005  1007  0
599 550  2  1006  -1  0
550 746  0  1006  1052  0
220 599  0  1006  1047  0
1072 546  0  1007  1117  0
546 589  0  1007  1016  0
589 1203  0  1007  1008  0
589 305  0  1008  1015  0
305 66  0  1008  1010  0
496 371  0  1009  1037  0
305 157  0  1010  1011  0
157 892  0  1010  1144  0
305 1254  0  1011  1015  0
1254 1252  0  1011  1013  0
1254 76  0  1013  1014  0
1254 205  0  1014  1015  0
205 1081  0  1014  1018  0
1081 76  0  1014  1022  0
589 205  0  1015  1016  0
546 137  0  1016  1129  0
137 205  0  1016  1018  0
137 578  0  1018  1130  0
578 1081  0  1018  1020  0
578 316  0  1020  1132  0
316 939  0  1020  1027  0
939 1081  0  1020  1022  0
939 393  0  1022  1023  0
939 1059  0  1023  1027  0
1059 837  0  1023  1025  0
1059 825  0  1025  1026  0
1059 9  0  1026  1027  0
9 1169  0  1026  1029  0
316 9  0  1027  1028  0
316 689  0  1028  1132  0
689 413  0  1028  1031  0
413 9  0  1028  1029  0
413 327  0  1029  1030  0
413 290  0  1030  1031  0
689 979  0  1031  1131  0
979 290  0  1031  1033  0
323 646  0  1033  1035  0
788 303  0  1034  1138  0
303 278  0  1034  1119  0
1030 788  0  1034  1136  0
323 859  0  1035  1036  0
362 472  0  1040  1153  0
717 780  1  1042  -1  0
769 436  0  1043  1045  0
1196 953  0  1043  1090  0
953 769  0  1043  1109  0
439 557  0  1044  1140  0
557 617  0  1044  1100  0
617 51  0  1044  1046  0
51 439  1  1044  -1  0
225 436  0  1045  1163  0
617 943  0  1046  1099  0
943 934  0  1046  1048  0
934 51  1  1046  -1  0
959 599  2  1047  -1  0
943 366  0  1048  1049  0
366 819  0  1048  1053  0
819 934  1  1048  -1  0
943 235  0  1049  1099  0
235 336  0  1049  1146  0
336 366  0  1049  1051  0
626 142  0  1050  1056  0
304 447  0  1050  1162  0
447 626  0  1050  1160  0
336 756  0  1051  1085  0
756 835  0  1051  1057  0
835 366  0  1051  1053  0
550 618  2  1052  -1  0
835 836  0  1053  1055  0
836 819  1  1053  -1  0
976 206  0  1054  1163  0
779 976  0  1054  1056  0
835 221  0  1055  1057  0
822 836  1  1055  -1  0
756 663  0  1057  1059  0
1070 973  1  1058  -1  0
756 500  0  1059  1085  0
500 668  0  1059  1086  0
668 663  0  1059  1060  0
668 40  0  1060  1158  0
40 980  0  1063  1158  0
980 1042  0  1063  1065  0
13 885  0  1064  1067  0
980 828  0  1065  1089  0
828 231  0  1065  1068  0
231 1042  0  1065  1066  0
231 1178  0  1066  1156  0
828 1126  0  1068  1069  0
1126 43  0  1068  1073  0
43 231  0  1068  1156  0
828 31  0  1069  1089  0
31 830  0  1069  1075  0
830 1126  0  1069  1071  0
41 532  0  1070  1072  0
532 1022  1  1070  -1  0
830 504  0  1071  1074  0
1187 1126  0  1071  1073  0
1015 532  1  1072  -1  0
830 297  0  1074  1075  0
297 768  0  1074  1152  0
31 485  0  1075  1088  0
485 297  0  1075  1077  0
485 955  0  1077  1147  0
955 189  0  1077  1079  0
189 297  0  1077  1152  0
1076 917  1  1078  -1  0
955 223  0  1079  1080  0
223 1253  0  1079  1126  0
1253 189  0  1079  1150  0
955 762  0  1080  1147  0
762 853  0  1080  1082  0
853 223  0  1080  1092  0
745 699  0  1081  1122  0
844 595  0  1081  1148  0
595 745  0  1081  1113  0
762 1095  0  1082  1083  0
1095 747  0  1082  1146  0
747 853  0  1082  1091  0
762 368  0  1083  1147  0
368 500  0  1083  1086  0
500 1095  0  1083  1085  0
1104 622  0  1084  1161  0
622 469  0  1084  1115  0
637 1104  0  1084  1143  0
336 1095  0  1085  1146  0
368 276  0  1086  1088  0
276 668  0  1086  1158  0
1104 606  0  1087  1143  0
606 925  0  1087  1095  0
897 1104  0  1087  1161  0
368 485  0  1088  1147  0
31 276  0  1088  1089  0
980 276  0  1089  1158  0
469 953  0  1090  1115  0
1196 194  0  1090  1160  0
747 340  0  1091  1097  0
340 1124  0  1091  1094  0
1124 853  0  1091  1092  0
1124 473  0  1092  1093  0
473 223  0  1092  1126  0
1124 146  0  1093  1094  0
146 1202  0  1093  1120  0
1202 473  0  1093  1124  0
340 1051  0  1094  1096  0
1051 146  0  1094  1121  0
606 351  0  1095  1136  0
351 5  0  1095  1098  0
340 1108  0  1096  1097  0
1108 810  0  1096  1100  0
810 1051  0  1096  1102  0
747 235  0  1097  1146  0
235 1108  0  1097  1099  0
351 549  0  1098  1111  0
549 341  0  1098  1108  0
341 5  0  1098  1134  0
617 1108  0  1099  1100  0
557 810  0  1100  1141  0
549 376  0  1101  1111  0
1114 101  1  1101  -1  0
101 549  0  1101  1108  0
810 613  0  1102  1141  0
613 1120  0  1102  1104  0
1120 1051  0  1102  1121  0
19 341  0  1103  1134  0
341 808  0  1103  1108  0
808 106  1  1103  -1  0
106 19  0  1103  1135  0
613 753  0  1104  1137  0
753 727  0  1104  1107  0
727 1120  0  1104  1105  0
727 581  0  1105  1106  0
581 1122  0  1105  1116  0
1122 1120  0  1105  1121  0
727 345  0  1106  1107  0
345 880  0  1106  1110  0
880 581  0  1106  1114  0
101 808  1  1108  -1  0
953 566  0  1109  1115  0
739 880  0  1110  1112  0
351 1030  0  1111  1136  0
739 718  0  1112  1131  0
718 910  0  1112  1130  0
910 880  0  1112  1114  0
801 26  0  1113  1149  0
910 1157  0  1114  1129  0
1157 581  0  1114  1116  0
1157 342  0  1116  1117  0
342 1122  0  1116  1120  0
1157 546  0  1117  1129  0
1072 342  0  1117  1123  0
950 278  0  1119  1164  0
342 1202  0  1120  1123  0
146 1122  0  1120  1121  0
1048 1202  0  1123  1124  0
317 473  0  1124  1126  0
517 291  2  1125  -1  0
291 156  1  1125  -1  0
317 1253  0  1126  1127  0
280 1253  0  1127  1150  0
910 137  0  1129  1130  0
718 578  0  1130  1132  0
689 718  0  1131  1132  0
875 915  1  1133  -1  0
106 168  1  1135  -1  0
606 788  0  1136  1143  0
613 597  0  1137  1141  0
788 637  0  1138  1143  0
597 557  0  1140  1141  0
439 295  1  1140  -1  0
447 798  0  1142  1162  0
194 447  0  1142  1160  0
84 189  0  1150  1152  0
50 1191  1  1151  -1  0
1191 1069  2  1151  -1  0
570 1280  0  1165  1366  0
1280 133  0  1165  1241  0
167 1344  0  1166  1167  0
1344 185  0  1166  1178  0
167 1281  0  1167  1240  0
1281 1344  0  1167  1365  0
369 1362  0  1168  1245  0
1362 347  0  1168  1197  0
653 1284  0  1169  1286  0
1284 1038  0  1169  1198  0
203 1356  0  1170  1212  0
1356 207  0  1170  1390  0
207 1285  0  1171  1390  0
1285 222  0  1171  1315  0
27 1363  0  1172  1231  0
1363 32  0  1172  1404  0
32 1286  0  1173  1404  0
1286 46  0  1173  1185  0
1276 1302  0  1174  1253  0
1302 1277  0  1174  1192  0
1277 1276  4  1174  -1  0
140 1287  0  1175  1252  0
1287 1290  0  1175  1176  0
1290 140  0  1175  1251  0
1287 1345  0  1176  1342  0
1345 1290  0  1176  1399  0
1274 1273  4  1177  -1  0
1273 1289  0  1177  1222  0
1289 1274  0  1177  1242  0
570 185  0  1178  1575  0
1344 570  0  1178  1366  0
158 1290  0  1179  1251  0
1290 1281  0  1179  1368  0
1281 158  0  1179  1240  0
1294 1293  0  1180  1265  0
1293 1370  0  1180  1450  0
1370 1294  0  1180  1376  0
1292 1386  0  1181  1336  0
1386 1293  0  1181  1450  0
1293 1292  0  1181  1263  0
491 1294  0  1182  1265  0
1294 594  0  1182  1273  0
594 1298  0  1183  1273  0
1298 821  0  1183  1202  0
1257 1256  4  1184  -1  0
1256 1296  0  1184  1186  0
1296 1257  0  1184  1275  0
1286 1337  0  1185  1232  0
1337 46  0  1185  1228  0
1256 1295  0  1186  1267  0
1295 1296  0  1186  1410  0
1297 1295  0  1187  1396  0
1295 1279  0  1187  1267  0
1279 1297  0  1187  1271  0
821 1300  0  1188  1202  0
1300 799  0  1188  1277  0
1259 1258  4  1189  -1  0
1258 1328  0  1189  1334  0
1328 1259  0  1189  1332  0
799 1303  0  1190  1277  0
1303 530  0  1190  1243  0
1301 1297  0  1191  1224  0
1297 1278  0  1191  1271  0
1278 1301  0  1191  1280  0
1302 1301  0  1192  1339  0
1301 1277  0  1192  1280  0
530 1283  0  1193  1243  0
1283 369  0  1193  1245  0
842 1304  0  1194  1402  0
1304 653  0  1194  1286  0
1364 1348  0  1195  1367  0
1348 1404  0  1195  1511  0
1404 1364  0  1195  1489  0
1346 1305  0  1196  1370  0
1305 1349  0  1196  1375  0
1349 1346  0  1196  1417  0
1362 842  0  1197  1402  0
1284 1307  0  1198  1285  0
1307 1038  0  1198  1244  0
848 1307  0  1199  1244  0
1307 1308  0  1199  1415  0
1308 848  0  1199  1292  0
630 1313  0  1200  1303  0
1313 56  0  1200  1307  0
1270 1269  4  1201  -1  0
1269 1310  0  1201  1246  0
1310 1270  0  1201  1274  0
1298 1300  0  1202  1420  0
1350 1303  0  1203  1414  0
1303 1300  0  1203  1277  0
1300 1350  0  1203  1297  0
1269 1268  4  1204  -1  0
1268 1311  0  1204  1291  0
1311 1269  0  1204  1246  0
56 1315  0  1205  1307  0
1315 1162  0  1205  1310  0
1268 1267  4  1206  -1  0
1267 1312  0  1206  1293  0
1312 1268  0  1206  1291  0
1162 1316  0  1207  1310  0
1316 434  0  1207  1211  0
1320 1351  0  1208  1380  0
1351 1285  0  1208  1318  0
1285 1320  0  1208  1389  0
1311 1377  0  1209  1377  0
1377 1375  0  1209  1492  0
1375 1311  0  1209  1428  0
1314 1317  0  1210  1296  0
1317 1379  0  1210  1299  0
1379 1314  0  1210  1311  0
1316 1319  0  1211  1388  0
1319 434  0  1211  1309  0
445 1356  0  1212  1217  0
1353 1318  0  1213  1383  0
1318 1354  0  1213  1385  0
1354 1353  0  1213  1503  0
1351 1319  0  1214  1380  0
1319 1355  0  1214  1388  0
1355 1351  0  1214  1514  0
1322 1321  0  1215  1392  0
1321 1263  0  1215  1319  0
1263 1322  0  1215  1322  0
1322 1262  0  1216  1322  0
1262 1323  0  1216  1323  0
1323 1322  0  1216  1325  0
445 1320  0  1217  1316  0
1320 1356  0  1217  1389  0
1325 1323  0  1218  1331  0
1323 1261  0  1218  1323  0
1261 1325  0  1218  1327  0
1355 1428  0  1219  1440  0
1428 1418  0  1219  1534  0
1418 1355  0  1219  1514  0
1327 1325  0  1220  1478  0
1325 1260  0  1220  1327  0
1260 1327  0  1220  1221  0
1260 1259  4  1221  -1  0
1259 1327  0  1221  1332  0
1329 1289  0  1222  1369  0
1273 1329  0  1222  1288  0
1330 1384  0  1223  1394  0
1384 1387  0  1223  1337  0
1387 1330  0  1223  1446  0
1301 1359  0  1224  1341  0
1359 1297  0  1224  1279  0
1287 128  0  1225  1252  0
128 1332  0  1225  1226  0
1332 1287  0  1225  1282  0
94 1332  0  1226  1227  0
94 1333  0  1227  1344  0
1333 1332  0  1227  1343  0
1337 62  0  1228  1230  0
1335 1334  0  1229  1464  0
1334 88  0  1229  1346  0
88 1335  0  1229  1348  0
1337 1336  0  1230  1397  0
1336 62  0  1230  1268  0
18 1363  0  1231  1249  0
1286 1360  0  1232  1355  0
1360 1337  0  1232  1469  0
1295 1366  0  1233  1396  0
1366 1395  0  1233  1546  0
1395 1295  0  1233  1410  0
272 1340  0  1234  1276  0
1340 298  0  1234  1269  0
271 1341  0  1235  1236  0
1341 272  0  1235  1276  0
271 1342  0  1236  1328  0
1342 1341  0  1236  1482  0
611 1291  0  1237  1255  0
1291 995  0  1237  1262  0
133 1282  0  1238  1241  0
1282 611  0  1238  1255  0
1282 1280  0  1239  1241  0
1280 1361  0  1239  1257  0
1361 1282  0  1239  1258  0
1289 1288  0  1242  1374  0
1288 1274  0  1242  1254  0
1303 1283  0  1243  1378  0
1283 1362  0  1245  1401  0
1311 1310  0  1246  1428  0
227 1324  0  1247  1248  0
1324 1326  0  1247  1379  0
1326 227  0  1247  1326  0
222 1324  0  1248  1315  0
18 1338  0  1249  1353  0
1338 1363  0  1249  1403  0
70 1336  0  1250  1268  0
1336 1335  0  1250  1349  0
1335 70  0  1250  1348  0
1276 1331  0  1253  1281  0
1331 1302  0  1253  1412  0
1275 1274  4  1254  -1  0
1288 1275  0  1254  1340  0
1282 1291  0  1255  1400  0
1288 1364  0  1256  1374  0
1364 1367  0  1256  1486  0
1367 1288  0  1256  1406  0
1280 1281  0  1257  1365  0
1281 1361  0  1257  1368  0
1361 1365  0  1258  1259  0
1365 1282  0  1258  1400  0
1406 1365  0  1259  1490  0
1361 1406  0  1259  1405  0
995 1292  0  1260  1262  0
1292 134  0  1260  1263  0
134 1293  0  1261  1263  0
1293 491  0  1261  1265  0
1291 1292  0  1262  1372  0
1272 1271  4  1264  -1  0
1271 1305  0  1264  1266  0
1305 1272  0  1264  1335  0
1271 1306  0  1266  1289  0
1306 1305  0  1266  1375  0
1256 1279  4  1267  -1  0
1340 1339  0  1269  1475  0
1339 298  0  1269  1356  0
1258 1257  4  1270  -1  0
1257 1299  0  1270  1275  0
1299 1258  0  1270  1334  0
1279 1278  4  1271  -1  0
92 1334  0  1272  1346  0
1334 1333  0  1272  1345  0
1333 92  0  1272  1344  0
1294 1298  0  1273  1418  0
1310 1306  0  1274  1419  0
1306 1270  0  1274  1289  0
1296 1299  0  1275  1468  0
1341 1340  0  1276  1360  0
1411 1374  0  1278  1500  0
1374 1407  0  1278  1491  0
1407 1411  0  1278  1523  0
1359 1366  0  1279  1455  0
1366 1297  0  1279  1396  0
1278 1277  4  1280  -1  0
1275 1331  0  1281  1340  0
1276 1275  4  1281  -1  0
1332 1390  0  1282  1454  0
1390 1287  0  1282  1342  0
1304 1283  0  1283  1401  0
1283 1368  0  1283  1378  0
1368 1304  0  1283  1413  0
1368 1408  0  1284  1422  0
1408 1369  0  1284  1494  0
1369 1368  0  1284  1416  0
1284 1369  0  1285  1416  0
1369 1307  0  1285  1382  0
1304 1284  0  1286  1413  0
1348 1346  0  1287  1371  0
1346 1409  0  1287  1520  0
1409 1348  0  1287  1511  0
1273 1272  4  1288  -1  0
1272 1329  0  1288  1335  0
1271 1270  4  1289  -1  0
1349 1373  0  1290  1298  0
1461 1349  0  1290  1424  0
1312 1311  0  1291  1377  0
1308 33  0  1292  1295  0
1267 1314  0  1293  1305  0
1314 1312  0  1293  1381  0
33 1309  0  1294  1295  0
1309 630  0  1294  1303  0
1308 1309  0  1295  1426  0
1266 1317  0  1296  1312  0
1314 1266  0  1296  1305  0
1300 1372  0  1297  1420  0
1372 1350  0  1297  1502  0
1349 1306  0  1298  1375  0
1306 1373  0  1298  1419  0
1317 1353  0  1299  1383  0
1353 1379  0  1299  1314  0
1310 1424  0  1300  1521  0
1424 1373  0  1300  1526  0
1373 1310  0  1300  1419  0
1352 1427  0  1301  1531  0
1427 1423  0  1301  1436  0
1423 1352  0  1301  1425  0
1350 1412  0  1302  1502  0
1412 1408  0  1302  1527  0
1408 1350  0  1302  1422  0
1309 1313  0  1303  1429  0
1265 1318  0  1304  1313  0
1318 1317  0  1304  1383  0
1317 1265  0  1304  1312  0
1267 1266  4  1305  -1  0
1309 1376  0  1306  1426  0
1376 1378  0  1306  1435  0
1378 1309  0  1306  1429  0
1313 1315  0  1307  1434  0
1264 1321  0  1308  1319  0
1321 1318  0  1308  1385  0
1318 1264  0  1308  1313  0
1319 978  0  1309  1317  0
1315 1316  0  1310  1438  0
1352 1314  0  1311  1381  0
1379 1352  0  1311  1531  0
1266 1265  4  1312  -1  0
1265 1264  4  1313  -1  0
1460 1379  0  1314  1433  0
1285 1324  0  1315  1318  0
978 1320  0  1316  1317  0
1319 1320  0  1317  1380  0
1351 1324  0  1318  1387  0
1264 1263  4  1319  -1  0
1322 1357  0  1320  1325  0
1357 1382  0  1320  1393  0
1382 1322  0  1320  1392  0
1354 1321  0  1321  1385  0
1321 1382  0  1321  1392  0
1382 1354  0  1321  1488  0
1263 1262  4  1322  -1  0
1262 1261  4  1323  -1  0
240 1326  0  1324  1326  0
1326 1330  0  1324  1394  0
1330 240  0  1324  1330  0
1323 1357  0  1325  1329  0
1261 1260  4  1327  -1  0
261 1342  0  1328  1364  0
1323 1383  0  1329  1331  0
1383 1357  0  1329  1505  0
1330 251  0  1330  1363  0
1325 1383  0  1331  1362  0
1328 1327  0  1332  1474  0
1341 1402  0  1333  1482  0
1402 1401  0  1333  1566  0
1401 1341  0  1333  1360  0
1299 1328  0  1334  1472  0
1305 1329  0  1335  1370  0
1292 1347  0  1336  1372  0
1347 1386  0  1336  1407  0
1384 1414  0  1337  1444  0
1414 1387  0  1337  1506  0
251 1343  0  1338  1363  0
1343 261  0  1338  1364  0
1302 1389  0  1339  1456  0
1389 1301  0  1339  1341  0
1288 1331  0  1340  1406  0
1389 1359  0  1341  1461  0
1390 1345  0  1342  1411  0
1333 1391  0  1343  1395  0
1391 1332  0  1343  1454  0
1334 1392  0  1345  1347  0
1392 1333  0  1345  1395  0
1334 1393  0  1347  1464  0
1393 1392  0  1347  1463  0
1336 1394  0  1349  1351  0
1394 1335  0  1349  1409  0
1396 1360  0  1350  1469  0
1360 1415  0  1350  1467  0
1415 1396  0  1350  1557  0
1336 1396  0  1351  1397  0
1396 1394  0  1351  1508  0
1296 1395  0  1352  1410  0
1395 1397  0  1352  1558  0
1397 1296  0  1352  1468  0
3 1338  0  1353  1354  0
3 1339  0  1354  1356  0
1339 1338  0  1354  1398  0
1286 1338  0  1355  1403  0
1338 1360  0  1355  1398  0
1299 1444  0  1357  1564  0
1444 1398  0  1357  1479  0
1398 1299  0  1357  1472  0
1360 1339  0  1358  1398  0
1339 1399  0  1358  1475  0
1399 1360  0  1358  1467  0
1328 1398  0  1359  1472  0
1398 1400  0  1359  1509  0
1400 1328  0  1359  1474  0
1401 1340  0  1360  1471  0
1402 1385  0  1361  1473  0
1385 1416  0  1361  1451  0
1416 1402  0  1361  1510  0
1325 1403  0  1362  1478  0
1403 1383  0  1362  1571  0
1330 1343  0  1363  1446  0
1343 1342  0  1364  1447  0
1280 1344  0  1365  1366  0
1289 1348  0  1367  1369  0
1364 1289  0  1367  1374  0
1290 1361  0  1368  1399  0
1329 1348  0  1369  1371  0
1346 1329  0  1370  1371  0
1291 1347  0  1372  1408  0
1420 1404  0  1373  1489  0
1404 1452  0  1373  1495  0
1452 1420  0  1373  1515  0
1370 1371  0  1376  1498  0
1371 1294  0  1376  1418  0
1312 1377  0  1377  1432  0
1303 1368  0  1378  1414  0
1324 1358  0  1379  1387  0
1358 1326  0  1379  1443  0
1352 1312  0  1381  1432  0
1369 1374  0  1382  1491  0
1374 1307  0  1382  1415  0
1313 1378  0  1384  1429  0
1378 1380  0  1384  1529  0
1380 1313  0  1384  1434  0
1316 1381  0  1386  1438  0
1381 1355  0  1386  1440  0
1355 1316  0  1386  1388  0
1351 1358  0  1387  1391  0
1285 1356  0  1389  1390  0
1351 1418  0  1391  1514  0
1418 1358  0  1391  1539  0
1357 1429  0  1393  1542  0
1326 1384  0  1394  1443  0
1392 1391  0  1395  1551  0
1337 1396  0  1397  1469  0
1345 1361  0  1399  1405  0
1365 1291  0  1400  1408  0
1304 1362  0  1401  1402  0
1286 1363  0  1403  1404  0
1345 1406  0  1405  1550  0
1367 1331  0  1406  1518  0
1347 1417  0  1407  1516  0
1417 1386  0  1407  1512  0
1365 1347  0  1408  1485  0
1394 1393  0  1409  1545  0
1393 1335  0  1409  1464  0
1390 1436  0  1411  1554  0
1436 1345  0  1411  1550  0
1331 1388  0  1412  1453  0
1388 1302  0  1412  1456  0
1368 1284  0  1413  1416  0
1350 1368  0  1414  1422  0
1374 1308  0  1415  1430  0
1349 1421  0  1417  1424  0
1421 1346  0  1417  1520  0
1371 1298  0  1418  1421  0
1298 1372  0  1420  1421  0
1371 1372  0  1421  1423  0
1371 1422  0  1423  1497  0
1422 1372  0  1423  1522  0
1377 1352  0  1425  1432  0
1423 1377  0  1425  1524  0
1308 1376  0  1426  1430  0
1410 1424  0  1427  1526  0
1424 1422  0  1427  1431  0
1422 1410  0  1427  1497  0
1375 1310  0  1428  1521  0
1374 1376  0  1430  1500  0
1424 1449  0  1431  1528  0
1449 1422  0  1431  1525  0
1426 1379  0  1433  1530  0
1380 1315  0  1434  1439  0
1376 1426  0  1435  1499  0
1427 1448  0  1436  1574  0
1448 1423  0  1436  1573  0
1413 1405  0  1437  1442  0
1405 1380  0  1437  1487  0
1380 1413  0  1437  1504  0
1315 1381  0  1438  1439  0
1380 1381  0  1439  1487  0
1381 1428  0  1440  1533  0
1428 1405  0  1441  1533  0
1405 1454  0  1441  1537  0
1413 1430  0  1442  1538  0
1430 1405  0  1442  1537  0
1358 1384  0  1443  1513  0
1431 1414  0  1444  1541  0
1384 1431  0  1444  1513  0
1429 1432  0  1445  1542  0
1387 1343  0  1446  1452  0
1343 1385  0  1447  1452  0
1385 1342  0  1447  1473  0
1327 1400  0  1448  1474  0
1400 1403  0  1448  1544  0
1403 1327  0  1448  1478  0
1461 1370  0  1449  1519  0
1370 1386  0  1449  1450  0
1385 1462  0  1451  1483  0
1387 1385  0  1452  1483  0
1331 1435  0  1453  1518  0
1435 1388  0  1453  1457  0
1391 1390  0  1454  1548  0
1359 1434  0  1455  1556  0
1434 1366  0  1455  1559  0
1388 1389  0  1456  1459  0
1435 1437  0  1457  1553  0
1406 1453  0  1458  1517  0
1419 1406  0  1458  1490  0
1463 1389  0  1459  1552  0
1436 1438  0  1460  1554  0
1438 1456  0  1460  1549  0
1389 1439  0  1461  1552  0
1439 1359  0  1461  1556  0
1438 1391  0  1462  1548  0
1391 1437  0  1462  1551  0
1437 1438  0  1462  1553  0
1463 1392  0  1463  1555  0
1440 1434  0  1465  1559  0
1439 1441  0  1466  1560  0
1434 1439  0  1466  1556  0
1399 1415  0  1467  1476  0
1397 1299  0  1468  1564  0
1441 1442  0  1470  1562  0
1401 1399  0  1471  1567  0
1399 1340  0  1471  1475  0
1402 1342  0  1473  1482  0
1399 1445  0  1476  1567  0
1445 1415  0  1476  1563  0
1433 1400  0  1477  1544  0
1400 1462  0  1477  1509  0
1444 1416  0  1479  1569  0
1415 1458  0  1480  1563  0
1442 1415  0  1480  1557  0
1445 1446  0  1481  1570  0
1446 1459  0  1481  1568  0
1432 1447  0  1484  1540  0
1365 1419  0  1485  1490  0
1419 1347  0  1485  1516  0
1364 1420  0  1486  1489  0
1405 1381  0  1487  1533  0
1430 1354  0  1488  1538  0
1369 1407  0  1491  1494  0
1377 1425  0  1492  1524  0
1425 1448  0  1493  1573  0
1408 1407  0  1494  1501  0
1404 1409  0  1495  1511  0
1421 1417  0  1496  1512  0
1409 1421  0  1496  1520  0
1371 1410  0  1497  1498  0
1370 1410  0  1498  1519  0
1376 1411  0  1499  1500  0
1411 1426  0  1499  1532  0
1408 1451  0  1501  1527  0
1372 1412  0  1502  1522  0
1354 1413  0  1503  1538  0
1380 1460  0  1504  1529  0
1383 1432  0  1505  1540  0
1432 1357  0  1505  1542  0
1414 1433  0  1506  1572  0
1395 1440  0  1507  1546  0
1443 1395  0  1507  1558  0
1396 1442  0  1508  1557  0
1442 1394  0  1508  1562  0
1446 1402  0  1510  1566  0
1416 1446  0  1510  1569  0
1358 1431  0  1513  1539  0
1406 1436  0  1517  1550  0
1367 1435  0  1518  1547  0
1375 1424  0  1521  1528  0
1422 1412  0  1522  1525  0
1448 1411  0  1523  1574  0
1423 1425  0  1524  1573  0
1427 1379  0  1530  1531  0
1426 1427  0  1530  1532  0
1411 1427  0  1532  1574  0
1450 1418  0  1534  1535  0
1431 1418  0  1535  1539  0
1454 1430  0  1536  1537  0
1383 1447  0  1540  1571  0
1447 1403  0  1543  1571  0
1403 1433  0  1543  1544  0
1433 1447  0  1543  1572  0
1394 1441  0  1545  1562  0
1441 1393  0  1545  1560  0
1366 1440  0  1546  1559  0
1456 1435  0  1547  1549  0
1438 1390  0  1548  1554  0
1438 1435  0  1549  1553  0
1392 1437  0  1551  1555  0
1397 1444  0  1564  1565  0
1459 1444  0  1565  1568  0
1446 1401  0  1566  1570  0
1401 1445  0  1567  1570  0
1446 1444  0  1568  1569  0
