26 27 0 0 25
27 1 0 0 1
1 0 2 0 -1
0 26 2 0 -1
27 28 0 1 26
28 2 0 1 2
2 1 2 1 -1
28 29 0 2 27
29 3 0 2 3
3 2 2 2 -1
29 30 0 3 28
30 4 0 3 4
4 3 2 3 -1
30 31 0 4 29
31 5 0 4 5
5 4 2 4 -1
31 32 0 5 30
32 6 0 5 6
6 5 2 5 -1
32 33 0 6 31
33 7 0 6 7
7 6 2 6 -1
33 34 0 7 32
34 8 0 7 8
8 7 2 7 -1
34 35 0 8 33
35 9 0 8 9
9 8 2 8 -1
35 36 0 9 34
36 10 0 9 10
10 9 2 9 -1
36 37 0 10 35
37 11 0 10 11
11 10 2 10 -1
37 38 0 11 36
38 12 0 11 12
12 11 2 11 -1
38 39 0 12 37
39 13 0 12 13
13 12 2 12 -1
39 40 0 13 38
40 14 0 13 14
14 13 2 13 -1
40 41 0 14 39
41 15 0 14 15
15 14 2 14 -1
41 42 0 15 40
42 16 0 15 16
16 15 2 15 -1
42 43 0 16 41
43 17 0 16 17
17 16 2 16 -1
43 44 0 17 42
44 18 0 17 18
18 17 2 17 -1
44 45 0 18 43
45 19 0 18 19
19 18 2 18 -1
45 46 0 19 44
46 20 0 19 20
20 19 2 19 -1
46 47 0 20 45
47 21 0 20 21
21 20 2 20 -1
47 48 0 21 46
48 22 0 21 22
22 21 2 21 -1
48 49 0 22 47
49 23 0 22 23
23 22 2 22 -1
49 50 0 23 48
50 24 0 23 24
24 23 2 23 -1
50 51 0 24 49
51 25 2 24 -1
25 24 2 24 -1
52 53 0 25 50
53 27 0 25 26
26 52 2 25 -1
53 54 0 26 51
54 28 0 26 27
54 55 0 27 52
55 29 0 27 28
55 56 0 28 53
56 30 0 28 29
56 57 0 29 54
57 31 0 29 30
57 58 0 30 55
58 32 0 30 31
58 59 0 31 56
59 33 0 31 32
59 60 0 32 57
60 34 0 32 33
60 61 0 33 58
61 35 0 33 34
61 62 0 34 59
62 36 0 34 35
62 63 0 35 60
63 37 0 35 36
63 64 0 36 61
64 38 0 36 37
64 65 0 37 62
65 39 0 37 38
65 66 0 38 63
66 40 0 38 39
66 67 0 39 64
67 41 0 39 40
67 68 0 40 65
68 42 0 40 41
68 69 0 41 66
69 43 0 41 42
69 70 0 42 67
70 44 0 42 43
70 71 0 43 68
71 45 0 43 44
71 72 0 44 69
72 46 0 44 45
72 73 0 45 70
73 47 0 45 46
73 74 0 46 71
74 48 0 46 47
74 75 0 47 72
75 49 0 47 48
75 76 0 48 73
76 50 0 48 49
76 77 0 49 74
77 51 2 49 -1
78 79 0 50 75
79 53 0 50 51
52 78 2 50 -1
79 80 0 51 76
80 54 0 51 52
80 81 0 52 77
81 55 0 52 53
81 82 0 53 78
82 56 0 53 54
82 83 0 54 79
83 57 0 54 55
83 84 0 55 80
84 58 0 55 56
84 85 0 56 81
85 59 0 56 57
85 86 0 57 82
86 60 0 57 58
86 87 0 58 83
87 61 0 58 59
87 88 0 59 84
88 62 0 59 60
88 89 0 60 85
89 63 0 60 61
89 90 0 61 86
90 64 0 61 62
90 91 0 62 87
91 65 0 62 63
91 92 0 63 88
92 66 0 63 64
92 93 0 64 89
93 67 0 64 65
93 94 0 65 90
94 68 0 65 66
94 95 0 66 91
95 69 0 66 67
95 96 0 67 92
96 70 0 67 68
96 97 0 68 93
97 71 0 68 69
97 98 0 69 94
98 72 0 69 70
98 99 0 70 95
99 73 0 70 71
99 100 0 71 96
100 74 0 71 72
100 101 0 72 97
101 75 0 72 73
101 102 0 73 98
102 76 0 73 74
102 103 0 74 99
103 77 2 74 -1
104 105 0 75 100
105 79 0 75 76
78 104 2 75 -1
105 106 0 76 101
106 80 0 76 77
106 107 0 77 102
107 81 0 77 78
107 108 0 78 103
108 82 0 78 79
108 109 0 79 104
109 83 0 79 80
109 110 0 80 105
110 84 0 80 81
110 111 0 81 106
111 85 0 81 82
111 112 0 82 107
112 86 0 82 83
112 113 0 83 108
113 87 0 83 84
113 114 0 84 109
114 88 0 84 85
114 115 0 85 110
115 89 0 85 86
115 116 0 86 111
116 90 0 86 87
116 117 0 87 112
117 91 0 87 88
117 118 0 88 113
118 92 0 88 89
118 119 0 89 114
119 93 0 89 90
119 120 0 90 115
120 94 0 90 91
120 121 0 91 116
121 95 0 91 92
121 122 0 92 117
122 96 0 92 93
122 123 0 93 118
123 97 0 93 94
123 124 0 94 119
124 98 0 94 95
124 125 0 95 120
125 99 0 95 96
125 126 0 96 121
126 100 0 96 97
126 127 0 97 122
127 101 0 97 98
127 128 0 98 123
128 102 0 98 99
128 129 0 99 124
129 103 2 99 -1
130 131 0 100 304
131 105 0 100 101
104 130 2 100 -1
131 132 0 101 150
132 106 0 101 102
132 133 0 102 151
133 107 0 102 103
133 134 0 103 152
134 108 0 103 104
134 135 0 104 153
135 109 0 104 105
135 136 0 105 154
136 110 0 105 106
136 137 0 106 280
137 111 0 106 107
137 138 0 107 132
138 112 0 107 108
138 139 0 108 133
139 113 0 108 109
139 140 0 109 134
140 114 0 109 110
140 141 0 110 135
141 115 0 110 111
141 142 0 111 136
142 116 0 111 112
142 143 0 112 137
143 117 0 112 113
143 144 0 113 138
144 118 0 113 114
144 145 0 114 139
145 119 0 114 115
145 146 0 115 140
146 120 0 115 116
146 147 0 116 141
147 121 0 116 117
147 148 0 117 142
148 122 0 117 118
148 149 0 118 143
149 123 0 118 119
149 150 0 119 144
150 124 0 119 120
150 151 0 120 145
151 125 0 120 121
151 152 0 121 146
152 126 0 121 122
152 153 0 122 147
153 127 0 122 123
153 154 0 123 148
154 128 0 123 124
154 155 0 124 149
155 129 2 124 -1
2223 2231 0 125 2371
2231 2259 0 125 229
2259 2223 0 125 2398
2225 2244 0 126 732
2244 2258 0 126 178
2258 2225 0 126 2318
2241 2250 0 127 2387
2250 2258 0 127 2346
2258 2241 0 127 432
2211 2239 0 128 2316
2239 2257 0 128 2326
2257 2211 0 128 200
2195 2237 0 129 2410
2237 2257 0 129 200
2257 2195 0 129 2328
2238 2210 0 130 181
2210 2256 0 130 2260
2256 2238 0 130 2412
2250 2235 0 131 2387
2235 2256 0 131 2412
2256 2250 0 131 407
163 164 0 132 155
164 138 0 132 133
137 163 0 132 280
164 165 0 133 158
165 139 0 133 134
165 166 0 134 159
166 140 0 134 135
166 167 0 135 160
167 141 0 135 136
167 168 0 136 161
168 142 0 136 137
168 169 0 137 162
169 143 0 137 138
169 170 0 138 163
170 144 0 138 139
170 171 0 139 164
171 145 0 139 140
171 172 0 140 165
172 146 0 140 141
172 173 0 141 166
173 147 0 141 142
173 174 0 142 167
174 148 0 142 143
174 175 0 143 168
175 149 0 143 144
175 176 0 144 169
176 150 0 144 145
176 177 0 145 170
177 151 0 145 146
177 178 0 146 171
178 152 0 146 147
178 179 0 147 172
179 153 0 147 148
179 180 0 148 173
180 154 0 148 149
180 181 0 149 174
181 155 2 149 -1
131 157 0 150 304
157 158 2 150 -1
158 132 0 150 303
132 182 0 151 303
182 159 2 151 -1
159 133 0 151 302
133 183 0 152 302
183 160 2 152 -1
160 134 0 152 153
160 161 0 153 301
161 135 0 153 154
161 162 0 154 300
162 136 0 154 280
163 187 2 155 -1
187 164 0 155 279
2209 2207 0 156 2354
2207 2243 0 156 2379
2243 2209 0 156 2390
2251 2249 0 157 482
2249 2255 0 157 2408
2255 2251 0 157 2388
190 191 0 158 183
191 165 0 158 159
164 190 0 158 279
191 192 0 159 184
192 166 0 159 160
192 193 0 160 185
193 167 0 160 161
193 194 0 161 186
194 168 0 161 162
194 195 0 162 187
195 169 0 162 163
195 196 0 163 188
196 170 0 163 164
196 197 0 164 189
197 171 0 164 165
197 198 0 165 190
198 172 0 165 166
198 199 0 166 191
199 173 0 166 167
199 200 0 167 192
200 174 0 167 168
200 201 0 168 193
201 175 0 168 169
201 202 0 169 194
202 176 0 169 170
202 203 0 170 195
203 177 0 170 171
203 204 0 171 196
204 178 0 171 172
204 205 0 172 197
205 179 0 172 173
205 206 0 173 198
206 180 0 173 174
206 207 0 174 199
207 181 2 174 -1
2259 2222 0 175 2382
2222 2242 0 175 2395
2242 2259 0 175 2398
2228 2223 0 176 2392
2223 2242 0 176 2398
2242 2228 0 176 2266
2205 2235 0 177 2322
2235 2241 0 177 2387
2241 2205 0 177 2375
2244 2236 0 178 204
2236 2258 0 178 432
2173 2216 0 179 2367
2216 2240 0 179 2334
2240 2173 0 179 2228
2204 2202 0 180 2345
2202 2240 0 180 2228
2240 2204 0 180 2232
2238 2239 0 181 2324
2239 2210 0 181 2316
2234 2244 0 182 204
2244 2255 0 182 2388
2255 2234 0 182 2404
216 217 0 183 208
217 191 0 183 184
190 216 0 183 278
217 218 0 184 209
218 192 0 184 185
218 219 0 185 210
219 193 0 185 186
219 220 0 186 211
220 194 0 186 187
220 221 0 187 212
221 195 0 187 188
221 222 0 188 213
222 196 0 188 189
222 223 0 189 214
223 197 0 189 190
223 224 0 190 215
224 198 0 190 191
224 225 0 191 216
225 199 0 191 192
225 226 0 192 217
226 200 0 192 193
226 227 0 193 218
227 201 0 193 194
227 228 0 194 219
228 202 0 194 195
228 229 0 195 220
229 203 0 195 196
229 230 0 196 221
230 204 0 196 197
230 231 0 197 222
231 205 0 197 198
231 232 0 198 223
232 206 0 198 199
232 233 0 199 224
233 207 2 199 -1
2237 2211 0 200 2411
266 814 0 201 807
814 788 0 201 758
788 265 0 201 757
265 266 0 201 1990
2217 2253 0 202 2306
2253 2247 0 202 257
2247 2217 0 202 230
264 762 0 203 757
762 736 0 203 708
736 263 0 203 707
263 264 0 203 2109
2234 2236 0 204 2284
2158 2208 0 205 2253
2208 2245 0 205 2136
2245 2158 0 205 2353
2206 2230 0 206 2393
2230 2245 0 206 2183
2245 2206 0 206 2397
2252 2243 0 207 2390
2243 2254 0 207 282
2254 2252 0 207 332
242 243 0 208 233
243 217 0 208 209
216 242 0 208 277
243 244 0 209 234
244 218 0 209 210
244 245 0 210 235
245 219 0 210 211
245 246 0 211 236
246 220 0 211 212
246 247 0 212 237
247 221 0 212 213
247 248 0 213 238
248 222 0 213 214
248 249 0 214 239
249 223 0 214 215
249 250 0 215 240
250 224 0 215 216
250 251 0 216 241
251 225 0 216 217
251 252 0 217 242
252 226 0 217 218
252 253 0 218 243
253 227 0 218 219
253 254 0 219 244
254 228 0 219 220
254 255 0 220 245
255 229 0 220 221
255 256 0 221 246
256 230 0 221 222
256 257 0 222 247
257 231 0 222 223
257 258 0 223 248
258 232 0 223 224
258 259 0 224 249
259 233 2 224 -1
2233 2227 0 225 2400
2227 2246 0 225 2286
2246 2233 0 225 2370
2224 2226 0 226 2389
2226 2251 0 226 307
2251 2224 0 226 357
2207 2221 0 227 2262
2221 2247 0 227 2380
2247 2207 0 227 2379
2231 2217 0 228 2399
2217 2248 0 228 230
2248 2231 0 228 229
2248 2259 0 229 2382
2247 2248 0 230 2380
476 235 0 231 250
235 236 0 231 1992
236 502 0 231 507
502 476 0 231 458
2232 2233 0 232 2403
2233 2254 0 232 2370
2254 2232 0 232 2402
268 269 0 233 258
269 243 0 233 234
242 268 0 233 276
269 270 0 234 259
270 244 0 234 235
270 271 0 235 260
271 245 0 235 236
271 272 0 236 261
272 246 0 236 237
272 273 0 237 262
273 247 0 237 238
273 274 0 238 263
274 248 0 238 239
274 275 0 239 264
275 249 0 239 240
275 276 0 240 265
276 250 0 240 241
276 277 0 241 266
277 251 0 241 242
277 278 0 242 267
278 252 0 242 243
278 279 0 243 268
279 253 0 243 244
279 280 0 244 269
280 254 0 244 245
280 281 0 245 270
281 255 0 245 246
281 282 0 246 271
282 256 0 246 247
282 283 0 247 272
283 257 0 247 248
283 284 0 248 273
284 258 0 248 249
284 285 0 249 274
285 259 2 249 -1
450 234 0 250 251
234 235 0 250 2121
476 450 0 250 433
424 215 0 251 252
215 234 0 251 1999
450 424 0 251 408
398 214 0 252 253
214 215 0 252 1930
424 398 0 252 383
372 213 0 253 254
213 214 0 253 1933
398 372 0 253 358
346 212 0 254 255
212 213 0 254 1935
372 346 0 254 333
320 211 0 255 256
211 212 0 255 1954
346 320 0 255 308
294 210 0 256 275
210 211 0 256 2051
320 294 0 256 283
2243 2247 0 257 2379
2253 2243 0 257 282
294 295 0 258 283
295 269 0 258 259
268 294 0 258 275
295 296 0 259 284
296 270 0 259 260
296 297 0 260 285
297 271 0 260 261
297 298 0 261 286
298 272 0 261 262
298 299 0 262 287
299 273 0 262 263
299 300 0 263 288
300 274 0 263 264
300 301 0 264 289
301 275 0 264 265
301 302 0 265 290
302 276 0 265 266
302 303 0 266 291
303 277 0 266 267
303 304 0 267 292
304 278 0 267 268
304 305 0 268 293
305 279 0 268 269
305 306 0 269 294
306 280 0 269 270
306 307 0 270 295
307 281 0 270 271
307 308 0 271 296
308 282 0 271 272
308 309 0 272 297
309 283 0 272 273
309 310 0 273 298
310 284 0 273 274
310 311 0 274 299
311 285 2 274 -1
268 209 0 275 276
209 210 0 275 2022
242 208 0 276 277
208 209 0 276 2049
216 189 0 277 278
189 208 0 277 2041
190 188 0 278 279
188 189 0 278 1948
187 188 0 279 1950
162 163 0 280 281
162 186 2 281 -1
186 163 2 281 -1
2253 2254 0 282 2402
320 321 0 283 308
321 295 0 283 284
321 322 0 284 309
322 296 0 284 285
322 323 0 285 310
323 297 0 285 286
323 324 0 286 311
324 298 0 286 287
324 325 0 287 312
325 299 0 287 288
325 326 0 288 313
326 300 0 288 289
326 327 0 289 314
327 301 0 289 290
327 328 0 290 315
328 302 0 290 291
328 329 0 291 316
329 303 0 291 292
329 330 0 292 317
330 304 0 292 293
330 331 0 293 318
331 305 0 293 294
331 332 0 294 319
332 306 0 294 295
332 333 0 295 320
333 307 0 295 296
333 334 0 296 321
334 308 0 296 297
334 335 0 297 322
335 309 0 297 298
335 336 0 298 323
336 310 0 298 299
336 337 0 299 324
337 311 2 299 -1
161 185 2 300 -1
185 162 2 300 -1
160 184 2 301 -1
184 161 2 301 -1
159 183 2 302 -1
158 182 2 303 -1
130 156 2 304 -1
156 157 0 304 1946
2221 2222 0 305 2264
2222 2248 0 305 2382
2248 2221 0 305 2380
312 293 2 306 -1
293 391 2 306 -1
391 392 0 306 403
392 312 0 306 325
2226 2252 0 307 2310
2252 2251 0 307 482
346 347 0 308 333
347 321 0 308 309
347 348 0 309 334
348 322 0 309 310
348 349 0 310 335
349 323 0 310 311
349 350 0 311 336
350 324 0 311 312
350 351 0 312 337
351 325 0 312 313
351 352 0 313 338
352 326 0 313 314
352 353 0 314 339
353 327 0 314 315
353 354 0 315 340
354 328 0 315 316
354 355 0 316 341
355 329 0 316 317
355 356 0 317 342
356 330 0 317 318
356 357 0 318 343
357 331 0 318 319
357 358 0 319 344
358 332 0 319 320
358 359 0 320 345
359 333 0 320 321
359 360 0 321 346
360 334 0 321 322
360 361 0 322 347
361 335 0 322 323
361 362 0 323 348
362 336 0 323 324
362 363 0 324 349
363 337 2 324 -1
313 312 2 325 -1
392 393 0 325 404
393 313 0 325 326
314 313 2 326 -1
393 394 0 326 405
394 314 0 326 327
315 314 2 327 -1
394 395 0 327 406
395 315 0 327 328
316 315 2 328 -1
395 396 0 328 425
396 316 0 328 329
317 316 2 329 -1
396 397 0 329 426
397 317 0 329 330
318 317 2 330 -1
397 416 0 330 427
416 318 0 330 331
319 318 2 331 -1
416 417 0 331 428
417 319 0 331 350
2254 2246 0 332 2370
2246 2252 0 332 382
372 373 0 333 358
373 347 0 333 334
373 374 0 334 359
374 348 0 334 335
374 375 0 335 360
375 349 0 335 336
375 376 0 336 361
376 350 0 336 337
376 377 0 337 362
377 351 0 337 338
377 378 0 338 363
378 352 0 338 339
378 379 0 339 364
379 353 0 339 340
379 380 0 340 365
380 354 0 340 341
380 381 0 341 366
381 355 0 341 342
381 382 0 342 367
382 356 0 342 343
382 383 0 343 368
383 357 0 343 344
383 384 0 344 369
384 358 0 344 345
384 385 0 345 370
385 359 0 345 346
385 386 0 346 371
386 360 0 346 347
386 387 0 347 372
387 361 0 347 348
387 388 0 348 373
388 362 0 348 349
388 389 0 349 374
389 363 2 349 -1
338 319 2 350 -1
417 418 0 350 429
418 338 0 350 351
339 338 2 351 -1
418 419 0 351 430
419 339 0 351 352
340 339 2 352 -1
419 420 0 352 431
420 340 0 352 353
341 340 2 353 -1
420 421 0 353 450
421 341 0 353 354
342 341 2 354 -1
421 422 0 354 451
422 342 0 354 355
343 342 2 355 -1
422 423 0 355 452
423 343 0 355 356
344 343 2 356 -1
423 442 0 356 453
442 344 0 356 375
2244 2224 0 357 732
2251 2244 0 357 2388
398 399 0 358 383
399 373 0 358 359
399 400 0 359 384
400 374 0 359 360
400 401 0 360 385
401 375 0 360 361
401 402 0 361 386
402 376 0 361 362
402 403 0 362 387
403 377 0 362 363
403 404 0 363 388
404 378 0 363 364
404 405 0 364 389
405 379 0 364 365
405 406 0 365 390
406 380 0 365 366
406 407 0 366 391
407 381 0 366 367
407 408 0 367 392
408 382 0 367 368
408 409 0 368 393
409 383 0 368 369
409 410 0 369 394
410 384 0 369 370
410 411 0 370 395
411 385 0 370 371
411 412 0 371 396
412 386 0 371 372
412 413 0 372 397
413 387 0 372 373
413 414 0 373 398
414 388 0 373 374
414 415 0 374 399
415 389 2 374 -1
345 344 2 375 -1
442 443 0 375 454
443 345 0 375 376
364 345 2 376 -1
443 444 0 376 455
444 364 0 376 377
365 364 2 377 -1
444 445 0 377 456
445 365 0 377 378
366 365 2 378 -1
445 446 0 378 475
446 366 0 378 379
367 366 2 379 -1
446 447 0 379 476
447 367 0 379 380
368 367 2 380 -1
447 448 0 380 477
448 368 0 380 381
369 368 2 381 -1
448 449 0 381 478
449 369 0 381 400
2246 2249 0 382 2384
2249 2252 0 382 482
424 425 0 383 408
425 399 0 383 384
425 426 0 384 409
426 400 0 384 385
426 427 0 385 410
427 401 0 385 386
427 428 0 386 411
428 402 0 386 387
428 429 0 387 412
429 403 0 387 388
429 430 0 388 413
430 404 0 388 389
430 431 0 389 414
431 405 0 389 390
431 432 0 390 415
432 406 0 390 391
432 433 0 391 416
433 407 0 391 392
433 434 0 392 417
434 408 0 392 393
434 435 0 393 418
435 409 0 393 394
435 436 0 394 419
436 410 0 394 395
436 437 0 395 420
437 411 0 395 396
437 438 0 396 421
438 412 0 396 397
438 439 0 397 422
439 413 0 397 398
439 440 0 398 423
440 414 0 398 399
440 441 0 399 424
441 415 2 399 -1
370 369 2 400 -1
449 468 0 400 479
468 370 0 400 401
371 370 2 401 -1
468 469 0 401 480
469 371 0 401 402
390 371 2 402 -1
469 470 0 402 481
470 390 2 402 -1
391 471 2 403 -1
471 472 0 403 500
472 392 0 403 404
472 473 0 404 501
473 393 0 404 405
473 474 0 405 502
474 394 0 405 406
474 475 0 406 503
475 395 0 406 425
2256 2219 0 407 2406
2219 2250 0 407 2346
450 451 0 408 433
451 425 0 408 409
451 452 0 409 434
452 426 0 409 410
452 453 0 410 435
453 427 0 410 411
453 454 0 411 436
454 428 0 411 412
454 455 0 412 437
455 429 0 412 413
455 456 0 413 438
456 430 0 413 414
456 457 0 414 439
457 431 0 414 415
457 458 0 415 440
458 432 0 415 416
458 459 0 416 441
459 433 0 416 417
459 460 0 417 442
460 434 0 417 418
460 461 0 418 443
461 435 0 418 419
461 462 0 419 444
462 436 0 419 420
462 463 0 420 445
463 437 0 420 421
463 464 0 421 446
464 438 0 421 422
464 465 0 422 447
465 439 0 422 423
465 466 0 423 448
466 440 0 423 424
466 467 0 424 449
467 441 2 424 -1
475 494 0 425 504
494 396 0 425 426
494 495 0 426 505
495 397 0 426 427
495 496 0 427 506
496 416 0 427 428
496 497 0 428 525
497 417 0 428 429
497 498 0 429 526
498 418 0 429 430
498 499 0 430 527
499 419 0 430 431
499 500 0 431 528
500 420 0 431 450
2236 2241 0 432 2407
476 477 0 433 458
477 451 0 433 434
477 478 0 434 459
478 452 0 434 435
478 479 0 435 460
479 453 0 435 436
479 480 0 436 461
480 454 0 436 437
480 481 0 437 462
481 455 0 437 438
481 482 0 438 463
482 456 0 438 439
482 483 0 439 464
483 457 0 439 440
483 484 0 440 465
484 458 0 440 441
484 485 0 441 466
485 459 0 441 442
485 486 0 442 467
486 460 0 442 443
486 487 0 443 468
487 461 0 443 444
487 488 0 444 469
488 462 0 444 445
488 489 0 445 470
489 463 0 445 446
489 490 0 446 471
490 464 0 446 447
490 491 0 447 472
491 465 0 447 448
491 492 0 448 473
492 466 0 448 449
492 493 0 449 474
493 467 2 449 -1
500 501 0 450 529
501 421 0 450 451
501 520 0 451 530
520 422 0 451 452
520 521 0 452 531
521 423 0 452 453
521 522 0 453 550
522 442 0 453 454
522 523 0 454 551
523 443 0 454 455
523 524 0 455 552
524 444 0 455 456
524 525 0 456 553
525 445 0 456 475
2220 2218 0 457 2261
2218 2249 0 457 2408
2249 2220 0 457 2384
502 503 0 458 483
503 477 0 458 459
503 504 0 459 484
504 478 0 459 460
504 505 0 460 485
505 479 0 460 461
505 506 0 461 486
506 480 0 461 462
506 507 0 462 487
507 481 0 462 463
507 508 0 463 488
508 482 0 463 464
508 509 0 464 489
509 483 0 464 465
509 510 0 465 490
510 484 0 465 466
510 511 0 466 491
511 485 0 466 467
511 512 0 467 492
512 486 0 467 468
512 513 0 468 493
513 487 0 468 469
513 514 0 469 494
514 488 0 469 470
514 515 0 470 495
515 489 0 470 471
515 516 0 471 496
516 490 0 471 472
516 517 0 472 497
517 491 0 472 473
517 518 0 473 498
518 492 0 473 474
518 519 0 474 499
519 493 2 474 -1
525 526 0 475 554
526 446 0 475 476
526 527 0 476 555
527 447 0 476 477
527 546 0 477 556
546 448 0 477 478
546 547 0 478 575
547 449 0 478 479
547 548 0 479 576
548 468 0 479 480
548 549 0 480 577
549 469 0 480 481
549 550 0 481 578
550 470 2 481 -1
528 529 0 483 508
529 503 0 483 484
502 528 0 483 507
529 530 0 484 509
530 504 0 484 485
530 531 0 485 510
531 505 0 485 486
531 532 0 486 511
532 506 0 486 487
532 533 0 487 512
533 507 0 487 488
533 534 0 488 513
534 508 0 488 489
534 535 0 489 514
535 509 0 489 490
535 536 0 490 515
536 510 0 490 491
536 537 0 491 516
537 511 0 491 492
537 538 0 492 517
538 512 0 492 493
538 539 0 493 518
539 513 0 493 494
539 540 0 494 519
540 514 0 494 495
540 541 0 495 520
541 515 0 495 496
541 542 0 496 521
542 516 0 496 497
542 543 0 497 522
543 517 0 497 498
543 544 0 498 523
544 518 0 498 499
544 545 0 499 524
545 519 2 499 -1
471 551 2 500 -1
551 552 0 500 579
552 472 0 500 501
552 553 0 501 580
553 473 0 501 502
553 572 0 502 581
572 474 0 502 503
572 573 0 503 600
573 475 0 503 504
573 574 0 504 601
574 494 0 504 505
574 575 0 505 602
575 495 0 505 506
575 576 0 506 603
576 496 0 506 525
236 237 0 507 2119
237 528 0 507 532
554 555 0 508 533
555 529 0 508 509
528 554 0 508 532
555 556 0 509 534
556 530 0 509 510
556 557 0 510 535
557 531 0 510 511
557 558 0 511 536
558 532 0 511 512
558 559 0 512 537
559 533 0 512 513
559 560 0 513 538
560 534 0 513 514
560 561 0 514 539
561 535 0 514 515
561 562 0 515 540
562 536 0 515 516
562 563 0 516 541
563 537 0 516 517
563 564 0 517 542
564 538 0 517 518
564 565 0 518 543
565 539 0 518 519
565 566 0 519 544
566 540 0 519 520
566 567 0 520 545
567 541 0 520 521
567 568 0 521 546
568 542 0 521 522
568 569 0 522 547
569 543 0 522 523
569 570 0 523 548
570 544 0 523 524
570 571 0 524 549
571 545 2 524 -1
576 577 0 525 604
577 497 0 525 526
577 578 0 526 605
578 498 0 526 527
578 579 0 527 606
579 499 0 527 528
579 598 0 528 625
598 500 0 528 529
598 599 0 529 626
599 501 0 529 530
599 600 0 530 627
600 520 0 530 531
600 601 0 531 628
601 521 0 531 550
238 554 0 532 557
237 238 0 532 1958
580 581 0 533 558
581 555 0 533 534
554 580 0 533 557
581 582 0 534 559
582 556 0 534 535
582 583 0 535 560
583 557 0 535 536
583 584 0 536 561
584 558 0 536 537
584 585 0 537 562
585 559 0 537 538
585 586 0 538 563
586 560 0 538 539
586 587 0 539 564
587 561 0 539 540
587 588 0 540 565
588 562 0 540 541
588 589 0 541 566
589 563 0 541 542
589 590 0 542 567
590 564 0 542 543
590 591 0 543 568
591 565 0 543 544
591 592 0 544 569
592 566 0 544 545
592 593 0 545 570
593 567 0 545 546
593 594 0 546 571
594 568 0 546 547
594 595 0 547 572
595 569 0 547 548
595 596 0 548 573
596 570 0 548 549
596 597 0 549 574
597 571 2 549 -1
601 602 0 550 629
602 522 0 550 551
602 603 0 551 630
603 523 0 551 552
603 604 0 552 631
604 524 0 552 553
604 605 0 553 650
605 525 0 553 554
605 624 0 554 651
624 526 0 554 555
624 625 0 555 652
625 527 0 555 556
625 626 0 556 653
626 546 0 556 575
239 580 0 557 582
238 239 0 557 2065
606 607 0 558 583
607 581 0 558 559
580 606 0 558 582
607 608 0 559 584
608 582 0 559 560
608 609 0 560 585
609 583 0 560 561
609 610 0 561 586
610 584 0 561 562
610 611 0 562 587
611 585 0 562 563
611 612 0 563 588
612 586 0 563 564
612 613 0 564 589
613 587 0 564 565
613 614 0 565 590
614 588 0 565 566
614 615 0 566 591
615 589 0 566 567
615 616 0 567 592
616 590 0 567 568
616 617 0 568 593
617 591 0 568 569
617 618 0 569 594
618 592 0 569 570
618 619 0 570 595
619 593 0 570 571
619 620 0 571 596
620 594 0 571 572
620 621 0 572 597
621 595 0 572 573
621 622 0 573 598
622 596 0 573 574
622 623 0 574 599
623 597 2 574 -1
626 627 0 575 654
627 547 0 575 576
627 628 0 576 655
628 548 0 576 577
628 629 0 577 656
629 549 0 577 578
629 630 0 578 675
630 550 2 578 -1
551 631 2 579 -1
631 650 0 579 676
650 552 0 579 580
650 651 0 580 677
651 553 0 580 581
651 652 0 581 678
652 572 0 581 600
240 606 0 582 607
239 240 0 582 2063
632 633 0 583 608
633 607 0 583 584
606 632 0 583 607
633 634 0 584 609
634 608 0 584 585
634 635 0 585 610
635 609 0 585 586
635 636 0 586 611
636 610 0 586 587
636 637 0 587 612
637 611 0 587 588
637 638 0 588 613
638 612 0 588 589
638 639 0 589 614
639 613 0 589 590
639 640 0 590 615
640 614 0 590 591
640 641 0 591 616
641 615 0 591 592
641 642 0 592 617
642 616 0 592 593
642 643 0 593 618
643 617 0 593 594
643 644 0 594 619
644 618 0 594 595
644 645 0 595 620
645 619 0 595 596
645 646 0 596 621
646 620 0 596 597
646 647 0 597 622
647 621 0 597 598
647 648 0 598 623
648 622 0 598 599
648 649 0 599 624
649 623 2 599 -1
652 653 0 600 679
653 573 0 600 601
653 654 0 601 680
654 574 0 601 602
654 655 0 602 681
655 575 0 602 603
655 656 0 603 700
656 576 0 603 604
656 657 0 604 701
657 577 0 604 605
657 676 0 605 702
676 578 0 605 606
676 677 0 606 703
677 579 0 606 625
241 632 0 607 632
240 241 0 607 2071
658 659 0 608 633
659 633 0 608 609
632 658 0 608 632
659 660 0 609 634
660 634 0 609 610
660 661 0 610 635
661 635 0 610 611
661 662 0 611 636
662 636 0 611 612
662 663 0 612 637
663 637 0 612 613
663 664 0 613 638
664 638 0 613 614
664 665 0 614 639
665 639 0 614 615
665 666 0 615 640
666 640 0 615 616
666 667 0 616 641
667 641 0 616 617
667 668 0 617 642
668 642 0 617 618
668 669 0 618 643
669 643 0 618 619
669 670 0 619 644
670 644 0 619 620
670 671 0 620 645
671 645 0 620 621
671 672 0 621 646
672 646 0 621 622
672 673 0 622 647
673 647 0 622 623
673 674 0 623 648
674 648 0 623 624
674 675 0 624 649
675 649 2 624 -1
677 678 0 625 704
678 598 0 625 626
678 679 0 626 705
679 599 0 626 627
679 680 0 627 706
680 600 0 627 628
680 681 0 628 725
681 601 0 628 629
681 682 0 629 726
682 602 0 629 630
682 683 0 630 727
683 603 0 630 631
683 702 0 631 728
702 604 0 631 650
260 658 0 632 657
241 260 0 632 2075
684 685 0 633 658
685 659 0 633 634
658 684 0 633 657
685 686 0 634 659
686 660 0 634 635
686 687 0 635 660
687 661 0 635 636
687 688 0 636 661
688 662 0 636 637
688 689 0 637 662
689 663 0 637 638
689 690 0 638 663
690 664 0 638 639
690 691 0 639 664
691 665 0 639 640
691 692 0 640 665
692 666 0 640 641
692 693 0 641 666
693 667 0 641 642
693 694 0 642 667
694 668 0 642 643
694 695 0 643 668
695 669 0 643 644
695 696 0 644 669
696 670 0 644 645
696 697 0 645 670
697 671 0 645 646
697 698 0 646 671
698 672 0 646 647
698 699 0 647 672
699 673 0 647 648
699 700 0 648 673
700 674 0 648 649
700 701 0 649 674
701 675 2 649 -1
702 703 0 650 729
703 605 0 650 651
703 704 0 651 730
704 624 0 651 652
704 705 0 652 731
705 625 0 652 653
705 706 0 653 750
706 626 0 653 654
706 707 0 654 751
707 627 0 654 655
707 708 0 655 752
708 628 0 655 656
708 709 0 656 753
709 629 0 656 675
261 684 0 657 682
260 261 0 657 2079
710 711 0 658 683
711 685 0 658 659
684 710 0 658 682
711 712 0 659 684
712 686 0 659 660
712 713 0 660 685
713 687 0 660 661
713 714 0 661 686
714 688 0 661 662
714 715 0 662 687
715 689 0 662 663
715 716 0 663 688
716 690 0 663 664
716 717 0 664 689
717 691 0 664 665
717 718 0 665 690
718 692 0 665 666
718 719 0 666 691
719 693 0 666 667
719 720 0 667 692
720 694 0 667 668
720 721 0 668 693
721 695 0 668 669
721 722 0 669 694
722 696 0 669 670
722 723 0 670 695
723 697 0 670 671
723 724 0 671 696
724 698 0 671 672
724 725 0 672 697
725 699 0 672 673
725 726 0 673 698
726 700 0 673 674
726 727 0 674 699
727 701 2 674 -1
709 728 0 675 754
728 630 2 675 -1
631 729 2 676 -1
729 730 0 676 755
730 650 0 676 677
730 731 0 677 756
731 651 0 677 678
731 732 0 678 1922
732 652 0 678 679
732 733 0 679 1921
733 653 0 679 680
733 734 0 680 1920
734 654 0 680 681
734 735 0 681 1919
735 655 0 681 700
262 710 0 682 707
261 262 0 682 2083
736 737 0 683 708
737 711 0 683 684
710 736 0 683 707
737 738 0 684 709
738 712 0 684 685
738 739 0 685 710
739 713 0 685 686
739 740 0 686 711
740 714 0 686 687
740 741 0 687 712
741 715 0 687 688
741 742 0 688 713
742 716 0 688 689
742 743 0 689 714
743 717 0 689 690
743 744 0 690 715
744 718 0 690 691
744 745 0 691 716
745 719 0 691 692
745 746 0 692 717
746 720 0 692 693
746 747 0 693 718
747 721 0 693 694
747 748 0 694 719
748 722 0 694 695
748 749 0 695 720
749 723 0 695 696
749 750 0 696 721
750 724 0 696 697
750 751 0 697 722
751 725 0 697 698
751 752 0 698 723
752 726 0 698 699
752 753 0 699 724
753 727 2 699 -1
735 754 0 700 1918
754 656 0 700 701
754 755 0 701 1917
755 657 0 701 702
755 756 0 702 1916
756 676 0 702 703
756 757 0 703 1915
757 677 0 703 704
757 758 0 704 1914
758 678 0 704 705
758 759 0 705 1913
759 679 0 705 706
759 760 0 706 1912
760 680 0 706 725
262 263 0 707 2087
762 763 0 708 733
763 737 0 708 709
763 764 0 709 734
764 738 0 709 710
764 765 0 710 735
765 739 0 710 711
765 766 0 711 736
766 740 0 711 712
766 767 0 712 737
767 741 0 712 713
767 768 0 713 738
768 742 0 713 714
768 769 0 714 739
769 743 0 714 715
769 770 0 715 740
770 744 0 715 716
770 771 0 716 741
771 745 0 716 717
771 772 0 717 742
772 746 0 717 718
772 773 0 718 743
773 747 0 718 719
773 774 0 719 744
774 748 0 719 720
774 775 0 720 745
775 749 0 720 721
775 776 0 721 746
776 750 0 721 722
776 777 0 722 747
777 751 0 722 723
777 778 0 723 748
778 752 0 723 724
778 779 0 724 749
779 753 2 724 -1
760 761 0 725 1911
761 681 0 725 726
761 780 0 726 1910
780 682 0 726 727
780 781 0 727 1909
781 683 0 727 728
781 782 0 728 1908
782 702 0 728 729
782 783 0 729 1907
783 703 0 729 730
783 784 0 730 1906
784 704 0 730 731
784 785 0 731 1905
785 705 0 731 750
2225 2224 0 732 2386
788 789 0 733 758
789 763 0 733 734
762 788 0 733 757
789 790 0 734 759
790 764 0 734 735
790 791 0 735 760
791 765 0 735 736
791 792 0 736 761
792 766 0 736 737
792 793 0 737 762
793 767 0 737 738
793 794 0 738 763
794 768 0 738 739
794 795 0 739 764
795 769 0 739 740
795 796 0 740 765
796 770 0 740 741
796 797 0 741 766
797 771 0 741 742
797 798 0 742 767
798 772 0 742 743
798 799 0 743 768
799 773 0 743 744
799 800 0 744 769
800 774 0 744 745
800 801 0 745 770
801 775 0 745 746
801 802 0 746 771
802 776 0 746 747
802 803 0 747 772
803 777 0 747 748
803 804 0 748 773
804 778 0 748 749
804 805 0 749 774
805 779 2 749 -1
785 786 0 750 1904
786 706 0 750 751
786 787 0 751 1903
787 707 0 751 752
787 806 0 752 1902
806 708 0 752 753
806 807 0 753 1901
807 709 0 753 754
807 808 0 754 1900
808 728 2 754 -1
729 809 2 755 -1
809 810 0 755 1899
810 730 0 755 756
810 811 0 756 1898
811 731 0 756 1922
264 265 0 757 2103
814 815 0 758 783
815 789 0 758 759
815 816 0 759 784
816 790 0 759 760
816 817 0 760 785
817 791 0 760 761
817 818 0 761 786
818 792 0 761 762
818 819 0 762 787
819 793 0 762 763
819 820 0 763 788
820 794 0 763 764
820 821 0 764 789
821 795 0 764 765
821 822 0 765 790
822 796 0 765 766
822 823 0 766 791
823 797 0 766 767
823 824 0 767 792
824 798 0 767 768
824 825 0 768 793
825 799 0 768 769
825 826 0 769 794
826 800 0 769 770
826 827 0 770 795
827 801 0 770 771
827 828 0 771 796
828 802 0 771 772
828 829 0 772 797
829 803 0 772 773
829 830 0 773 798
830 804 0 773 774
830 831 0 774 799
831 805 2 774 -1
832 833 0 775 2414
833 292 2 775 -1
292 832 2 775 -1
833 834 0 776 800
834 291 2 776 -1
291 833 2 776 -1
834 835 0 777 801
835 290 2 777 -1
290 834 2 777 -1
835 836 0 778 802
836 289 2 778 -1
289 835 2 778 -1
836 837 0 779 803
837 288 2 779 -1
288 836 2 779 -1
837 838 0 780 804
838 287 2 780 -1
287 837 2 780 -1
838 839 0 781 805
839 286 2 781 -1
286 838 2 781 -1
839 840 0 782 806
840 267 0 782 807
267 839 2 782 -1
840 841 0 783 808
841 815 0 783 784
814 840 0 783 807
841 842 0 784 809
842 816 0 784 785
842 843 0 785 810
843 817 0 785 786
843 844 0 786 811
844 818 0 786 787
844 845 0 787 812
845 819 0 787 788
845 846 0 788 813
846 820 0 788 789
846 847 0 789 814
847 821 0 789 790
847 848 0 790 815
848 822 0 790 791
848 849 0 791 816
849 823 0 791 792
849 850 0 792 817
850 824 0 792 793
850 851 0 793 818
851 825 0 793 794
851 852 0 794 819
852 826 0 794 795
852 853 0 795 820
853 827 0 795 796
853 854 0 796 821
854 828 0 796 797
854 855 0 797 822
855 829 0 797 798
855 856 0 798 823
856 830 0 798 799
856 857 0 799 824
857 831 2 799 -1
859 860 0 800 826
860 834 0 800 801
833 859 0 800 2414
860 861 0 801 827
861 835 0 801 802
861 862 0 802 828
862 836 0 802 803
862 863 0 803 829
863 837 0 803 804
863 864 0 804 830
864 838 0 804 805
864 865 0 805 831
865 839 0 805 806
865 866 0 806 832
866 840 0 806 808
266 267 0 807 2105
866 867 0 808 833
867 841 0 808 809
867 868 0 809 834
868 842 0 809 810
868 869 0 810 835
869 843 0 810 811
869 870 0 811 836
870 844 0 811 812
870 871 0 812 837
871 845 0 812 813
871 872 0 813 838
872 846 0 813 814
872 873 0 814 839
873 847 0 814 815
873 874 0 815 840
874 848 0 815 816
874 875 0 816 841
875 849 0 816 817
875 876 0 817 842
876 850 0 817 818
876 877 0 818 843
877 851 0 818 819
877 878 0 819 844
878 852 0 819 820
878 879 0 820 845
879 853 0 820 821
879 880 0 821 846
880 854 0 821 822
880 881 0 822 847
881 855 0 822 823
881 882 0 823 848
882 856 0 823 824
882 883 0 824 849
883 857 2 824 -1
884 885 0 825 850
885 859 0 825 826
859 858 0 825 2414
858 884 2 825 -1
885 886 0 826 851
886 860 0 826 827
886 887 0 827 852
887 861 0 827 828
887 888 0 828 853
888 862 0 828 829
888 889 0 829 854
889 863 0 829 830
889 890 0 830 855
890 864 0 830 831
890 891 0 831 856
891 865 0 831 832
891 892 0 832 857
892 866 0 832 833
892 893 0 833 858
893 867 0 833 834
893 894 0 834 859
894 868 0 834 835
894 895 0 835 860
895 869 0 835 836
895 896 0 836 861
896 870 0 836 837
896 897 0 837 862
897 871 0 837 838
897 898 0 838 863
898 872 0 838 839
898 899 0 839 864
899 873 0 839 840
899 900 0 840 865
900 874 0 840 841
900 901 0 841 866
901 875 0 841 842
901 902 0 842 867
902 876 0 842 843
902 903 0 843 868
903 877 0 843 844
903 904 0 844 869
904 878 0 844 845
904 905 0 845 870
905 879 0 845 846
905 906 0 846 871
906 880 0 846 847
906 907 0 847 872
907 881 0 847 848
907 908 0 848 873
908 882 0 848 849
908 909 0 849 874
909 883 2 849 -1
910 911 0 850 875
911 885 0 850 851
884 910 2 850 -1
911 912 0 851 876
912 886 0 851 852
912 913 0 852 877
913 887 0 852 853
913 914 0 853 878
914 888 0 853 854
914 915 0 854 879
915 889 0 854 855
915 916 0 855 880
916 890 0 855 856
916 917 0 856 881
917 891 0 856 857
917 918 0 857 882
918 892 0 857 858
918 919 0 858 883
919 893 0 858 859
919 920 0 859 884
920 894 0 859 860
920 921 0 860 885
921 895 0 860 861
921 922 0 861 886
922 896 0 861 862
922 923 0 862 887
923 897 0 862 863
923 924 0 863 888
924 898 0 863 864
924 925 0 864 889
925 899 0 864 865
925 926 0 865 890
926 900 0 865 866
926 927 0 866 891
927 901 0 866 867
927 928 0 867 892
928 902 0 867 868
928 929 0 868 893
929 903 0 868 869
929 930 0 869 894
930 904 0 869 870
930 931 0 870 895
931 905 0 870 871
931 932 0 871 896
932 906 0 871 872
932 933 0 872 897
933 907 0 872 873
933 934 0 873 898
934 908 0 873 874
934 935 0 874 899
935 909 2 874 -1
936 937 0 875 900
937 911 0 875 876
910 936 2 875 -1
937 938 0 876 901
938 912 0 876 877
938 939 0 877 902
939 913 0 877 878
939 940 0 878 903
940 914 0 878 879
940 941 0 879 904
941 915 0 879 880
941 942 0 880 905
942 916 0 880 881
942 943 0 881 906
943 917 0 881 882
943 944 0 882 907
944 918 0 882 883
944 945 0 883 908
945 919 0 883 884
945 946 0 884 909
946 920 0 884 885
946 947 0 885 910
947 921 0 885 886
947 948 0 886 911
948 922 0 886 887
948 949 0 887 912
949 923 0 887 888
949 950 0 888 913
950 924 0 888 889
950 951 0 889 914
951 925 0 889 890
951 952 0 890 915
952 926 0 890 891
952 953 0 891 916
953 927 0 891 892
953 954 0 892 917
954 928 0 892 893
954 955 0 893 918
955 929 0 893 894
955 956 0 894 919
956 930 0 894 895
956 957 0 895 920
957 931 0 895 896
957 958 0 896 921
958 932 0 896 897
958 959 0 897 922
959 933 0 897 898
959 960 0 898 923
960 934 0 898 899
960 961 0 899 924
961 935 2 899 -1
962 963 0 900 925
963 937 0 900 901
936 962 2 900 -1
963 964 0 901 926
964 938 0 901 902
964 965 0 902 927
965 939 0 902 903
965 966 0 903 928
966 940 0 903 904
966 967 0 904 929
967 941 0 904 905
967 968 0 905 930
968 942 0 905 906
968 969 0 906 931
969 943 0 906 907
969 970 0 907 932
970 944 0 907 908
970 971 0 908 933
971 945 0 908 909
971 972 0 909 934
972 946 0 909 910
972 973 0 910 935
973 947 0 910 911
973 974 0 911 936
974 948 0 911 912
974 975 0 912 937
975 949 0 912 913
975 976 0 913 938
976 950 0 913 914
976 977 0 914 939
977 951 0 914 915
977 978 0 915 940
978 952 0 915 916
978 979 0 916 941
979 953 0 916 917
979 980 0 917 942
980 954 0 917 918
980 981 0 918 943
981 955 0 918 919
981 982 0 919 944
982 956 0 919 920
982 983 0 920 945
983 957 0 920 921
983 984 0 921 946
984 958 0 921 922
984 985 0 922 947
985 959 0 922 923
985 986 0 923 948
986 960 0 923 924
986 987 0 924 949
987 961 2 924 -1
988 989 0 925 950
989 963 0 925 926
962 988 2 925 -1
989 990 0 926 951
990 964 0 926 927
990 991 0 927 952
991 965 0 927 928
991 992 0 928 953
992 966 0 928 929
992 993 0 929 954
993 967 0 929 930
993 994 0 930 955
994 968 0 930 931
994 995 0 931 956
995 969 0 931 932
995 996 0 932 957
996 970 0 932 933
996 997 0 933 958
997 971 0 933 934
997 998 0 934 959
998 972 0 934 935
998 999 0 935 960
999 973 0 935 936
999 1000 0 936 961
1000 974 0 936 937
1000 1001 0 937 962
1001 975 0 937 938
1001 1002 0 938 963
1002 976 0 938 939
1002 1003 0 939 964
1003 977 0 939 940
1003 1004 0 940 965
1004 978 0 940 941
1004 1005 0 941 966
1005 979 0 941 942
1005 1006 0 942 967
1006 980 0 942 943
1006 1007 0 943 968
1007 981 0 943 944
1007 1008 0 944 969
1008 982 0 944 945
1008 1009 0 945 970
1009 983 0 945 946
1009 1010 0 946 971
1010 984 0 946 947
1010 1011 0 947 972
1011 985 0 947 948
1011 1012 0 948 973
1012 986 0 948 949
1012 1013 0 949 974
1013 987 2 949 -1
1014 1015 0 950 975
1015 989 0 950 951
988 1014 2 950 -1
1015 1016 0 951 976
1016 990 0 951 952
1016 1017 0 952 977
1017 991 0 952 953
1017 1018 0 953 978
1018 992 0 953 954
1018 1019 0 954 979
1019 993 0 954 955
1019 1020 0 955 980
1020 994 0 955 956
1020 1021 0 956 981
1021 995 0 956 957
1021 1022 0 957 982
1022 996 0 957 958
1022 1023 0 958 983
1023 997 0 958 959
1023 1024 0 959 984
1024 998 0 959 960
1024 1025 0 960 985
1025 999 0 960 961
1025 1026 0 961 986
1026 1000 0 961 962
1026 1027 0 962 987
1027 1001 0 962 963
1027 1028 0 963 988
1028 1002 0 963 964
1028 1029 0 964 989
1029 1003 0 964 965
1029 1030 0 965 990
1030 1004 0 965 966
1030 1031 0 966 991
1031 1005 0 966 967
1031 1032 0 967 992
1032 1006 0 967 968
1032 1033 0 968 993
1033 1007 0 968 969
1033 1034 0 969 994
1034 1008 0 969 970
1034 1035 0 970 995
1035 1009 0 970 971
1035 1036 0 971 996
1036 1010 0 971 972
1036 1037 0 972 997
1037 1011 0 972 973
1037 1038 0 973 998
1038 1012 0 973 974
1038 1039 0 974 999
1039 1013 2 974 -1
1040 1041 0 975 1000
1041 1015 0 975 976
1014 1040 2 975 -1
1041 1042 0 976 1001
1042 1016 0 976 977
1042 1043 0 977 1002
1043 1017 0 977 978
1043 1044 0 978 1003
1044 1018 0 978 979
1044 1045 0 979 1004
1045 1019 0 979 980
1045 1046 0 980 1005
1046 1020 0 980 981
1046 1047 0 981 1006
1047 1021 0 981 982
1047 1048 0 982 1007
1048 1022 0 982 983
1048 1049 0 983 1008
1049 1023 0 983 984
1049 1050 0 984 1009
1050 1024 0 984 985
1050 1051 0 985 1010
1051 1025 0 985 986
1051 1052 0 986 1011
1052 1026 0 986 987
1052 1053 0 987 1012
1053 1027 0 987 988
1053 1054 0 988 1013
1054 1028 0 988 989
1054 1055 0 989 1014
1055 1029 0 989 990
1055 1056 0 990 1015
1056 1030 0 990 991
1056 1057 0 991 1016
1057 1031 0 991 992
1057 1058 0 992 1017
1058 1032 0 992 993
1058 1059 0 993 1018
1059 1033 0 993 994
1059 1060 0 994 1019
1060 1034 0 994 995
1060 1061 0 995 1020
1061 1035 0 995 996
1061 1062 0 996 1021
1062 1036 0 996 997
1062 1063 0 997 1022
1063 1037 0 997 998
1063 1064 0 998 1023
1064 1038 0 998 999
1064 1065 0 999 1024
1065 1039 2 999 -1
1066 1067 0 1000 1025
1067 1041 0 1000 1001
1040 1066 2 1000 -1
1067 1068 0 1001 1026
1068 1042 0 1001 1002
1068 1069 0 1002 1027
1069 1043 0 1002 1003
1069 1070 0 1003 1028
1070 1044 0 1003 1004
1070 1071 0 1004 1029
1071 1045 0 1004 1005
1071 1072 0 1005 1030
1072 1046 0 1005 1006
1072 1073 0 1006 1031
1073 1047 0 1006 1007
1073 1074 0 1007 1032
1074 1048 0 1007 1008
1074 1075 0 1008 1033
1075 1049 0 1008 1009
1075 1076 0 1009 1034
1076 1050 0 1009 1010
1076 1077 0 1010 1035
1077 1051 0 1010 1011
1077 1078 0 1011 1036
1078 1052 0 1011 1012
1078 1079 0 1012 1037
1079 1053 0 1012 1013
1079 1080 0 1013 1038
1080 1054 0 1013 1014
1080 1081 0 1014 1039
1081 1055 0 1014 1015
1081 1082 0 1015 1040
1082 1056 0 1015 1016
1082 1083 0 1016 1041
1083 1057 0 1016 1017
1083 1084 0 1017 1042
1084 1058 0 1017 1018
1084 1085 0 1018 1043
1085 1059 0 1018 1019
1085 1086 0 1019 1044
1086 1060 0 1019 1020
1086 1087 0 1020 1045
1087 1061 0 1020 1021
1087 1088 0 1021 1046
1088 1062 0 1021 1022
1088 1089 0 1022 1047
1089 1063 0 1022 1023
1089 1090 0 1023 1048
1090 1064 0 1023 1024
1090 1091 0 1024 1049
1091 1065 2 1024 -1
1092 1093 0 1025 1050
1093 1067 0 1025 1026
1066 1092 2 1025 -1
1093 1094 0 1026 1051
1094 1068 0 1026 1027
1094 1095 0 1027 1052
1095 1069 0 1027 1028
1095 1096 0 1028 1053
1096 1070 0 1028 1029
1096 1097 0 1029 1054
1097 1071 0 1029 1030
1097 1098 0 1030 1055
1098 1072 0 1030 1031
1098 1099 0 1031 1056
1099 1073 0 1031 1032
1099 1100 0 1032 1057
1100 1074 0 1032 1033
1100 1101 0 1033 1058
1101 1075 0 1033 1034
1101 1102 0 1034 1059
1102 1076 0 1034 1035
1102 1103 0 1035 1060
1103 1077 0 1035 1036
1103 1104 0 1036 1061
1104 1078 0 1036 1037
1104 1105 0 1037 1062
1105 1079 0 1037 1038
1105 1106 0 1038 1063
1106 1080 0 1038 1039
1106 1107 0 1039 1064
1107 1081 0 1039 1040
1107 1108 0 1040 1065
1108 1082 0 1040 1041
1108 1109 0 1041 1066
1109 1083 0 1041 1042
1109 1110 0 1042 1067
1110 1084 0 1042 1043
1110 1111 0 1043 1068
1111 1085 0 1043 1044
1111 1112 0 1044 1069
1112 1086 0 1044 1045
1112 1113 0 1045 1070
1113 1087 0 1045 1046
1113 1114 0 1046 1071
1114 1088 0 1046 1047
1114 1115 0 1047 1072
1115 1089 0 1047 1048
1115 1116 0 1048 1073
1116 1090 0 1048 1049
1116 1117 0 1049 1074
1117 1091 2 1049 -1
1118 1119 0 1050 1075
1119 1093 0 1050 1051
1092 1118 2 1050 -1
1119 1120 0 1051 1076
1120 1094 0 1051 1052
1120 1121 0 1052 1077
1121 1095 0 1052 1053
1121 1122 0 1053 1078
1122 1096 0 1053 1054
1122 1123 0 1054 1079
1123 1097 0 1054 1055
1123 1124 0 1055 1080
1124 1098 0 1055 1056
1124 1125 0 1056 1081
1125 1099 0 1056 1057
1125 1126 0 1057 1082
1126 1100 0 1057 1058
1126 1127 0 1058 1083
1127 1101 0 1058 1059
1127 1128 0 1059 1084
1128 1102 0 1059 1060
1128 1129 0 1060 1085
1129 1103 0 1060 1061
1129 1130 0 1061 1086
1130 1104 0 1061 1062
1130 1131 0 1062 1087
1131 1105 0 1062 1063
1131 1132 0 1063 1088
1132 1106 0 1063 1064
1132 1133 0 1064 1089
1133 1107 0 1064 1065
1133 1134 0 1065 1090
1134 1108 0 1065 1066
1134 1135 0 1066 1091
1135 1109 0 1066 1067
1135 1136 0 1067 1092
1136 1110 0 1067 1068
1136 1137 0 1068 1093
1137 1111 0 1068 1069
1137 1138 0 1069 1094
1138 1112 0 1069 1070
1138 1139 0 1070 1095
1139 1113 0 1070 1071
1139 1140 0 1071 1096
1140 1114 0 1071 1072
1140 1141 0 1072 1097
1141 1115 0 1072 1073
1141 1142 0 1073 1098
1142 1116 0 1073 1074
1142 1143 0 1074 1099
1143 1117 2 1074 -1
1144 1145 0 1075 1100
1145 1119 0 1075 1076
1118 1144 2 1075 -1
1145 1146 0 1076 1101
1146 1120 0 1076 1077
1146 1147 0 1077 1102
1147 1121 0 1077 1078
1147 1148 0 1078 1103
1148 1122 0 1078 1079
1148 1149 0 1079 1104
1149 1123 0 1079 1080
1149 1150 0 1080 1105
1150 1124 0 1080 1081
1150 1151 0 1081 1106
1151 1125 0 1081 1082
1151 1152 0 1082 1107
1152 1126 0 1082 1083
1152 1153 0 1083 1108
1153 1127 0 1083 1084
1153 1154 0 1084 1109
1154 1128 0 1084 1085
1154 1155 0 1085 1110
1155 1129 0 1085 1086
1155 1156 0 1086 1111
1156 1130 0 1086 1087
1156 1157 0 1087 1112
1157 1131 0 1087 1088
1157 1158 0 1088 1113
1158 1132 0 1088 1089
1158 1159 0 1089 1114
1159 1133 0 1089 1090
1159 1160 0 1090 1115
1160 1134 0 1090 1091
1160 1161 0 1091 1116
1161 1135 0 1091 1092
1161 1162 0 1092 1117
1162 1136 0 1092 1093
1162 1163 0 1093 1118
1163 1137 0 1093 1094
1163 1164 0 1094 1119
1164 1138 0 1094 1095
1164 1165 0 1095 1120
1165 1139 0 1095 1096
1165 1166 0 1096 1121
1166 1140 0 1096 1097
1166 1167 0 1097 1122
1167 1141 0 1097 1098
1167 1168 0 1098 1123
1168 1142 0 1098 1099
1168 1169 0 1099 1124
1169 1143 2 1099 -1
1170 1171 0 1100 1125
1171 1145 0 1100 1101
1144 1170 2 1100 -1
1171 1172 0 1101 1126
1172 1146 0 1101 1102
1172 1173 0 1102 1127
1173 1147 0 1102 1103
1173 1174 0 1103 1128
1174 1148 0 1103 1104
1174 1175 0 1104 1129
1175 1149 0 1104 1105
1175 1176 0 1105 1130
1176 1150 0 1105 1106
1176 1177 0 1106 1131
1177 1151 0 1106 1107
1177 1178 0 1107 1132
1178 1152 0 1107 1108
1178 1179 0 1108 1133
1179 1153 0 1108 1109
1179 1180 0 1109 1134
1180 1154 0 1109 1110
1180 1181 0 1110 1135
1181 1155 0 1110 1111
1181 1182 0 1111 1136
1182 1156 0 1111 1112
1182 1183 0 1112 1137
1183 1157 0 1112 1113
1183 1184 0 1113 1138
1184 1158 0 1113 1114
1184 1185 0 1114 1139
1185 1159 0 1114 1115
1185 1186 0 1115 1140
1186 1160 0 1115 1116
1186 1187 0 1116 1141
1187 1161 0 1116 1117
1187 1188 0 1117 1142
1188 1162 0 1117 1118
1188 1189 0 1118 1143
1189 1163 0 1118 1119
1189 1190 0 1119 1144
1190 1164 0 1119 1120
1190 1191 0 1120 1145
1191 1165 0 1120 1121
1191 1192 0 1121 1146
1192 1166 0 1121 1122
1192 1193 0 1122 1147
1193 1167 0 1122 1123
1193 1194 0 1123 1148
1194 1168 0 1123 1124
1194 1195 0 1124 1149
1195 1169 2 1124 -1
1196 1197 0 1125 1150
1197 1171 0 1125 1126
1170 1196 2 1125 -1
1197 1198 0 1126 1151
1198 1172 0 1126 1127
1198 1199 0 1127 1152
1199 1173 0 1127 1128
1199 1200 0 1128 1153
1200 1174 0 1128 1129
1200 1201 0 1129 1154
1201 1175 0 1129 1130
1201 1202 0 1130 1155
1202 1176 0 1130 1131
1202 1203 0 1131 1156
1203 1177 0 1131 1132
1203 1204 0 1132 1157
1204 1178 0 1132 1133
1204 1205 0 1133 1158
1205 1179 0 1133 1134
1205 1206 0 1134 1159
1206 1180 0 1134 1135
1206 1207 0 1135 1160
1207 1181 0 1135 1136
1207 1208 0 1136 1161
1208 1182 0 1136 1137
1208 1209 0 1137 1162
1209 1183 0 1137 1138
1209 1210 0 1138 1163
1210 1184 0 1138 1139
1210 1211 0 1139 1164
1211 1185 0 1139 1140
1211 1212 0 1140 1165
1212 1186 0 1140 1141
1212 1213 0 1141 1166
1213 1187 0 1141 1142
1213 1214 0 1142 1167
1214 1188 0 1142 1143
1214 1215 0 1143 1168
1215 1189 0 1143 1144
1215 1216 0 1144 1169
1216 1190 0 1144 1145
1216 1217 0 1145 1170
1217 1191 0 1145 1146
1217 1218 0 1146 1171
1218 1192 0 1146 1147
1218 1219 0 1147 1172
1219 1193 0 1147 1148
1219 1220 0 1148 1173
1220 1194 0 1148 1149
1220 1221 0 1149 1174
1221 1195 2 1149 -1
1222 1223 0 1150 1175
1223 1197 0 1150 1151
1196 1222 2 1150 -1
1223 1224 0 1151 1176
1224 1198 0 1151 1152
1224 1225 0 1152 1177
1225 1199 0 1152 1153
1225 1226 0 1153 1178
1226 1200 0 1153 1154
1226 1227 0 1154 1179
1227 1201 0 1154 1155
1227 1228 0 1155 1180
1228 1202 0 1155 1156
1228 1229 0 1156 1181
1229 1203 0 1156 1157
1229 1230 0 1157 1182
1230 1204 0 1157 1158
1230 1231 0 1158 1183
1231 1205 0 1158 1159
1231 1232 0 1159 1184
1232 1206 0 1159 1160
1232 1233 0 1160 1185
1233 1207 0 1160 1161
1233 1234 0 1161 1186
1234 1208 0 1161 1162
1234 1235 0 1162 1187
1235 1209 0 1162 1163
1235 1236 0 1163 1188
1236 1210 0 1163 1164
1236 1237 0 1164 1189
1237 1211 0 1164 1165
1237 1238 0 1165 1190
1238 1212 0 1165 1166
1238 1239 0 1166 1191
1239 1213 0 1166 1167
1239 1240 0 1167 1192
1240 1214 0 1167 1168
1240 1241 0 1168 1193
1241 1215 0 1168 1169
1241 1242 0 1169 1194
1242 1216 0 1169 1170
1242 1243 0 1170 1195
1243 1217 0 1170 1171
1243 1244 0 1171 1196
1244 1218 0 1171 1172
1244 1245 0 1172 1197
1245 1219 0 1172 1173
1245 1246 0 1173 1198
1246 1220 0 1173 1174
1246 1247 0 1174 1199
1247 1221 2 1174 -1
1248 1249 0 1175 1200
1249 1223 0 1175 1176
1222 1248 2 1175 -1
1249 1250 0 1176 1201
1250 1224 0 1176 1177
1250 1251 0 1177 1202
1251 1225 0 1177 1178
1251 1252 0 1178 1203
1252 1226 0 1178 1179
1252 1253 0 1179 1204
1253 1227 0 1179 1180
1253 1254 0 1180 1205
1254 1228 0 1180 1181
1254 1255 0 1181 1206
1255 1229 0 1181 1182
1255 1256 0 1182 1207
1256 1230 0 1182 1183
1256 1257 0 1183 1208
1257 1231 0 1183 1184
1257 1258 0 1184 1209
1258 1232 0 1184 1185
1258 1259 0 1185 1210
1259 1233 0 1185 1186
1259 1260 0 1186 1211
1260 1234 0 1186 1187
1260 1261 0 1187 1212
1261 1235 0 1187 1188
1261 1262 0 1188 1213
1262 1236 0 1188 1189
1262 1263 0 1189 1214
1263 1237 0 1189 1190
1263 1264 0 1190 1215
1264 1238 0 1190 1191
1264 1265 0 1191 1216
1265 1239 0 1191 1192
1265 1266 0 1192 1217
1266 1240 0 1192 1193
1266 1267 0 1193 1218
1267 1241 0 1193 1194
1267 1268 0 1194 1219
1268 1242 0 1194 1195
1268 1269 0 1195 1220
1269 1243 0 1195 1196
1269 1270 0 1196 1221
1270 1244 0 1196 1197
1270 1271 0 1197 1222
1271 1245 0 1197 1198
1271 1272 0 1198 1223
1272 1246 0 1198 1199
1272 1273 0 1199 1224
1273 1247 2 1199 -1
1274 1275 0 1200 1225
1275 1249 0 1200 1201
1248 1274 2 1200 -1
1275 1276 0 1201 1226
1276 1250 0 1201 1202
1276 1277 0 1202 1227
1277 1251 0 1202 1203
1277 1278 0 1203 1228
1278 1252 0 1203 1204
1278 1279 0 1204 1229
1279 1253 0 1204 1205
1279 1280 0 1205 1230
1280 1254 0 1205 1206
1280 1281 0 1206 1231
1281 1255 0 1206 1207
1281 1282 0 1207 1232
1282 1256 0 1207 1208
1282 1283 0 1208 1233
1283 1257 0 1208 1209
1283 1284 0 1209 1234
1284 1258 0 1209 1210
1284 1285 0 1210 1235
1285 1259 0 1210 1211
1285 1286 0 1211 1236
1286 1260 0 1211 1212
1286 1287 0 1212 1237
1287 1261 0 1212 1213
1287 1288 0 1213 1238
1288 1262 0 1213 1214
1288 1289 0 1214 1239
1289 1263 0 1214 1215
1289 1290 0 1215 1240
1290 1264 0 1215 1216
1290 1291 0 1216 1241
1291 1265 0 1216 1217
1291 1292 0 1217 1242
1292 1266 0 1217 1218
1292 1293 0 1218 1243
1293 1267 0 1218 1219
1293 1294 0 1219 1244
1294 1268 0 1219 1220
1294 1295 0 1220 1245
1295 1269 0 1220 1221
1295 1296 0 1221 1246
1296 1270 0 1221 1222
1296 1297 0 1222 1247
1297 1271 0 1222 1223
1297 1298 0 1223 1248
1298 1272 0 1223 1224
1298 1299 0 1224 1249
1299 1273 2 1224 -1
1300 1301 0 1225 1250
1301 1275 0 1225 1226
1274 1300 2 1225 -1
1301 1302 0 1226 1251
1302 1276 0 1226 1227
1302 1303 0 1227 1252
1303 1277 0 1227 1228
1303 1304 0 1228 1253
1304 1278 0 1228 1229
1304 1305 0 1229 1254
1305 1279 0 1229 1230
1305 1306 0 1230 1255
1306 1280 0 1230 1231
1306 1307 0 1231 1256
1307 1281 0 1231 1232
1307 1308 0 1232 1257
1308 1282 0 1232 1233
1308 1309 0 1233 1258
1309 1283 0 1233 1234
1309 1310 0 1234 1259
1310 1284 0 1234 1235
1310 1311 0 1235 1260
1311 1285 0 1235 1236
1311 1312 0 1236 1261
1312 1286 0 1236 1237
1312 1313 0 1237 1262
1313 1287 0 1237 1238
1313 1314 0 1238 1263
1314 1288 0 1238 1239
1314 1315 0 1239 1264
1315 1289 0 1239 1240
1315 1316 0 1240 1265
1316 1290 0 1240 1241
1316 1317 0 1241 1266
1317 1291 0 1241 1242
1317 1318 0 1242 1267
1318 1292 0 1242 1243
1318 1319 0 1243 1268
1319 1293 0 1243 1244
1319 1320 0 1244 1269
1320 1294 0 1244 1245
1320 1321 0 1245 1270
1321 1295 0 1245 1246
1321 1322 0 1246 1271
1322 1296 0 1246 1247
1322 1323 0 1247 1272
1323 1297 0 1247 1248
1323 1324 0 1248 1273
1324 1298 0 1248 1249
1324 1325 0 1249 1274
1325 1299 2 1249 -1
1326 1327 0 1250 1275
1327 1301 0 1250 1251
1300 1326 2 1250 -1
1327 1328 0 1251 1276
1328 1302 0 1251 1252
1328 1329 0 1252 1277
1329 1303 0 1252 1253
1329 1330 0 1253 1278
1330 1304 0 1253 1254
1330 1331 0 1254 1279
1331 1305 0 1254 1255
1331 1332 0 1255 1280
1332 1306 0 1255 1256
1332 1333 0 1256 1281
1333 1307 0 1256 1257
1333 1334 0 1257 1282
1334 1308 0 1257 1258
1334 1335 0 1258 1283
1335 1309 0 1258 1259
1335 1336 0 1259 1284
1336 1310 0 1259 1260
1336 1337 0 1260 1285
1337 1311 0 1260 1261
1337 1338 0 1261 1286
1338 1312 0 1261 1262
1338 1339 0 1262 1287
1339 1313 0 1262 1263
1339 1340 0 1263 1288
1340 1314 0 1263 1264
1340 1341 0 1264 1289
1341 1315 0 1264 1265
1341 1342 0 1265 1290
1342 1316 0 1265 1266
1342 1343 0 1266 1291
1343 1317 0 1266 1267
1343 1344 0 1267 1292
1344 1318 0 1267 1268
1344 1345 0 1268 1293
1345 1319 0 1268 1269
1345 1346 0 1269 1294
1346 1320 0 1269 1270
1346 1347 0 1270 1295
1347 1321 0 1270 1271
1347 1348 0 1271 1296
1348 1322 0 1271 1272
1348 1349 0 1272 1297
1349 1323 0 1272 1273
1349 1350 0 1273 1298
1350 1324 0 1273 1274
1350 1351 0 1274 1299
1351 1325 2 1274 -1
1352 1353 0 1275 1300
1353 1327 0 1275 1276
1326 1352 2 1275 -1
1353 1354 0 1276 1301
1354 1328 0 1276 1277
1354 1355 0 1277 1302
1355 1329 0 1277 1278
1355 1356 0 1278 1303
1356 1330 0 1278 1279
1356 1357 0 1279 1304
1357 1331 0 1279 1280
1357 1358 0 1280 1305
1358 1332 0 1280 1281
1358 1359 0 1281 1306
1359 1333 0 1281 1282
1359 1360 0 1282 1307
1360 1334 0 1282 1283
1360 1361 0 1283 1308
1361 1335 0 1283 1284
1361 1362 0 1284 1309
1362 1336 0 1284 1285
1362 1363 0 1285 1310
1363 1337 0 1285 1286
1363 1364 0 1286 1311
1364 1338 0 1286 1287
1364 1365 0 1287 1312
1365 1339 0 1287 1288
1365 1366 0 1288 1313
1366 1340 0 1288 1289
1366 1367 0 1289 1314
1367 1341 0 1289 1290
1367 1368 0 1290 1315
1368 1342 0 1290 1291
1368 1369 0 1291 1316
1369 1343 0 1291 1292
1369 1370 0 1292 1317
1370 1344 0 1292 1293
1370 1371 0 1293 1318
1371 1345 0 1293 1294
1371 1372 0 1294 1319
1372 1346 0 1294 1295
1372 1373 0 1295 1320
1373 1347 0 1295 1296
1373 1374 0 1296 1321
1374 1348 0 1296 1297
1374 1375 0 1297 1322
1375 1349 0 1297 1298
1375 1376 0 1298 1323
1376 1350 0 1298 1299
1376 1377 0 1299 1324
1377 1351 2 1299 -1
1378 1379 0 1300 1325
1379 1353 0 1300 1301
1352 1378 2 1300 -1
1379 1380 0 1301 1326
1380 1354 0 1301 1302
1380 1381 0 1302 1327
1381 1355 0 1302 1303
1381 1382 0 1303 1328
1382 1356 0 1303 1304
1382 1383 0 1304 1329
1383 1357 0 1304 1305
1383 1384 0 1305 1330
1384 1358 0 1305 1306
1384 1385 0 1306 1331
1385 1359 0 1306 1307
1385 1386 0 1307 1332
1386 1360 0 1307 1308
1386 1387 0 1308 1333
1387 1361 0 1308 1309
1387 1388 0 1309 1334
1388 1362 0 1309 1310
1388 1389 0 1310 1335
1389 1363 0 1310 1311
1389 1390 0 1311 1336
1390 1364 0 1311 1312
1390 1391 0 1312 1337
1391 1365 0 1312 1313
1391 1392 0 1313 1338
1392 1366 0 1313 1314
1392 1393 0 1314 1339
1393 1367 0 1314 1315
1393 1394 0 1315 1340
1394 1368 0 1315 1316
1394 1395 0 1316 1341
1395 1369 0 1316 1317
1395 1396 0 1317 1342
1396 1370 0 1317 1318
1396 1397 0 1318 1343
1397 1371 0 1318 1319
1397 1398 0 1319 1344
1398 1372 0 1319 1320
1398 1399 0 1320 1345
1399 1373 0 1320 1321
1399 1400 0 1321 1346
1400 1374 0 1321 1322
1400 1401 0 1322 1347
1401 1375 0 1322 1323
1401 1402 0 1323 1348
1402 1376 0 1323 1324
1402 1403 0 1324 1349
1403 1377 2 1324 -1
1404 1405 0 1325 1350
1405 1379 0 1325 1326
1378 1404 2 1325 -1
1405 1406 0 1326 1351
1406 1380 0 1326 1327
1406 1407 0 1327 1352
1407 1381 0 1327 1328
1407 1408 0 1328 1353
1408 1382 0 1328 1329
1408 1409 0 1329 1354
1409 1383 0 1329 1330
1409 1410 0 1330 1355
1410 1384 0 1330 1331
1410 1411 0 1331 1356
1411 1385 0 1331 1332
1411 1412 0 1332 1357
1412 1386 0 1332 1333
1412 1413 0 1333 1358
1413 1387 0 1333 1334
1413 1414 0 1334 1359
1414 1388 0 1334 1335
1414 1415 0 1335 1360
1415 1389 0 1335 1336
1415 1416 0 1336 1361
1416 1390 0 1336 1337
1416 1417 0 1337 1362
1417 1391 0 1337 1338
1417 1418 0 1338 1363
1418 1392 0 1338 1339
1418 1419 0 1339 1364
1419 1393 0 1339 1340
1419 1420 0 1340 1365
1420 1394 0 1340 1341
1420 1421 0 1341 1366
1421 1395 0 1341 1342
1421 1422 0 1342 1367
1422 1396 0 1342 1343
1422 1423 0 1343 1368
1423 1397 0 1343 1344
1423 1424 0 1344 1369
1424 1398 0 1344 1345
1424 1425 0 1345 1370
1425 1399 0 1345 1346
1425 1426 0 1346 1371
1426 1400 0 1346 1347
1426 1427 0 1347 1372
1427 1401 0 1347 1348
1427 1428 0 1348 1373
1428 1402 0 1348 1349
1428 1429 0 1349 1374
1429 1403 2 1349 -1
1430 1431 0 1350 1375
1431 1405 0 1350 1351
1404 1430 2 1350 -1
1431 1432 0 1351 1376
1432 1406 0 1351 1352
1432 1433 0 1352 1377
1433 1407 0 1352 1353
1433 1434 0 1353 1378
1434 1408 0 1353 1354
1434 1435 0 1354 1379
1435 1409 0 1354 1355
1435 1436 0 1355 1380
1436 1410 0 1355 1356
1436 1437 0 1356 1381
1437 1411 0 1356 1357
1437 1438 0 1357 1382
1438 1412 0 1357 1358
1438 1439 0 1358 1383
1439 1413 0 1358 1359
1439 1440 0 1359 1384
1440 1414 0 1359 1360
1440 1441 0 1360 1385
1441 1415 0 1360 1361
1441 1442 0 1361 1386
1442 1416 0 1361 1362
1442 1443 0 1362 1387
1443 1417 0 1362 1363
1443 1444 0 1363 1388
1444 1418 0 1363 1364
1444 1445 0 1364 1389
1445 1419 0 1364 1365
1445 1446 0 1365 1390
1446 1420 0 1365 1366
1446 1447 0 1366 1391
1447 1421 0 1366 1367
1447 1448 0 1367 1392
1448 1422 0 1367 1368
1448 1449 0 1368 1393
1449 1423 0 1368 1369
1449 1450 0 1369 1394
1450 1424 0 1369 1370
1450 1451 0 1370 1395
1451 1425 0 1370 1371
1451 1452 0 1371 1396
1452 1426 0 1371 1372
1452 1453 0 1372 1397
1453 1427 0 1372 1373
1453 1454 0 1373 1398
1454 1428 0 1373 1374
1454 1455 0 1374 1399
1455 1429 2 1374 -1
1456 1457 0 1375 1400
1457 1431 0 1375 1376
1430 1456 2 1375 -1
1457 1458 0 1376 1401
1458 1432 0 1376 1377
1458 1459 0 1377 1402
1459 1433 0 1377 1378
1459 1460 0 1378 1403
1460 1434 0 1378 1379
1460 1461 0 1379 1404
1461 1435 0 1379 1380
1461 1462 0 1380 1405
1462 1436 0 1380 1381
1462 1463 0 1381 1406
1463 1437 0 1381 1382
1463 1464 0 1382 1407
1464 1438 0 1382 1383
1464 1465 0 1383 1408
1465 1439 0 1383 1384
1465 1466 0 1384 1409
1466 1440 0 1384 1385
1466 1467 0 1385 1410
1467 1441 0 1385 1386
1467 1468 0 1386 1411
1468 1442 0 1386 1387
1468 1469 0 1387 1412
1469 1443 0 1387 1388
1469 1470 0 1388 1413
1470 1444 0 1388 1389
1470 1471 0 1389 1414
1471 1445 0 1389 1390
1471 1472 0 1390 1415
1472 1446 0 1390 1391
1472 1473 0 1391 1416
1473 1447 0 1391 1392
1473 1474 0 1392 1417
1474 1448 0 1392 1393
1474 1475 0 1393 1418
1475 1449 0 1393 1394
1475 1476 0 1394 1419
1476 1450 0 1394 1395
1476 1477 0 1395 1420
1477 1451 0 1395 1396
1477 1478 0 1396 1421
1478 1452 0 1396 1397
1478 1479 0 1397 1422
1479 1453 0 1397 1398
1479 1480 0 1398 1423
1480 1454 0 1398 1399
1480 1481 0 1399 1424
1481 1455 2 1399 -1
1482 1483 0 1400 1425
1483 1457 0 1400 1401
1456 1482 2 1400 -1
1483 1484 0 1401 1426
1484 1458 0 1401 1402
1484 1485 0 1402 1427
1485 1459 0 1402 1403
1485 1486 0 1403 1428
1486 1460 0 1403 1404
1486 1487 0 1404 1429
1487 1461 0 1404 1405
1487 1488 0 1405 1430
1488 1462 0 1405 1406
1488 1489 0 1406 1431
1489 1463 0 1406 1407
1489 1490 0 1407 1432
1490 1464 0 1407 1408
1490 1491 0 1408 1433
1491 1465 0 1408 1409
1491 1492 0 1409 1434
1492 1466 0 1409 1410
1492 1493 0 1410 1435
1493 1467 0 1410 1411
1493 1494 0 1411 1436
1494 1468 0 1411 1412
1494 1495 0 1412 1437
1495 1469 0 1412 1413
1495 1496 0 1413 1438
1496 1470 0 1413 1414
1496 1497 0 1414 1439
1497 1471 0 1414 1415
1497 1498 0 1415 1440
1498 1472 0 1415 1416
1498 1499 0 1416 1441
1499 1473 0 1416 1417
1499 1500 0 1417 1442
1500 1474 0 1417 1418
1500 1501 0 1418 1443
1501 1475 0 1418 1419
1501 1502 0 1419 1444
1502 1476 0 1419 1420
1502 1503 0 1420 1445
1503 1477 0 1420 1421
1503 1504 0 1421 1446
1504 1478 0 1421 1422
1504 1505 0 1422 1447
1505 1479 0 1422 1423
1505 1506 0 1423 1448
1506 1480 0 1423 1424
1506 1507 0 1424 1449
1507 1481 2 1424 -1
1508 1509 0 1425 1450
1509 1483 0 1425 1426
1482 1508 2 1425 -1
1509 1510 0 1426 1451
1510 1484 0 1426 1427
1510 1511 0 1427 1452
1511 1485 0 1427 1428
1511 1512 0 1428 1453
1512 1486 0 1428 1429
1512 1513 0 1429 1454
1513 1487 0 1429 1430
1513 1514 0 1430 1455
1514 1488 0 1430 1431
1514 1515 0 1431 1456
1515 1489 0 1431 1432
1515 1516 0 1432 1457
1516 1490 0 1432 1433
1516 1517 0 1433 1458
1517 1491 0 1433 1434
1517 1518 0 1434 1459
1518 1492 0 1434 1435
1518 1519 0 1435 1460
1519 1493 0 1435 1436
1519 1520 0 1436 1461
1520 1494 0 1436 1437
1520 1521 0 1437 1462
1521 1495 0 1437 1438
1521 1522 0 1438 1463
1522 1496 0 1438 1439
1522 1523 0 1439 1464
1523 1497 0 1439 1440
1523 1524 0 1440 1465
1524 1498 0 1440 1441
1524 1525 0 1441 1466
1525 1499 0 1441 1442
1525 1526 0 1442 1467
1526 1500 0 1442 1443
1526 1527 0 1443 1468
1527 1501 0 1443 1444
1527 1528 0 1444 1469
1528 1502 0 1444 1445
1528 1529 0 1445 1470
1529 1503 0 1445 1446
1529 1530 0 1446 1471
1530 1504 0 1446 1447
1530 1531 0 1447 1472
1531 1505 0 1447 1448
1531 1532 0 1448 1473
1532 1506 0 1448 1449
1532 1533 0 1449 1474
1533 1507 2 1449 -1
1534 1535 0 1450 1475
1535 1509 0 1450 1451
1508 1534 2 1450 -1
1535 1536 0 1451 1476
1536 1510 0 1451 1452
1536 1537 0 1452 1477
1537 1511 0 1452 1453
1537 1538 0 1453 1478
1538 1512 0 1453 1454
1538 1539 0 1454 1479
1539 1513 0 1454 1455
1539 1540 0 1455 1480
1540 1514 0 1455 1456
1540 1541 0 1456 1481
1541 1515 0 1456 1457
1541 1542 0 1457 1482
1542 1516 0 1457 1458
1542 1543 0 1458 1483
1543 1517 0 1458 1459
1543 1544 0 1459 1484
1544 1518 0 1459 1460
1544 1545 0 1460 1485
1545 1519 0 1460 1461
1545 1546 0 1461 1486
1546 1520 0 1461 1462
1546 1547 0 1462 1487
1547 1521 0 1462 1463
1547 1548 0 1463 1488
1548 1522 0 1463 1464
1548 1549 0 1464 1489
1549 1523 0 1464 1465
1549 1550 0 1465 1490
1550 1524 0 1465 1466
1550 1551 0 1466 1491
1551 1525 0 1466 1467
1551 1552 0 1467 1492
1552 1526 0 1467 1468
1552 1553 0 1468 1493
1553 1527 0 1468 1469
1553 1554 0 1469 1494
1554 1528 0 1469 1470
1554 1555 0 1470 1495
1555 1529 0 1470 1471
1555 1556 0 1471 1496
1556 1530 0 1471 1472
1556 1557 0 1472 1497
1557 1531 0 1472 1473
1557 1558 0 1473 1498
1558 1532 0 1473 1474
1558 1559 0 1474 1499
1559 1533 2 1474 -1
1560 1561 0 1475 1500
1561 1535 0 1475 1476
1534 1560 2 1475 -1
1561 1562 0 1476 1501
1562 1536 0 1476 1477
1562 1563 0 1477 1502
1563 1537 0 1477 1478
1563 1564 0 1478 1503
1564 1538 0 1478 1479
1564 1565 0 1479 1504
1565 1539 0 1479 1480
1565 1566 0 1480 1505
1566 1540 0 1480 1481
1566 1567 0 1481 1506
1567 1541 0 1481 1482
1567 1568 0 1482 1507
1568 1542 0 1482 1483
1568 1569 0 1483 1508
1569 1543 0 1483 1484
1569 1570 0 1484 1509
1570 1544 0 1484 1485
1570 1571 0 1485 1510
1571 1545 0 1485 1486
1571 1572 0 1486 1511
1572 1546 0 1486 1487
1572 1573 0 1487 1512
1573 1547 0 1487 1488
1573 1574 0 1488 1513
1574 1548 0 1488 1489
1574 1575 0 1489 1514
1575 1549 0 1489 1490
1575 1576 0 1490 1515
1576 1550 0 1490 1491
1576 1577 0 1491 1516
1577 1551 0 1491 1492
1577 1578 0 1492 1517
1578 1552 0 1492 1493
1578 1579 0 1493 1518
1579 1553 0 1493 1494
1579 1580 0 1494 1519
1580 1554 0 1494 1495
1580 1581 0 1495 1520
1581 1555 0 1495 1496
1581 1582 0 1496 1521
1582 1556 0 1496 1497
1582 1583 0 1497 1522
1583 1557 0 1497 1498
1583 1584 0 1498 1523
1584 1558 0 1498 1499
1584 1585 0 1499 1524
1585 1559 2 1499 -1
1586 1587 0 1500 1525
1587 1561 0 1500 1501
1560 1586 2 1500 -1
1587 1588 0 1501 1526
1588 1562 0 1501 1502
1588 1589 0 1502 1527
1589 1563 0 1502 1503
1589 1590 0 1503 1528
1590 1564 0 1503 1504
1590 1591 0 1504 1529
1591 1565 0 1504 1505
1591 1592 0 1505 1530
1592 1566 0 1505 1506
1592 1593 0 1506 1531
1593 1567 0 1506 1507
1593 1594 0 1507 1532
1594 1568 0 1507 1508
1594 1595 0 1508 1533
1595 1569 0 1508 1509
1595 1596 0 1509 1534
1596 1570 0 1509 1510
1596 1597 0 1510 1535
1597 1571 0 1510 1511
1597 1598 0 1511 1536
1598 1572 0 1511 1512
1598 1599 0 1512 1537
1599 1573 0 1512 1513
1599 1600 0 1513 1538
1600 1574 0 1513 1514
1600 1601 0 1514 1539
1601 1575 0 1514 1515
1601 1602 0 1515 1540
1602 1576 0 1515 1516
1602 1603 0 1516 1541
1603 1577 0 1516 1517
1603 1604 0 1517 1542
1604 1578 0 1517 1518
1604 1605 0 1518 1543
1605 1579 0 1518 1519
1605 1606 0 1519 1544
1606 1580 0 1519 1520
1606 1607 0 1520 1545
1607 1581 0 1520 1521
1607 1608 0 1521 1546
1608 1582 0 1521 1522
1608 1609 0 1522 1547
1609 1583 0 1522 1523
1609 1610 0 1523 1548
1610 1584 0 1523 1524
1610 1611 0 1524 1549
1611 1585 2 1524 -1
1612 1613 0 1525 1550
1613 1587 0 1525 1526
1586 1612 2 1525 -1
1613 1614 0 1526 1551
1614 1588 0 1526 1527
1614 1615 0 1527 1552
1615 1589 0 1527 1528
1615 1616 0 1528 1553
1616 1590 0 1528 1529
1616 1617 0 1529 1554
1617 1591 0 1529 1530
1617 1618 0 1530 1555
1618 1592 0 1530 1531
1618 1619 0 1531 1556
1619 1593 0 1531 1532
1619 1620 0 1532 1557
1620 1594 0 1532 1533
1620 1621 0 1533 1558
1621 1595 0 1533 1534
1621 1622 0 1534 1559
1622 1596 0 1534 1535
1622 1623 0 1535 1560
1623 1597 0 1535 1536
1623 1624 0 1536 1561
1624 1598 0 1536 1537
1624 1625 0 1537 1562
1625 1599 0 1537 1538
1625 1626 0 1538 1563
1626 1600 0 1538 1539
1626 1627 0 1539 1564
1627 1601 0 1539 1540
1627 1628 0 1540 1565
1628 1602 0 1540 1541
1628 1629 0 1541 1566
1629 1603 0 1541 1542
1629 1630 0 1542 1567
1630 1604 0 1542 1543
1630 1631 0 1543 1568
1631 1605 0 1543 1544
1631 1632 0 1544 1569
1632 1606 0 1544 1545
1632 1633 0 1545 1570
1633 1607 0 1545 1546
1633 1634 0 1546 1571
1634 1608 0 1546 1547
1634 1635 0 1547 1572
1635 1609 0 1547 1548
1635 1636 0 1548 1573
1636 1610 0 1548 1549
1636 1637 0 1549 1574
1637 1611 2 1549 -1
1638 1639 0 1550 1575
1639 1613 0 1550 1551
1612 1638 2 1550 -1
1639 1640 0 1551 1576
1640 1614 0 1551 1552
1640 1641 0 1552 1577
1641 1615 0 1552 1553
1641 1642 0 1553 1578
1642 1616 0 1553 1554
1642 1643 0 1554 1579
1643 1617 0 1554 1555
1643 1644 0 1555 1580
1644 1618 0 1555 1556
1644 1645 0 1556 1581
1645 1619 0 1556 1557
1645 1646 0 1557 1582
1646 1620 0 1557 1558
1646 1647 0 1558 1583
1647 1621 0 1558 1559
1647 1648 0 1559 1584
1648 1622 0 1559 1560
1648 1649 0 1560 1585
1649 1623 0 1560 1561
1649 1650 0 1561 1586
1650 1624 0 1561 1562
1650 1651 0 1562 1587
1651 1625 0 1562 1563
1651 1652 0 1563 1588
1652 1626 0 1563 1564
1652 1653 0 1564 1589
1653 1627 0 1564 1565
1653 1654 0 1565 1590
1654 1628 0 1565 1566
1654 1655 0 1566 1591
1655 1629 0 1566 1567
1655 1656 0 1567 1592
1656 1630 0 1567 1568
1656 1657 0 1568 1593
1657 1631 0 1568 1569
1657 1658 0 1569 1594
1658 1632 0 1569 1570
1658 1659 0 1570 1595
1659 1633 0 1570 1571
1659 1660 0 1571 1596
1660 1634 0 1571 1572
1660 1661 0 1572 1597
1661 1635 0 1572 1573
1661 1662 0 1573 1598
1662 1636 0 1573 1574
1662 1663 0 1574 1599
1663 1637 2 1574 -1
1664 1665 0 1575 1600
1665 1639 0 1575 1576
1638 1664 2 1575 -1
1665 1666 0 1576 1601
1666 1640 0 1576 1577
1666 1667 0 1577 1602
1667 1641 0 1577 1578
1667 1668 0 1578 1603
1668 1642 0 1578 1579
1668 1669 0 1579 1604
1669 1643 0 1579 1580
1669 1670 0 1580 1605
1670 1644 0 1580 1581
1670 1671 0 1581 1606
1671 1645 0 1581 1582
1671 1672 0 1582 1607
1672 1646 0 1582 1583
1672 1673 0 1583 1608
1673 1647 0 1583 1584
1673 1674 0 1584 1609
1674 1648 0 1584 1585
1674 1675 0 1585 1610
1675 1649 0 1585 1586
1675 1676 0 1586 1611
1676 1650 0 1586 1587
1676 1677 0 1587 1612
1677 1651 0 1587 1588
1677 1678 0 1588 1613
1678 1652 0 1588 1589
1678 1679 0 1589 1614
1679 1653 0 1589 1590
1679 1680 0 1590 1615
1680 1654 0 1590 1591
1680 1681 0 1591 1616
1681 1655 0 1591 1592
1681 1682 0 1592 1617
1682 1656 0 1592 1593
1682 1683 0 1593 1618
1683 1657 0 1593 1594
1683 1684 0 1594 1619
1684 1658 0 1594 1595
1684 1685 0 1595 1620
1685 1659 0 1595 1596
1685 1686 0 1596 1621
1686 1660 0 1596 1597
1686 1687 0 1597 1622
1687 1661 0 1597 1598
1687 1688 0 1598 1623
1688 1662 0 1598 1599
1688 1689 0 1599 1624
1689 1663 2 1599 -1
1690 1691 0 1600 1625
1691 1665 0 1600 1601
1664 1690 2 1600 -1
1691 1692 0 1601 1626
1692 1666 0 1601 1602
1692 1693 0 1602 1627
1693 1667 0 1602 1603
1693 1694 0 1603 1628
1694 1668 0 1603 1604
1694 1695 0 1604 1629
1695 1669 0 1604 1605
1695 1696 0 1605 1630
1696 1670 0 1605 1606
1696 1697 0 1606 1631
1697 1671 0 1606 1607
1697 1698 0 1607 1632
1698 1672 0 1607 1608
1698 1699 0 1608 1633
1699 1673 0 1608 1609
1699 1700 0 1609 1634
1700 1674 0 1609 1610
1700 1701 0 1610 1635
1701 1675 0 1610 1611
1701 1702 0 1611 1636
1702 1676 0 1611 1612
1702 1703 0 1612 1637
1703 1677 0 1612 1613
1703 1704 0 1613 1638
1704 1678 0 1613 1614
1704 1705 0 1614 1639
1705 1679 0 1614 1615
1705 1706 0 1615 1640
1706 1680 0 1615 1616
1706 1707 0 1616 1641
1707 1681 0 1616 1617
1707 1708 0 1617 1642
1708 1682 0 1617 1618
1708 1709 0 1618 1643
1709 1683 0 1618 1619
1709 1710 0 1619 1644
1710 1684 0 1619 1620
1710 1711 0 1620 1645
1711 1685 0 1620 1621
1711 1712 0 1621 1646
1712 1686 0 1621 1622
1712 1713 0 1622 1647
1713 1687 0 1622 1623
1713 1714 0 1623 1648
1714 1688 0 1623 1624
1714 1715 0 1624 1649
1715 1689 2 1624 -1
1716 1717 0 1625 1650
1717 1691 0 1625 1626
1690 1716 2 1625 -1
1717 1718 0 1626 1651
1718 1692 0 1626 1627
1718 1719 0 1627 1652
1719 1693 0 1627 1628
1719 1720 0 1628 1653
1720 1694 0 1628 1629
1720 1721 0 1629 1654
1721 1695 0 1629 1630
1721 1722 0 1630 1655
1722 1696 0 1630 1631
1722 1723 0 1631 1656
1723 1697 0 1631 1632
1723 1724 0 1632 1657
1724 1698 0 1632 1633
1724 1725 0 1633 1658
1725 1699 0 1633 1634
1725 1726 0 1634 1659
1726 1700 0 1634 1635
1726 1727 0 1635 1660
1727 1701 0 1635 1636
1727 1728 0 1636 1661
1728 1702 0 1636 1637
1728 1729 0 1637 1662
1729 1703 0 1637 1638
1729 1730 0 1638 1663
1730 1704 0 1638 1639
1730 1731 0 1639 1664
1731 1705 0 1639 1640
1731 1732 0 1640 1665
1732 1706 0 1640 1641
1732 1733 0 1641 1666
1733 1707 0 1641 1642
1733 1734 0 1642 1667
1734 1708 0 1642 1643
1734 1735 0 1643 1668
1735 1709 0 1643 1644
1735 1736 0 1644 1669
1736 1710 0 1644 1645
1736 1737 0 1645 1670
1737 1711 0 1645 1646
1737 1738 0 1646 1671
1738 1712 0 1646 1647
1738 1739 0 1647 1672
1739 1713 0 1647 1648
1739 1740 0 1648 1673
1740 1714 0 1648 1649
1740 1741 0 1649 1674
1741 1715 2 1649 -1
1742 1743 0 1650 1675
1743 1717 0 1650 1651
1716 1742 2 1650 -1
1743 1744 0 1651 1676
1744 1718 0 1651 1652
1744 1745 0 1652 1677
1745 1719 0 1652 1653
1745 1746 0 1653 1678
1746 1720 0 1653 1654
1746 1747 0 1654 1679
1747 1721 0 1654 1655
1747 1748 0 1655 1680
1748 1722 0 1655 1656
1748 1749 0 1656 1681
1749 1723 0 1656 1657
1749 1750 0 1657 1682
1750 1724 0 1657 1658
1750 1751 0 1658 1683
1751 1725 0 1658 1659
1751 1752 0 1659 1684
1752 1726 0 1659 1660
1752 1753 0 1660 1685
1753 1727 0 1660 1661
1753 1754 0 1661 1686
1754 1728 0 1661 1662
1754 1755 0 1662 1687
1755 1729 0 1662 1663
1755 1756 0 1663 1688
1756 1730 0 1663 1664
1756 1757 0 1664 1689
1757 1731 0 1664 1665
1757 1758 0 1665 1690
1758 1732 0 1665 1666
1758 1759 0 1666 1691
1759 1733 0 1666 1667
1759 1760 0 1667 1692
1760 1734 0 1667 1668
1760 1761 0 1668 1693
1761 1735 0 1668 1669
1761 1762 0 1669 1694
1762 1736 0 1669 1670
1762 1763 0 1670 1695
1763 1737 0 1670 1671
1763 1764 0 1671 1696
1764 1738 0 1671 1672
1764 1765 0 1672 1697
1765 1739 0 1672 1673
1765 1766 0 1673 1698
1766 1740 0 1673 1674
1766 1767 0 1674 1699
1767 1741 2 1674 -1
1768 1769 0 1675 1700
1769 1743 0 1675 1676
1742 1768 2 1675 -1
1769 1770 0 1676 1701
1770 1744 0 1676 1677
1770 1771 0 1677 1702
1771 1745 0 1677 1678
1771 1772 0 1678 1703
1772 1746 0 1678 1679
1772 1773 0 1679 1704
1773 1747 0 1679 1680
1773 1774 0 1680 1705
1774 1748 0 1680 1681
1774 1775 0 1681 1706
1775 1749 0 1681 1682
1775 1776 0 1682 1707
1776 1750 0 1682 1683
1776 1777 0 1683 1708
1777 1751 0 1683 1684
1777 1778 0 1684 1709
1778 1752 0 1684 1685
1778 1779 0 1685 1710
1779 1753 0 1685 1686
1779 1780 0 1686 1711
1780 1754 0 1686 1687
1780 1781 0 1687 1712
1781 1755 0 1687 1688
1781 1782 0 1688 1713
1782 1756 0 1688 1689
1782 1783 0 1689 1714
1783 1757 0 1689 1690
1783 1784 0 1690 1715
1784 1758 0 1690 1691
1784 1785 0 1691 1716
1785 1759 0 1691 1692
1785 1786 0 1692 1717
1786 1760 0 1692 1693
1786 1787 0 1693 1718
1787 1761 0 1693 1694
1787 1788 0 1694 1719
1788 1762 0 1694 1695
1788 1789 0 1695 1720
1789 1763 0 1695 1696
1789 1790 0 1696 1721
1790 1764 0 1696 1697
1790 1791 0 1697 1722
1791 1765 0 1697 1698
1791 1792 0 1698 1723
1792 1766 0 1698 1699
1792 1793 0 1699 1724
1793 1767 2 1699 -1
1794 1795 0 1700 1725
1795 1769 0 1700 1701
1768 1794 2 1700 -1
1795 1796 0 1701 1726
1796 1770 0 1701 1702
1796 1797 0 1702 1727
1797 1771 0 1702 1703
1797 1798 0 1703 1728
1798 1772 0 1703 1704
1798 1799 0 1704 1729
1799 1773 0 1704 1705
1799 1800 0 1705 1730
1800 1774 0 1705 1706
1800 1801 0 1706 1731
1801 1775 0 1706 1707
1801 1802 0 1707 1732
1802 1776 0 1707 1708
1802 1803 0 1708 1733
1803 1777 0 1708 1709
1803 1804 0 1709 1734
1804 1778 0 1709 1710
1804 1805 0 1710 1735
1805 1779 0 1710 1711
1805 1806 0 1711 1736
1806 1780 0 1711 1712
1806 1807 0 1712 1737
1807 1781 0 1712 1713
1807 1808 0 1713 1738
1808 1782 0 1713 1714
1808 1809 0 1714 1739
1809 1783 0 1714 1715
1809 1810 0 1715 1740
1810 1784 0 1715 1716
1810 1811 0 1716 1741
1811 1785 0 1716 1717
1811 1812 0 1717 1742
1812 1786 0 1717 1718
1812 1813 0 1718 1743
1813 1787 0 1718 1719
1813 1814 0 1719 1744
1814 1788 0 1719 1720
1814 1815 0 1720 1745
1815 1789 0 1720 1721
1815 1816 0 1721 1746
1816 1790 0 1721 1722
1816 1817 0 1722 1747
1817 1791 0 1722 1723
1817 1818 0 1723 1748
1818 1792 0 1723 1724
1818 1819 0 1724 1749
1819 1793 2 1724 -1
1820 1821 0 1725 1750
1821 1795 0 1725 1726
1794 1820 2 1725 -1
1821 1822 0 1726 1751
1822 1796 0 1726 1727
1822 1823 0 1727 1752
1823 1797 0 1727 1728
1823 1824 0 1728 1753
1824 1798 0 1728 1729
1824 1825 0 1729 1754
1825 1799 0 1729 1730
1825 1826 0 1730 1755
1826 1800 0 1730 1731
1826 1827 0 1731 1756
1827 1801 0 1731 1732
1827 1828 0 1732 1757
1828 1802 0 1732 1733
1828 1829 0 1733 1758
1829 1803 0 1733 1734
1829 1830 0 1734 1759
1830 1804 0 1734 1735
1830 1831 0 1735 1760
1831 1805 0 1735 1736
1831 1832 0 1736 1761
1832 1806 0 1736 1737
1832 1833 0 1737 1762
1833 1807 0 1737 1738
1833 1834 0 1738 1763
1834 1808 0 1738 1739
1834 1835 0 1739 1764
1835 1809 0 1739 1740
1835 1836 0 1740 1765
1836 1810 0 1740 1741
1836 1837 0 1741 1766
1837 1811 0 1741 1742
1837 1838 0 1742 1767
1838 1812 0 1742 1743
1838 1839 0 1743 1768
1839 1813 0 1743 1744
1839 1840 0 1744 1769
1840 1814 0 1744 1745
1840 1841 0 1745 1770
1841 1815 0 1745 1746
1841 1842 0 1746 1771
1842 1816 0 1746 1747
1842 1843 0 1747 1772
1843 1817 0 1747 1748
1843 1844 0 1748 1773
1844 1818 0 1748 1749
1844 1845 0 1749 1774
1845 1819 2 1749 -1
1846 1847 0 1750 1775
1847 1821 0 1750 1751
1820 1846 2 1750 -1
1847 1848 0 1751 1776
1848 1822 0 1751 1752
1848 1849 0 1752 1777
1849 1823 0 1752 1753
1849 1850 0 1753 1778
1850 1824 0 1753 1754
1850 1851 0 1754 1779
1851 1825 0 1754 1755
1851 1852 0 1755 1780
1852 1826 0 1755 1756
1852 1853 0 1756 1781
1853 1827 0 1756 1757
1853 1854 0 1757 1782
1854 1828 0 1757 1758
1854 1855 0 1758 1783
1855 1829 0 1758 1759
1855 1856 0 1759 1784
1856 1830 0 1759 1760
1856 1857 0 1760 1785
1857 1831 0 1760 1761
1857 1858 0 1761 1786
1858 1832 0 1761 1762
1858 1859 0 1762 1787
1859 1833 0 1762 1763
1859 1860 0 1763 1788
1860 1834 0 1763 1764
1860 1861 0 1764 1789
1861 1835 0 1764 1765
1861 1862 0 1765 1790
1862 1836 0 1765 1766
1862 1863 0 1766 1791
1863 1837 0 1766 1767
1863 1864 0 1767 1792
1864 1838 0 1767 1768
1864 1865 0 1768 1793
1865 1839 0 1768 1769
1865 1866 0 1769 1794
1866 1840 0 1769 1770
1866 1867 0 1770 1795
1867 1841 0 1770 1771
1867 1868 0 1771 1796
1868 1842 0 1771 1772
1868 1869 0 1772 1797
1869 1843 0 1772 1773
1869 1870 0 1773 1798
1870 1844 0 1773 1774
1870 1871 0 1774 1799
1871 1845 2 1774 -1
1872 1873 0 1775 1800
1873 1847 0 1775 1776
1846 1872 2 1775 -1
1873 1874 0 1776 1801
1874 1848 0 1776 1777
1874 1875 0 1777 1802
1875 1849 0 1777 1778
1875 1876 0 1778 1803
1876 1850 0 1778 1779
1876 1877 0 1779 1804
1877 1851 0 1779 1780
1877 1878 0 1780 1805
1878 1852 0 1780 1781
1878 1879 0 1781 1806
1879 1853 0 1781 1782
1879 1880 0 1782 1807
1880 1854 0 1782 1783
1880 1881 0 1783 1808
1881 1855 0 1783 1784
1881 1882 0 1784 1809
1882 1856 0 1784 1785
1882 1883 0 1785 1810
1883 1857 0 1785 1786
1883 1884 0 1786 1811
1884 1858 0 1786 1787
1884 1885 0 1787 1812
1885 1859 0 1787 1788
1885 1886 0 1788 1813
1886 1860 0 1788 1789
1886 1887 0 1789 1814
1887 1861 0 1789 1790
1887 1888 0 1790 1815
1888 1862 0 1790 1791
1888 1889 0 1791 1816
1889 1863 0 1791 1792
1889 1890 0 1792 1817
1890 1864 0 1792 1793
1890 1891 0 1793 1818
1891 1865 0 1793 1794
1891 1892 0 1794 1819
1892 1866 0 1794 1795
1892 1893 0 1795 1820
1893 1867 0 1795 1796
1893 1894 0 1796 1821
1894 1868 0 1796 1797
1894 1895 0 1797 1822
1895 1869 0 1797 1798
1895 1896 0 1798 1823
1896 1870 0 1798 1799
1896 1897 0 1799 1824
1897 1871 2 1799 -1
1898 1899 0 1800 1825
1899 1873 0 1800 1801
1872 1898 2 1800 -1
1899 1900 0 1801 1826
1900 1874 0 1801 1802
1900 1901 0 1802 1827
1901 1875 0 1802 1803
1901 1902 0 1803 1828
1902 1876 0 1803 1804
1902 1903 0 1804 1829
1903 1877 0 1804 1805
1903 1904 0 1805 1830
1904 1878 0 1805 1806
1904 1905 0 1806 1831
1905 1879 0 1806 1807
1905 1906 0 1807 1832
1906 1880 0 1807 1808
1906 1907 0 1808 1833
1907 1881 0 1808 1809
1907 1908 0 1809 1834
1908 1882 0 1809 1810
1908 1909 0 1810 1835
1909 1883 0 1810 1811
1909 1910 0 1811 1836
1910 1884 0 1811 1812
1910 1911 0 1812 1837
1911 1885 0 1812 1813
1911 1912 0 1813 1838
1912 1886 0 1813 1814
1912 1913 0 1814 1839
1913 1887 0 1814 1815
1913 1914 0 1815 1840
1914 1888 0 1815 1816
1914 1915 0 1816 1841
1915 1889 0 1816 1817
1915 1916 0 1817 1842
1916 1890 0 1817 1818
1916 1917 0 1818 1843
1917 1891 0 1818 1819
1917 1918 0 1819 1844
1918 1892 0 1819 1820
1918 1919 0 1820 1845
1919 1893 0 1820 1821
1919 1920 0 1821 1846
1920 1894 0 1821 1822
1920 1921 0 1822 1847
1921 1895 0 1822 1823
1921 1922 0 1823 1848
1922 1896 0 1823 1824
1922 1923 0 1824 1849
1923 1897 2 1824 -1
1924 1925 0 1825 1850
1925 1899 0 1825 1826
1898 1924 2 1825 -1
1925 1926 0 1826 1851
1926 1900 0 1826 1827
1926 1927 0 1827 1852
1927 1901 0 1827 1828
1927 1928 0 1828 1853
1928 1902 0 1828 1829
1928 1929 0 1829 1854
1929 1903 0 1829 1830
1929 1930 0 1830 1855
1930 1904 0 1830 1831
1930 1931 0 1831 1856
1931 1905 0 1831 1832
1931 1932 0 1832 1857
1932 1906 0 1832 1833
1932 1933 0 1833 1858
1933 1907 0 1833 1834
1933 1934 0 1834 1859
1934 1908 0 1834 1835
1934 1935 0 1835 1860
1935 1909 0 1835 1836
1935 1936 0 1836 1861
1936 1910 0 1836 1837
1936 1937 0 1837 1862
1937 1911 0 1837 1838
1937 1938 0 1838 1863
1938 1912 0 1838 1839
1938 1939 0 1839 1864
1939 1913 0 1839 1840
1939 1940 0 1840 1865
1940 1914 0 1840 1841
1940 1941 0 1841 1866
1941 1915 0 1841 1842
1941 1942 0 1842 1867
1942 1916 0 1842 1843
1942 1943 0 1843 1868
1943 1917 0 1843 1844
1943 1944 0 1844 1869
1944 1918 0 1844 1845
1944 1945 0 1845 1870
1945 1919 0 1845 1846
1945 1946 0 1846 1871
1946 1920 0 1846 1847
1946 1947 0 1847 1872
1947 1921 0 1847 1848
1947 1948 0 1848 1873
1948 1922 0 1848 1849
1948 1949 0 1849 1874
1949 1923 2 1849 -1
1950 1951 0 1850 1875
1951 1925 0 1850 1851
1924 1950 2 1850 -1
1951 1952 0 1851 1876
1952 1926 0 1851 1852
1952 1953 0 1852 1877
1953 1927 0 1852 1853
1953 1954 0 1853 1878
1954 1928 0 1853 1854
1954 1955 0 1854 1879
1955 1929 0 1854 1855
1955 1956 0 1855 1880
1956 1930 0 1855 1856
1956 1957 0 1856 1881
1957 1931 0 1856 1857
1957 1958 0 1857 1882
1958 1932 0 1857 1858
1958 1959 0 1858 1883
1959 1933 0 1858 1859
1959 1960 0 1859 1884
1960 1934 0 1859 1860
1960 1961 0 1860 1885
1961 1935 0 1860 1861
1961 1962 0 1861 1886
1962 1936 0 1861 1862
1962 1963 0 1862 1887
1963 1937 0 1862 1863
1963 1964 0 1863 1888
1964 1938 0 1863 1864
1964 1965 0 1864 1889
1965 1939 0 1864 1865
1965 1966 0 1865 1890
1966 1940 0 1865 1866
1966 1967 0 1866 1891
1967 1941 0 1866 1867
1967 1968 0 1867 1892
1968 1942 0 1867 1868
1968 1969 0 1868 1893
1969 1943 0 1868 1869
1969 1970 0 1869 1894
1970 1944 0 1869 1870
1970 1971 0 1870 1895
1971 1945 0 1870 1871
1971 1972 0 1871 1896
1972 1946 0 1871 1872
1972 1973 0 1872 1897
1973 1947 0 1872 1873
1973 1974 0 1873 1898
1974 1948 0 1873 1874
1974 1975 0 1874 1899
1975 1949 2 1874 -1
1976 1977 0 1875 1900
1977 1951 0 1875 1876
1950 1976 2 1875 -1
1977 1978 0 1876 1901
1978 1952 0 1876 1877
1978 1979 0 1877 1902
1979 1953 0 1877 1878
1979 1980 0 1878 1903
1980 1954 0 1878 1879
1980 1981 0 1879 1904
1981 1955 0 1879 1880
1981 1982 0 1880 1905
1982 1956 0 1880 1881
1982 1983 0 1881 1906
1983 1957 0 1881 1882
1983 1984 0 1882 1907
1984 1958 0 1882 1883
1984 1985 0 1883 1908
1985 1959 0 1883 1884
1985 1986 0 1884 1909
1986 1960 0 1884 1885
1986 1987 0 1885 1910
1987 1961 0 1885 1886
1987 1988 0 1886 1911
1988 1962 0 1886 1887
1988 1989 0 1887 1912
1989 1963 0 1887 1888
1989 1990 0 1888 1913
1990 1964 0 1888 1889
1990 1991 0 1889 1914
1991 1965 0 1889 1890
1991 1992 0 1890 1915
1992 1966 0 1890 1891
1992 1993 0 1891 1916
1993 1967 0 1891 1892
1993 1994 0 1892 1917
1994 1968 0 1892 1893
1994 1995 0 1893 1918
1995 1969 0 1893 1894
1995 1996 0 1894 1919
1996 1970 0 1894 1895
1996 813 0 1895 1920
813 1971 0 1895 1896
813 812 0 1896 1921
812 1972 0 1896 1897
812 811 0 1897 1922
811 1973 0 1897 1898
810 1974 0 1898 1899
809 1975 2 1899 -1
807 1977 0 1900 1901
1976 808 2 1900 -1
806 1978 0 1901 1902
787 1979 0 1902 1903
786 1980 0 1903 1904
785 1981 0 1904 1905
784 1982 0 1905 1906
783 1983 0 1906 1907
782 1984 0 1907 1908
781 1985 0 1908 1909
780 1986 0 1909 1910
761 1987 0 1910 1911
760 1988 0 1911 1912
759 1989 0 1912 1913
758 1990 0 1913 1914
757 1991 0 1914 1915
756 1992 0 1915 1916
755 1993 0 1916 1917
754 1994 0 1917 1918
735 1995 0 1918 1919
734 1996 0 1919 1920
733 813 0 1920 1921
732 812 0 1921 1922
2091 2061 0 1923 2118
2061 2102 0 1923 2140
2102 2091 0 1923 2143
2026 2027 2 1924 -1
2027 2031 0 1924 1998
2031 2026 0 1924 2000
2025 2026 2 1925 -1
2026 2033 0 1925 2000
2033 2025 0 1925 2004
2115 2060 0 1926 2203
2060 2033 0 1926 2004
2033 2115 0 1926 2056
2024 2025 2 1927 -1
2025 2060 0 1927 2004
2060 2024 0 1927 1928
2034 2024 0 1928 1957
2060 2034 0 1928 2168
215 2035 0 1929 1930
2035 2032 0 1929 2169
2032 215 0 1929 1999
214 2035 0 1930 2007
2022 2023 2 1931 -1
2023 2059 0 1931 2010
2059 2022 0 1931 2003
2021 2058 0 1932 2053
2058 2020 0 1932 1956
2020 2021 2 1932 -1
213 2036 0 1933 2009
2036 214 0 1933 2007
2015 2038 0 1934 2011
2038 2040 0 1934 2012
2040 2015 0 1934 1955
212 2039 0 1935 2015
2039 213 0 1935 2009
2014 2040 0 1936 1955
2040 2042 0 1936 2177
2042 2014 0 1936 2013
2013 2042 0 1937 2013
2042 2043 0 1937 2129
2043 2013 0 1937 2017
2039 2041 0 1938 2015
2041 2119 0 1938 2172
2119 2039 0 1938 2175
2096 2057 0 1939 2128
2057 2097 0 1939 2029
2097 2096 0 1939 2265
189 2052 0 1940 1948
2052 2053 0 1940 2044
2053 189 0 1940 2041
184 2055 0 1941 2046
2055 185 0 1941 2047
185 184 2 1941 -1
1999 2047 0 1942 2023
2047 2048 0 1942 2130
2048 1999 0 1942 2031
2048 2124 0 1943 2039
2124 2050 0 1943 2036
2050 2048 0 1943 2035
183 182 2 1944 -1
182 2051 0 1944 2032
2051 183 0 1944 1947
2099 2050 0 1945 2033
2050 2049 0 1945 2036
2049 2099 0 1945 2134
156 2099 0 1946 2135
2099 157 0 1946 2134
2046 183 0 1947 2027
2051 2046 0 1947 2184
188 2052 0 1948 2139
2097 2044 0 1949 2029
2044 2100 0 1949 2137
2100 2097 0 1949 2299
187 2101 0 1950 1951
2101 188 0 1950 2139
187 186 2 1951 -1
186 2101 0 1951 1952
186 2054 0 1952 2045
2054 2101 0 1952 2138
2044 209 0 1953 2022
209 2056 0 1953 2049
2056 2044 0 1953 2137
211 2041 0 1954 2019
2041 212 0 1954 2015
2014 2015 2 1955 -1
2058 2038 0 1956 2197
2038 2020 0 1956 2011
2023 2024 2 1957 -1
2034 2023 0 1957 2010
237 2064 0 1958 2059
2064 238 0 1958 2067
2093 2018 0 1959 1993
2018 2019 2 1959 -1
2019 2093 0 1959 2122
2062 2016 0 1960 1991
2016 2063 0 1960 1962
2063 2062 0 1960 1964
2136 2064 0 1961 2060
2064 2091 0 1961 2059
2091 2136 0 1961 2143
2017 2063 0 1962 2062
2016 2017 2 1962 -1
2017 2011 2 1963 -1
2011 2065 0 1963 2066
2065 2017 0 1963 2062
2063 2138 0 1964 2213
2138 2062 0 1964 2244
2011 2001 2 1965 -1
2001 2066 0 1965 2069
2066 2011 0 1965 2066
290 289 2 1966 -1
289 2081 0 1966 2098
2081 290 0 1966 2110
2001 2002 2 1967 -1
2002 2068 0 1967 2072
2068 2001 0 1967 2069
2065 2066 0 1968 2066
2066 2139 0 1968 2208
2139 2065 0 1968 2068
2002 2003 2 1969 -1
2003 2070 0 1969 2076
2070 2002 0 1969 2072
2104 2068 0 1970 2070
2068 2105 0 1970 2078
2105 2104 0 1970 2327
2003 2004 2 1971 -1
2004 2072 0 1971 2080
2072 2003 0 1971 2076
2105 2070 0 1972 2078
2070 2106 0 1972 1974
2106 2105 0 1972 2329
2004 2005 2 1973 -1
2005 2074 0 1973 2084
2074 2004 0 1973 2080
2070 2072 0 1974 2076
2072 2106 0 1974 2086
2005 2006 2 1975 -1
2006 2076 0 1975 2088
2076 2005 0 1975 2084
2072 2074 0 1976 2080
2074 2107 0 1976 2090
2107 2072 0 1976 2086
2074 2076 0 1977 2084
2076 2108 0 1977 2095
2108 2074 0 1977 2090
2006 2007 2 1978 -1
2007 2078 0 1978 2092
2078 2006 0 1978 2088
2110 2089 0 1979 2160
2089 2088 0 1979 2114
2088 2110 0 1979 2113
2082 288 0 1980 2102
288 287 2 1980 -1
287 2082 0 1980 1984
265 2083 0 1981 2103
2083 2084 0 1981 2100
2084 265 0 1981 1990
2084 2111 0 1982 2100
2111 2085 0 1982 2107
2085 2084 0 1982 2106
267 2150 0 1983 2105
2150 286 0 1983 2237
286 267 2 1983 -1
287 2085 0 1984 2104
2085 2082 0 1984 2107
2109 2147 0 1985 2099
2147 2201 0 1985 2161
2201 2109 0 1985 2339
292 291 2 1986 -1
291 2151 0 1986 2112
2151 292 0 1986 1988
2078 2080 0 1987 2092
2080 2147 0 1987 2230
2147 2078 0 1987 2099
2151 2010 0 1988 2239
2010 292 2 1988 -1
2080 2008 0 1989 2097
2008 2089 0 1989 2115
2089 2080 0 1989 2156
2084 266 0 1990 2236
2019 2016 2 1991 -1
2062 2019 0 1991 2122
235 2061 0 1992 2001
2061 236 0 1992 2118
2029 2018 0 1993 1995
2093 2029 0 1993 2141
2027 2028 2 1994 -1
2028 2030 0 1994 1996
2030 2027 0 1994 1998
2028 2018 2 1995 -1
2029 2028 0 1995 1996
2029 2030 0 1996 2125
2113 2094 0 1997 2163
2094 2092 0 1997 2124
2092 2113 0 1997 2057
2030 2031 0 1998 2127
2032 234 0 1999 2120
2031 2033 0 2000 2126
235 2092 0 2001 2121
2092 2061 0 2001 2124
2034 2133 0 2002 2168
2133 2132 0 2002 2311
2132 2034 0 2002 2201
2059 2037 0 2003 2165
2037 2022 0 2003 2005
2021 2022 2 2005 -1
2037 2021 0 2005 2053
2032 2134 0 2006 2169
2134 2113 0 2006 2289
2113 2032 0 2006 2057
2036 2035 0 2007 2166
2132 2187 0 2008 2311
2187 2186 0 2008 2291
2186 2132 0 2008 2309
2039 2036 0 2009 2014
2034 2059 0 2010 2201
2015 2020 2 2011 -1
2038 2129 0 2012 2171
2129 2040 0 2012 2052
2013 2014 2 2013 -1
2039 2118 0 2014 2175
2118 2036 0 2014 2018
2120 2184 0 2016 2196
2184 2163 0 2016 2378
2163 2120 0 2016 2195
2012 2013 2 2017 -1
2043 2012 0 2017 2026
2118 2116 0 2018 2248
2116 2036 0 2018 2166
211 2057 0 2019 2051
2057 2041 0 2019 2128
2119 2157 0 2020 2131
2157 2156 0 2020 2251
2156 2119 0 2020 2249
2000 2012 2 2021 -1
2012 2045 0 2021 2026
2045 2000 0 2021 2028
2044 210 0 2022 2050
1999 2000 2 2023 -1
2000 2047 0 2023 2028
2123 2098 0 2024 2267
2098 2047 0 2024 2130
2047 2123 0 2024 2025
2047 2045 0 2025 2028
2045 2123 0 2025 2182
2043 2045 0 2026 2179
184 183 2 2027 -1
2046 184 0 2027 2046
2057 2044 0 2029 2050
2124 2208 0 2030 2178
2208 2125 0 2030 2253
2125 2124 0 2030 2038
1998 1999 2 2031 -1
2048 1998 0 2031 2035
182 2049 0 2032 2034
2049 2051 0 2032 2185
1997 2050 0 2033 2037
2099 1997 0 2033 2135
182 157 2 2034 -1
157 2049 0 2034 2134
2050 1998 0 2035 2037
2124 2049 0 2036 2185
1997 1998 2 2037 -1
2125 2051 0 2038 2184
2051 2124 0 2038 2185
2048 2098 0 2039 2130
2098 2124 0 2039 2178
2052 2054 0 2040 2138
2054 2126 0 2040 2189
2126 2052 0 2040 2044
2053 208 0 2041 2048
2100 2128 0 2042 2043
2128 2183 0 2042 2303
2183 2100 0 2042 2193
2056 2128 0 2043 2188
2100 2056 0 2043 2137
2126 2053 0 2044 2192
186 185 2 2045 -1
185 2054 0 2045 2047
2046 2055 0 2046 2191
2055 2054 0 2047 2189
2053 2056 0 2048 2188
2056 208 0 2048 2049
2057 210 0 2050 2051
2129 2120 0 2052 2196
2120 2040 0 2052 2177
2037 2058 0 2053 2054
2037 2117 0 2054 2167
2117 2058 0 2054 2194
2155 2115 0 2055 2246
2115 2159 0 2055 2164
2159 2155 0 2055 2254
2033 2114 0 2056 2126
2114 2115 0 2056 2164
2092 2032 0 2057 2120
2102 2094 0 2058 2140
2094 2160 0 2058 2205
2160 2102 0 2058 2268
237 2091 0 2059 2119
2136 2140 0 2060 2317
2140 2064 0 2060 2209
2030 2135 0 2061 2125
2135 2095 0 2061 2315
2095 2030 0 2061 2127
2065 2063 0 2062 2142
239 2069 0 2063 2073
2069 240 0 2063 2077
2137 2093 0 2064 2141
2093 2154 0 2064 2210
2154 2137 0 2064 2245
238 2067 0 2065 2067
2067 239 0 2065 2073
2064 2067 0 2067 2209
2103 2065 0 2068 2142
2139 2103 0 2068 2323
2068 2066 0 2069 2070
2104 2066 0 2070 2208
240 2071 0 2071 2077
2071 241 0 2071 2081
2070 2068 0 2072 2078
2067 2069 0 2073 2217
2073 2071 0 2074 2081
2071 2143 0 2074 2146
2143 2073 0 2074 2224
241 2073 0 2075 2081
2073 260 0 2075 2085
2069 2071 0 2077 2219
260 2075 0 2079 2085
2075 261 0 2079 2089
2077 2075 0 2082 2089
2075 2145 0 2082 2148
2145 2077 0 2082 2150
261 2077 0 2083 2089
2077 262 0 2083 2094
2073 2075 0 2085 2223
2107 2106 0 2086 2331
262 2079 0 2087 2094
2079 263 0 2087 2108
2078 2076 0 2088 2096
2108 2107 0 2090 2333
264 2086 0 2091 2109
2086 2083 0 2091 2233
2083 264 0 2091 2103
2007 2080 0 2092 2097
290 2087 0 2093 2110
2087 291 0 2093 2112
291 290 2 2093 -1
2077 2079 0 2094 2227
2076 2109 0 2095 2096
2109 2108 0 2095 2231
2078 2109 0 2096 2099
2007 2008 2 2097 -1
289 2090 0 2098 2101
2090 2081 0 2098 2240
2083 2111 0 2100 2235
289 288 2 2101 -1
288 2090 0 2101 2102
2082 2090 0 2102 2243
287 286 2 2104 -1
286 2085 0 2104 2237
266 2150 0 2105 2236
2150 2084 0 2106 2236
2085 2150 0 2106 2237
2111 2082 0 2107 2234
2079 2086 0 2108 2229
2086 263 0 2108 2109
2081 2087 0 2110 2157
2009 2010 2 2111 -1
2010 2088 0 2111 2239
2088 2009 0 2111 2114
2087 2151 0 2112 2238
2087 2110 0 2113 2157
2088 2087 0 2113 2238
2089 2009 0 2114 2115
2008 2009 2 2115 -1
2110 2081 0 2116 2157
2081 2152 0 2116 2240
2152 2110 0 2116 2258
2112 2110 0 2117 2160
2110 2161 0 2117 2258
2161 2112 0 2117 2278
2091 236 0 2118 2119
2092 234 0 2120 2121
2062 2093 0 2122 2210
2095 2189 0 2123 2315
2189 2175 0 2123 2372
2175 2095 0 2123 2287
2094 2061 0 2124 2140
2029 2135 0 2125 2207
2031 2114 0 2126 2162
2095 2031 0 2127 2162
2096 2041 0 2128 2172
2042 2122 0 2129 2181
2122 2043 0 2129 2176
2119 2096 0 2131 2172
2096 2157 0 2131 2132
2096 2164 0 2132 2265
2164 2157 0 2132 2381
2046 2125 0 2133 2184
2125 2127 0 2133 2252
2127 2046 0 2133 2191
156 1997 2 2135 -1
2208 2179 0 2136 2352
2179 2245 0 2136 2397
2052 2101 0 2138 2139
2137 2029 0 2141 2207
2103 2063 0 2142 2213
2102 2136 0 2143 2257
2067 2140 0 2144 2209
2140 2141 0 2144 2271
2141 2067 0 2144 2217
2138 2103 0 2145 2213
2103 2166 0 2145 2215
2166 2138 0 2145 2347
2071 2142 0 2146 2219
2142 2143 0 2146 2272
2139 2194 0 2147 2325
2194 2193 0 2147 2358
2193 2139 0 2147 2323
2075 2144 0 2148 2223
2144 2145 0 2148 2276
2104 2195 0 2149 2327
2195 2194 0 2149 2328
2194 2104 0 2149 2325
2145 2146 0 2150 2336
2146 2077 0 2150 2227
2105 2196 0 2151 2329
2196 2195 0 2151 2360
2195 2105 0 2151 2327
2079 2146 0 2152 2227
2146 2148 0 2152 2283
2148 2079 0 2152 2229
2106 2197 0 2153 2331
2197 2196 0 2153 2362
2196 2106 0 2153 2329
2147 2112 0 2154 2230
2112 2171 0 2154 2278
2171 2147 0 2154 2161
2107 2198 0 2155 2333
2198 2197 0 2155 2364
2197 2107 0 2155 2331
2089 2112 0 2156 2160
2112 2080 0 2156 2230
2086 2148 0 2158 2229
2148 2149 0 2158 2282
2149 2086 0 2158 2233
2090 2153 0 2159 2243
2153 2152 0 2159 2343
2152 2090 0 2159 2240
2171 2201 0 2161 2340
2095 2114 0 2162 2287
2113 2174 0 2163 2247
2174 2094 0 2163 2205
2114 2159 0 2164 2206
2059 2131 0 2165 2199
2131 2037 0 2165 2167
2116 2035 0 2166 2204
2131 2117 0 2167 2202
2060 2133 0 2168 2203
2035 2134 0 2169 2204
2134 2116 0 2170 2204
2116 2176 0 2170 2173
2176 2134 0 2170 2312
2038 2130 0 2171 2197
2130 2129 0 2171 2292
2116 2177 0 2173 2248
2177 2176 0 2173 2351
2177 2156 0 2174 2290
2156 2207 0 2174 2262
2207 2177 0 2174 2354
2119 2118 0 2175 2249
2122 2121 0 2176 2297
2121 2043 0 2176 2179
2120 2042 0 2177 2181
2098 2208 0 2178 2352
2121 2045 0 2179 2182
2122 2163 0 2180 2195
2163 2180 0 2180 2304
2180 2122 0 2180 2297
2120 2122 0 2181 2195
2121 2123 0 2182 2250
2230 2183 0 2183 2396
2183 2245 0 2183 2353
2097 2181 0 2186 2299
2181 2164 0 2186 2349
2164 2097 0 2186 2265
2055 2127 0 2187 2191
2127 2126 0 2187 2300
2126 2055 0 2187 2189
2053 2128 0 2188 2192
2128 2126 0 2190 2192
2126 2182 0 2190 2300
2182 2128 0 2190 2303
2181 2100 0 2193 2299
2183 2181 0 2193 2396
2117 2130 0 2194 2200
2130 2058 0 2194 2197
2129 2184 0 2196 2305
2188 2176 0 2198 2312
2176 2226 0 2198 2376
2226 2188 0 2198 2389
2059 2132 0 2199 2201
2132 2131 0 2199 2309
2117 2185 0 2200 2202
2185 2130 0 2200 2293
2131 2185 0 2202 2307
2115 2133 0 2203 2246
2174 2160 0 2205 2385
2114 2175 0 2206 2287
2175 2159 0 2206 2314
2137 2135 0 2207 2212
2104 2139 0 2208 2325
2062 2154 0 2210 2244
2192 2167 0 2211 2356
2167 2140 0 2211 2271
2140 2192 0 2211 2317
2137 2162 0 2212 2256
2162 2135 0 2212 2255
2166 2238 0 2214 2413
2238 2235 0 2214 2412
2235 2166 0 2214 2322
2103 2193 0 2215 2323
2193 2166 0 2215 2413
2192 2210 0 2216 2357
2210 2211 0 2216 2316
2211 2192 0 2216 2356
2141 2069 0 2217 2220
2169 2168 0 2218 2275
2168 2212 0 2218 2320
2212 2169 0 2218 2221
2069 2142 0 2219 2220
2141 2142 0 2220 2270
2212 2213 0 2221 2330
2213 2169 0 2221 2361
2170 2213 0 2222 2361
2213 2214 0 2222 2332
2214 2170 0 2222 2363
2073 2144 0 2223 2224
2143 2144 0 2224 2274
2172 2214 0 2225 2363
2214 2215 0 2225 2335
2215 2172 0 2225 2365
2108 2199 0 2226 2231
2199 2198 0 2226 2366
2198 2108 0 2226 2333
2202 2173 0 2228 2279
2109 2199 0 2231 2339
2240 2171 0 2232 2340
2171 2204 0 2232 2259
2149 2083 0 2233 2235
2111 2153 0 2234 2241
2153 2082 0 2234 2243
2149 2111 0 2235 2341
2088 2151 0 2238 2239
2111 2203 0 2241 2341
2203 2153 0 2241 2344
2161 2152 0 2242 2258
2152 2204 0 2242 2343
2204 2161 0 2242 2259
2138 2154 0 2244 2269
2191 2137 0 2245 2256
2154 2191 0 2245 2319
2155 2133 0 2246 2288
2113 2188 0 2247 2289
2188 2174 0 2247 2373
2118 2177 0 2248 2290
2156 2118 0 2249 2290
2121 2165 0 2250 2263
2165 2123 0 2250 2294
2157 2221 0 2251 2264
2221 2156 0 2251 2262
2125 2158 0 2252 2253
2158 2127 0 2252 2301
2159 2220 0 2254 2261
2220 2155 0 2254 2355
2162 2189 0 2255 2405
2189 2135 0 2255 2315
2191 2162 0 2256 2409
2102 2190 0 2257 2268
2190 2136 0 2257 2321
2171 2161 0 2259 2278
2190 2256 0 2260 2406
2210 2190 0 2260 2357
2159 2218 0 2261 2314
2121 2180 0 2263 2297
2180 2165 0 2263 2383
2157 2222 0 2264 2381
2229 2228 0 2266 2394
2242 2229 0 2266 2298
2123 2179 0 2267 2294
2179 2098 0 2267 2352
2160 2190 0 2268 2374
2138 2205 0 2269 2347
2205 2154 0 2269 2319
2141 2168 0 2270 2273
2168 2142 0 2270 2275
2167 2141 0 2271 2273
2142 2169 0 2272 2275
2169 2143 0 2272 2277
2167 2168 0 2273 2359
2143 2170 0 2274 2277
2170 2144 0 2274 2281
2144 2172 0 2276 2281
2172 2145 0 2276 2337
2169 2170 0 2277 2361
2148 2173 0 2279 2283
2202 2148 0 2279 2282
2146 2200 0 2280 2336
2200 2173 0 2280 2367
2173 2146 0 2280 2283
2170 2172 0 2281 2363
2202 2149 0 2282 2342
2234 2162 0 2284 2405
2162 2236 0 2284 2409
2219 2160 0 2285 2374
2160 2225 0 2285 2385
2225 2219 0 2285 2318
2220 2246 0 2286 2384
2227 2220 0 2286 2355
2155 2187 0 2288 2377
2187 2133 0 2288 2311
2134 2188 0 2289 2312
2233 2186 0 2291 2403
2187 2233 0 2291 2400
2130 2178 0 2292 2293
2178 2129 0 2292 2305
2185 2178 0 2293 2308
2165 2179 0 2294 2348
2182 2158 0 2295 2301
2158 2183 0 2295 2353
2183 2182 0 2295 2303
2206 2165 0 2296 2348
2165 2228 0 2296 2383
2228 2206 0 2296 2394
2164 2229 0 2298 2349
2242 2164 0 2298 2395
2127 2182 0 2300 2301
2229 2181 0 2302 2349
2181 2230 0 2302 2396
2230 2229 0 2302 2393
2163 2223 0 2304 2371
2223 2180 0 2304 2392
2178 2184 0 2305 2350
2217 2178 0 2306 2350
2178 2253 0 2306 2401
2131 2186 0 2307 2309
2186 2185 0 2307 2391
2185 2232 0 2308 2391
2232 2178 0 2308 2401
2226 2209 0 2310 2376
2209 2252 0 2310 2390
2234 2218 0 2313 2404
2218 2189 0 2313 2372
2189 2234 0 2313 2405
2175 2218 0 2314 2372
2136 2192 0 2317 2321
2258 2219 0 2318 2346
2205 2191 0 2319 2375
2168 2237 0 2320 2359
2237 2212 0 2320 2410
2190 2192 0 2321 2357
2205 2166 0 2322 2347
2238 2193 0 2324 2413
2193 2239 0 2324 2358
2239 2194 0 2326 2358
2194 2257 0 2326 2328
2212 2196 0 2330 2360
2196 2213 0 2330 2362
2213 2197 0 2332 2362
2197 2214 0 2332 2364
2216 2201 0 2334 2369
2201 2240 0 2334 2340
2214 2198 0 2335 2364
2198 2215 0 2335 2366
2145 2200 0 2336 2337
2172 2200 0 2337 2365
2215 2199 0 2338 2366
2199 2216 0 2338 2369
2216 2215 0 2338 2368
2201 2199 0 2339 2369
2149 2203 0 2341 2342
2202 2203 0 2342 2345
2153 2204 0 2343 2344
2203 2204 0 2344 2345
2206 2179 0 2348 2397
2217 2184 0 2350 2399
2177 2209 0 2351 2354
2209 2176 0 2351 2376
2227 2155 0 2355 2377
2211 2167 0 2356 2411
2167 2237 0 2359 2411
2212 2195 0 2360 2410
2215 2200 0 2365 2368
2200 2216 0 2367 2368
2163 2231 0 2371 2378
2188 2224 0 2373 2389
2224 2174 0 2373 2386
2219 2190 0 2374 2406
2241 2191 0 2375 2407
2227 2187 0 2377 2400
2184 2231 0 2378 2399
2164 2222 0 2381 2395
2180 2228 0 2383 2392
2174 2225 0 2385 2386
2186 2232 0 2391 2403
2206 2229 0 2393 2394
2232 2253 0 2401 2402
2255 2218 0 2404 2408
2236 2191 0 2407 2409
832 858 2 2414 -1
