-1.0256410256e+03 -1.1538461538e+02 0
-1.0256410256e+03 8.8323856410e+02 0
-1.0256410256e+03 1.8843643077e+03 0
-1.0256410256e+03 2.8854900513e+03 0
-1.0256410256e+03 3.8866157949e+03 0
-1.0256410256e+03 4.8877415385e+03 0
-1.0256410256e+03 5.8888672821e+03 0
-1.0256410256e+03 6.8899930256e+03 0
-1.0256410256e+03 7.8911187692e+03 0
-1.0256410256e+03 8.8922445128e+03 0
-1.0256410256e+03 9.8933702564e+03 0
-1.0256410256e+03 1.0894496000e+04 0
-1.0256410256e+03 1.1895621744e+04 0
-1.0256410256e+03 1.2896747487e+04 0
-1.0256410256e+03 1.3897873231e+04 0
-1.0256410256e+03 1.4898998974e+04 0
-1.0256410256e+03 1.5900124718e+04 0
-1.0256410256e+03 1.6901250462e+04 0
-1.0256410256e+03 1.7902376205e+04 0
-1.0256410256e+03 1.8903501949e+04 0
-1.0256410256e+03 1.9904627692e+04 0
-1.0256410256e+03 2.0905753436e+04 0
-1.0256410256e+03 2.1906879179e+04 0
-1.0256410256e+03 2.2908004923e+04 0
-1.0256410256e+03 2.3909130667e+04 0
-1.0256410256e+03 2.4910256410e+04 0
-2.8668292683e+01 -1.1413370857e+02 0
-2.8995267042e+01 8.8451957974e+02 0
-2.9322241401e+01 1.8856449131e+03 0
-2.9649215760e+01 2.8867702464e+03 0
-2.9976190119e+01 3.8878955797e+03 0
-3.0303164478e+01 4.8890209131e+03 0
-3.0630138837e+01 5.8901462464e+03 0
-3.0957113196e+01 6.8912715797e+03 0
-3.1284087555e+01 7.8923969131e+03 0
-3.1611061914e+01 8.8935222464e+03 0
-3.1938036273e+01 9.8946475797e+03 0
-3.2265010632e+01 1.0895772913e+04 0
-3.2591984991e+01 1.1896898246e+04 0
-3.2918959350e+01 1.2898023580e+04 0
-3.3245933709e+01 1.3899148913e+04 0
-3.3572908068e+01 1.4900274246e+04 0
-3.3899882427e+01 1.5901399580e+04 0
-3.4226856786e+01 1.6902524913e+04 0
-3.4553831145e+01 1.7903650246e+04 0
-3.4880805504e+01 1.8904775580e+04 0
-3.5207779863e+01 1.9905900913e+04 0
-3.5534754222e+01 2.0907026246e+04 0
-3.5861728581e+01 2.1908151580e+04 0
-3.6188702940e+01 2.2909276913e+04 0
-3.6515677299e+01 2.3910402246e+04 0
-3.6842651658e+01 2.4911497061e+04 0
9.6830444028e+02 -1.1288280175e+02 0
9.6797746592e+02 8.8580100563e+02 0
9.6765049156e+02 1.8869263390e+03 0
9.6732351720e+02 2.8880516723e+03 0
9.6699654284e+02 3.8891770056e+03 0
9.6666956848e+02 4.8903023390e+03 0
9.6634259412e+02 5.8914276723e+03 0
9.6601561976e+02 6.8925530056e+03 0
9.6568864540e+02 7.8936783390e+03 0
9.6536167104e+02 8.8948036723e+03 0
9.6503469669e+02 9.8959290056e+03 0
9.6470772233e+02 1.0897054339e+04 0
9.6438074797e+02 1.1898179672e+04 0
9.6405377361e+02 1.2899305006e+04 0
9.6372679925e+02 1.3900430339e+04 0
9.6339982489e+02 1.4901555672e+04 0
9.6307285053e+02 1.5902681006e+04 0
9.6274587617e+02 1.6903806339e+04 0
9.6241890181e+02 1.7904931672e+04 0
9.6209192745e+02 1.8906057006e+04 0
9.6176495310e+02 1.9907182339e+04 0
9.6143797874e+02 2.0908307672e+04 0
9.6111100438e+02 2.1909433006e+04 0
9.6078403002e+02 2.2910558339e+04 0
9.6045705566e+02 2.3911683672e+04 0
9.6013008130e+02 2.4912747967e+04 0
1.9652771732e+03 -1.1163189493e+02 0
1.9649501989e+03 8.8708243152e+02 0
1.9646232245e+03 1.8882077649e+03 0
1.9642962502e+03 2.8893330982e+03 0
1.9639692758e+03 3.8904584315e+03 0
1.9636423014e+03 4.8915837649e+03 0
1.9633153271e+03 5.8927090982e+03 0
1.9629883527e+03 6.8938344315e+03 0
1.9626613784e+03 7.8949597649e+03 0
1.9623344040e+03 8.8960850982e+03 0
1.9620074296e+03 9.8972104315e+03 0
1.9616804553e+03 1.0898335765e+04 0
1.9613534809e+03 1.1899461098e+04 0
1.9610265066e+03 1.2900586432e+04 0
1.9606995322e+03 1.3901711765e+04 0
1.9603725578e+03 1.4902837098e+04 0
1.9600455835e+03 1.5903962432e+04 0
1.9597186091e+03 1.6905087765e+04 0
1.9593916348e+03 1.7906213098e+04 0
1.9590646604e+03 1.8907338432e+04 0
1.9587376861e+03 1.9908463765e+04 0
1.9584107117e+03 2.0909589098e+04 0
1.9580837373e+03 2.1910714432e+04 0
1.9577567630e+03 2.2911839765e+04 0
1.9574297886e+03 2.3912965098e+04 0
1.9571028143e+03 2.4913998874e+04 0
2.9622499062e+03 -1.1038098812e+02 0
2.9619229318e+03 8.8836385741e+02 0
2.9615959575e+03 1.8894891907e+03 0
2.9612689831e+03 2.8906145241e+03 0
2.9609420088e+03 3.8917398574e+03 0
2.9606150344e+03 4.8928651907e+03 0
2.9602880600e+03 5.8939905241e+03 0
2.9599610857e+03 6.8951158574e+03 0
2.9596341113e+03 7.8962411907e+03 0
2.9593071370e+03 8.8973665241e+03 0
2.9589801626e+03 9.8984918574e+03 0
2.9586531882e+03 1.0899617191e+04 0
2.9583262139e+03 1.1900742524e+04 0
2.9579992395e+03 1.2901867857e+04 0
2.9576722652e+03 1.3902993191e+04 0
2.9573452908e+03 1.4904118524e+04 0
2.9570183164e+03 1.5905243857e+04 0
2.9566913421e+03 1.6906369191e+04 0
2.9563643677e+03 1.7907494524e+04 0
2.9560373934e+03 1.8908619857e+04 0
2.9557104190e+03 1.9909745191e+04 0
2.9553834447e+03 2.0910870524e+04 0
2.9550564703e+03 2.1911995857e+04 0
2.9547294959e+03 2.2913121191e+04 0
2.9544025216e+03 2.3914246524e+04 0
2.9540755472e+03 2.4915249781e+04 0
3.9592226391e+03 -1.0913008130e+02 0
3.9588956648e+03 8.8964528330e+02 0
3.9585686904e+03 1.8907706166e+03 0
3.9582417161e+03 2.8918959500e+03 0
3.9579147417e+03 3.8930212833e+03 0
3.9575877674e+03 4.8941466166e+03 0
3.9572607930e+03 5.8952719500e+03 0
3.9569338186e+03 6.8963972833e+03 0
3.9566068443e+03 7.8975226166e+03 0
3.9562798699e+03 8.8986479500e+03 0
3.9559528956e+03 9.8997732833e+03 0
3.9556259212e+03 1.0900898617e+04 0
3.9552989468e+03 1.1902023950e+04 0
3.9549719725e+03 1.2903149283e+04 0
3.9546449981e+03 1.3904274617e+04 0
3.9543180238e+03 1.4905399950e+04 0
3.9539910494e+03 1.5906525283e+04 0
3.9536640750e+03 1.6907650617e+04 0
3.9533371007e+03 1.7908775950e+04 0
3.9530101263e+03 1.8909901283e+04 0
3.9526831520e+03 1.9911026617e+04 0
3.9523561776e+03 2.0912151950e+04 0
3.9520292033e+03 2.1913277283e+04 0
3.9517022289e+03 2.2914402617e+04 0
3.9513752545e+03 2.3915527950e+04 0
3.9510482802e+03 2.4916500688e+04 0
4.9555972483e+03 -1.0787992495e+02 0
4.9555972483e+03 8.9324581864e+02 0
4.9555414234e+03 1.8920520425e+03 0
4.9552144490e+03 2.8931773759e+03 0
4.9548874747e+03 3.8943027092e+03 0
4.9545605003e+03 4.8954280425e+03 0
4.9542335260e+03 5.8965533759e+03 0
4.9539065516e+03 6.8976787092e+03 0
4.9535795772e+03 7.8988040425e+03 0
4.9532526029e+03 8.8999293759e+03 0
4.9529256285e+03 9.9010547092e+03 0
4.9525986542e+03 1.0902180043e+04 0
4.9522716798e+03 1.1903305376e+04 0
4.9519447054e+03 1.2904430709e+04 0
4.9516177311e+03 1.3905556043e+04 0
4.9512907567e+03 1.4906681376e+04 0
4.9509637824e+03 1.5907806709e+04 0
4.9506368080e+03 1.6908932043e+04 0
4.9503098336e+03 1.7910057376e+04 0
4.9499828593e+03 1.8911182709e+04 0
4.9496558849e+03 1.9912308043e+04 0
4.9493289106e+03 2.0913433376e+04 0
4.9490019362e+03 2.1914558709e+04 0
4.9486749619e+03 2.2915684043e+04 0
4.9483479875e+03 2.3916809376e+04 0
4.9480210131e+03 2.4917751595e+04 0
4.9555972483e+03 1.8943715622e+03 0
4.9555972483e+03 2.8954973058e+03 0
4.9555972483e+03 3.8966230494e+03 0
4.9555972483e+03 4.8977487930e+03 0
4.9555972483e+03 5.8988745366e+03 0
4.9555972483e+03 6.8992995622e+03 0
5.9525699812e+03 6.9005504690e+03 0
6.9495427142e+03 6.9018013759e+03 0
5.9505523102e+03 7.9000854684e+03 0
5.9502253358e+03 8.9012108018e+03 0
5.9498983615e+03 9.9023361351e+03 0
5.9495713871e+03 1.0903461468e+04 0
5.9492444128e+03 1.1904586802e+04 0
5.9489174384e+03 1.2905712135e+04 0
5.9485904640e+03 1.3906837468e+04 0
5.9482634897e+03 1.4907962802e+04 0
5.9479365153e+03 1.5909088135e+04 0
5.9476095410e+03 1.6910213468e+04 0
5.9472825666e+03 1.7911338802e+04 0
5.9469555922e+03 1.8912464135e+04 0
5.9466286179e+03 1.9913589468e+04 0
5.9463016435e+03 2.0914714802e+04 0
5.9459746692e+03 2.1915840135e+04 0
5.9456476948e+03 2.2916965468e+04 0
5.9453207204e+03 2.3918090802e+04 0
5.9449937461e+03 2.4919002502e+04 0
7.9465154472e+03 6.9030522827e+03 0
8.9434881801e+03 6.9043031895e+03 0
9.9404609131e+03 6.9055540963e+03 0
1.0937433646e+04 6.9068050031e+03 0
1.1934406379e+04 6.9080559099e+03 0
1.2931379112e+04 6.9093068168e+03 0
1.3928351845e+04 6.9105577236e+03 0
1.4925324578e+04 6.9118086304e+03 0
6.9475250432e+03 7.9013668943e+03 0
6.9471980688e+03 8.9024922276e+03 0
6.9468710944e+03 9.9036175610e+03 0
6.9465441201e+03 1.0904742894e+04 0
6.9462171457e+03 1.1905868228e+04 0
6.9458901714e+03 1.2906993561e+04 0
6.9455631970e+03 1.3908118894e+04 0
6.9452362226e+03 1.4909244228e+04 0
6.9449092483e+03 1.5910369561e+04 0
6.9445822739e+03 1.6911494894e+04 0
6.9442552996e+03 1.7912620228e+04 0
6.9439283252e+03 1.8913745561e+04 0
6.9436013508e+03 1.9914870894e+04 0
6.9432743765e+03 2.0915996228e+04 0
6.9429474021e+03 2.1917121561e+04 0
6.9426204278e+03 2.2918246894e+04 0
6.9422934534e+03 2.3919372228e+04 0
6.9419664790e+03 2.4920253408e+04 0
1.5922297311e+04 6.9130595372e+03 0
1.6919270044e+04 6.9143104440e+03 0
1.7916242777e+04 6.9155613508e+03 0
1.8913215510e+04 6.9168122577e+03 0
1.9910188243e+04 6.9180631645e+03 0
2.0907160976e+04 6.9193140713e+03 0
2.1904133709e+04 6.9205649781e+03 0
2.2901106442e+04 6.9218158849e+03 0
7.9444977761e+03 7.9026483202e+03 0
7.9441708018e+03 8.9037736535e+03 0
7.9438438274e+03 9.9048989869e+03 0
7.9435168530e+03 1.0906024320e+04 0
7.9431898787e+03 1.1907149654e+04 0
7.9428629043e+03 1.2908274987e+04 0
7.9425359300e+03 1.3909400320e+04 0
7.9422089556e+03 1.4910525654e+04 0
7.9418819812e+03 1.5911650987e+04 0
7.9415550069e+03 1.6912776320e+04 0
7.9412280325e+03 1.7913901654e+04 0
7.9409010582e+03 1.8915026987e+04 0
7.9405740838e+03 1.9916152320e+04 0
7.9402471094e+03 2.0917277654e+04 0
7.9399201351e+03 2.1918402987e+04 0
7.9395931607e+03 2.2919528320e+04 0
7.9392661864e+03 2.3920653654e+04 0
7.9389392120e+03 2.4921504315e+04 0
2.3898079174e+04 6.9230667917e+03 0
2.4895051907e+04 6.9243176986e+03 0
2.5892024640e+04 6.9255686054e+03 0
2.6888997373e+04 6.9268195122e+03 0
2.7885970106e+04 6.9280704190e+03 0
2.8882942839e+04 6.9293213258e+03 0
2.9879915572e+04 6.9305722326e+03 0
3.0874296435e+04 6.9318198874e+03 0
8.9414705091e+03 7.9039297461e+03 0
8.9411435347e+03 8.9050550794e+03 0
8.9408165603e+03 9.9061804128e+03 0
8.9404895860e+03 1.0907305746e+04 0
8.9401626116e+03 1.1908431079e+04 0
8.9398356373e+03 1.2909556413e+04 0
8.9395086629e+03 1.3910681746e+04 0
8.9391816886e+03 1.4911807079e+04 0
8.9388547142e+03 1.5912932413e+04 0
8.9385277398e+03 1.6914057746e+04 0
8.9382007655e+03 1.7915183079e+04 0
8.9378737911e+03 1.8916308413e+04 0
8.9375468168e+03 1.9917433746e+04 0
8.9372198424e+03 2.0918559079e+04 0
8.9368928680e+03 2.1919684413e+04 0
8.9365658937e+03 2.2920809746e+04 0
8.9362389193e+03 2.3921935079e+04 0
8.9359119450e+03 2.4922755222e+04 0
3.0874296435e+04 5.9306941438e+03 0
3.0874296435e+04 4.9295684003e+03 0
3.0874296435e+04 3.9284426567e+03 0
3.0874296435e+04 2.9273169131e+03 0
3.0874296435e+04 1.9261911695e+03 0
3.0874296435e+04 9.2506542589e+02 0
3.0874296435e+04 -7.5359599750e+01 0
8.0717948718e+04 2.5012820513e+04 0
9.9384432420e+03 7.9052111720e+03 0
9.9381162677e+03 8.9063365053e+03 0
9.9377892933e+03 9.9074618386e+03 0
9.9374623189e+03 1.0908587172e+04 0
9.9371353446e+03 1.1909712505e+04 0
9.9368083702e+03 1.2910837839e+04 0
9.9364813959e+03 1.3911963172e+04 0
9.9361544215e+03 1.4913088505e+04 0
9.9358274472e+03 1.5914213839e+04 0
9.9355004728e+03 1.6915339172e+04 0
9.9351734984e+03 1.7916464505e+04 0
9.9348465241e+03 1.8917589839e+04 0
9.9345195497e+03 1.9918715172e+04 0
9.9341925754e+03 2.0919840505e+04 0
9.9338656010e+03 2.1920965839e+04 0
9.9335386266e+03 2.2922091172e+04 0
9.9332116523e+03 2.3923216505e+04 0
9.9328846779e+03 2.4924006129e+04 0
8.0717948718e+04 2.4014197333e+04 0
8.0717948718e+04 2.3013071590e+04 0
8.0717948718e+04 2.2011945846e+04 0
8.0717948718e+04 2.1010820103e+04 0
8.0717948718e+04 2.0009694359e+04 0
8.0717948718e+04 1.9008568615e+04 0
8.0717948718e+04 1.8007442872e+04 0
8.0717948718e+04 1.7006317128e+04 0
1.0935415975e+04 7.9064925979e+03 0
1.0935089001e+04 8.9076179312e+03 0
1.0934762026e+04 9.9087432645e+03 0
1.0934435052e+04 1.0909868598e+04 0
1.0934108078e+04 1.1910993931e+04 0
1.0933781103e+04 1.2912119265e+04 0
1.0933454129e+04 1.3913244598e+04 0
1.0933127154e+04 1.4914369931e+04 0
1.0932800180e+04 1.5915495265e+04 0
1.0932473206e+04 1.6916620598e+04 0
1.0932146231e+04 1.7917745931e+04 0
1.0931819257e+04 1.8918871265e+04 0
1.0931492283e+04 1.9919996598e+04 0
1.0931165308e+04 2.0921121931e+04 0
1.0930838334e+04 2.1922247265e+04 0
1.0930511360e+04 2.2923372598e+04 0
1.0930184385e+04 2.3924497931e+04 0
1.0929857411e+04 2.4925257036e+04 0
8.0717948718e+04 1.6005191385e+04 0
8.0717948718e+04 1.5004065641e+04 0
8.0717948718e+04 1.4002939897e+04 0
8.0717948718e+04 1.3001814154e+04 0
8.0717948718e+04 1.2000688410e+04 0
8.0717948718e+04 1.0999562667e+04 0
8.0717948718e+04 9.9984369231e+03 0
8.0717948718e+04 8.9973111795e+03 0
1.1932388708e+04 7.9077740238e+03 0
1.1932061734e+04 8.9088993571e+03 0
1.1931734759e+04 9.9100246904e+03 0
1.1931407785e+04 1.0911150024e+04 0
1.1931080811e+04 1.1912275357e+04 0
1.1930753836e+04 1.2913400690e+04 0
1.1930426862e+04 1.3914526024e+04 0
1.1930099887e+04 1.4915651357e+04 0
1.1929772913e+04 1.5916776690e+04 0
1.1929445939e+04 1.6917902024e+04 0
1.1929118964e+04 1.7919027357e+04 0
1.1928791990e+04 1.8920152690e+04 0
1.1928465016e+04 1.9921278024e+04 0
1.1928138041e+04 2.0922403357e+04 0
1.1927811067e+04 2.1923528690e+04 0
1.1927484093e+04 2.2924654024e+04 0
1.1927157118e+04 2.3925779357e+04 0
1.1926830144e+04 2.4926507942e+04 0
8.0717948718e+04 7.9961854359e+03 0
8.0717948718e+04 6.9950596923e+03 0
8.0717948718e+04 5.9939339487e+03 0
8.0717948718e+04 4.9928082051e+03 0
8.0717948718e+04 3.9916824615e+03 0
8.0717948718e+04 2.9905567179e+03 0
8.0717948718e+04 1.9894309744e+03 0
8.0717948718e+04 9.8830523077e+02 0
1.2929361441e+04 7.9090554497e+03 0
1.2929034467e+04 8.9101807830e+03 0
1.2928707492e+04 9.9113061163e+03 0
1.2928380518e+04 1.0912431450e+04 0
1.2928053543e+04 1.1913556783e+04 0
1.2927726569e+04 1.2914682116e+04 0
1.2927399595e+04 1.3915807450e+04 0
1.2927072620e+04 1.4916932783e+04 0
1.2926745646e+04 1.5918058116e+04 0
1.2926418672e+04 1.6919183450e+04 0
1.2926091697e+04 1.7920308783e+04 0
1.2925764723e+04 1.8921434116e+04 0
1.2925437749e+04 1.9922559450e+04 0
1.2925110774e+04 2.0923684783e+04 0
1.2924783800e+04 2.1924810116e+04 0
1.2924456826e+04 2.2925935450e+04 0
1.2924129851e+04 2.3927060783e+04 0
1.2923802877e+04 2.4927758849e+04 0
8.0717948718e+04 -1.2820512821e+01 0
7.9720975985e+04 2.5011569606e+04 0
7.9721302959e+04 2.4012916318e+04 0
7.9721629934e+04 2.3011790984e+04 0
7.9721956908e+04 2.2010665651e+04 0
7.9722283882e+04 2.1009540318e+04 0
7.9722610857e+04 2.0008414984e+04 0
7.9722937831e+04 1.9007289651e+04 0
1.3926334174e+04 7.9103368755e+03 0
1.3926007199e+04 8.9114622089e+03 0
1.3925680225e+04 9.9125875422e+03 0
1.3925353251e+04 1.0913712876e+04 0
1.3925026276e+04 1.1914838209e+04 0
1.3924699302e+04 1.2915963542e+04 0
1.3924372328e+04 1.3917088876e+04 0
1.3924045353e+04 1.4918214209e+04 0
1.3923718379e+04 1.5919339542e+04 0
1.3923391405e+04 1.6920464876e+04 0
1.3923064430e+04 1.7921590209e+04 0
1.3922737456e+04 1.8922715542e+04 0
1.3922410482e+04 1.9923840876e+04 0
1.3922083507e+04 2.0924966209e+04 0
1.3921756533e+04 2.1926091542e+04 0
1.3921429558e+04 2.2927216876e+04 0
1.3921102584e+04 2.3928342209e+04 0
1.3920775610e+04 2.4929009756e+04 0
7.9723264806e+04 1.8006164318e+04 0
7.9723591780e+04 1.7005038984e+04 0
7.9723918754e+04 1.6003913651e+04 0
7.9724245729e+04 1.5002788318e+04 0
7.9724572703e+04 1.4001662984e+04 0
7.9724899677e+04 1.3000537651e+04 0
7.9725226652e+04 1.1999412318e+04 0
7.9725553626e+04 1.0998286984e+04 0
1.4923306907e+04 7.9116183014e+03 0
1.4922979932e+04 8.9127436348e+03 0
1.4922652958e+04 9.9138689681e+03 0
1.4922325984e+04 1.0914994301e+04 0
1.4921999009e+04 1.1916119635e+04 0
1.4921672035e+04 1.2917244968e+04 0
1.4921345061e+04 1.3918370301e+04 0
1.4921018086e+04 1.4919495635e+04 0
1.4920691112e+04 1.5920620968e+04 0
1.4920364138e+04 1.6921746301e+04 0
1.4920037163e+04 1.7922871635e+04 0
1.4919710189e+04 1.8923996968e+04 0
1.4919383215e+04 1.9925122301e+04 0
1.4919056240e+04 2.0926247635e+04 0
1.4918729266e+04 2.1927372968e+04 0
1.4918402291e+04 2.2928498301e+04 0
1.4918075317e+04 2.3929623635e+04 0
1.4917748343e+04 2.4930260663e+04 0
7.9725880600e+04 9.9971616510e+03 0
7.9726207575e+04 8.9960363177e+03 0
7.9726534549e+04 7.9949109844e+03 0
7.9726861523e+04 6.9937856510e+03 0
7.9727188498e+04 5.9926603177e+03 0
7.9727515472e+04 4.9915349844e+03 0
7.9727842447e+04 3.9904096510e+03 0
7.9728169421e+04 2.9892843177e+03 0
1.5920279640e+04 7.9128997273e+03 0
1.5919952665e+04 8.9140250607e+03 0
1.5919625691e+04 9.9151503940e+03 0
1.5919298717e+04 1.0916275727e+04 0
1.5918971742e+04 1.1917401061e+04 0
1.5918644768e+04 1.2918526394e+04 0
1.5918317794e+04 1.3919651727e+04 0
1.5917990819e+04 1.4920777061e+04 0
1.5917663845e+04 1.5921902394e+04 0
1.5917336871e+04 1.6923027727e+04 0
1.5917009896e+04 1.7924153061e+04 0
1.5916682922e+04 1.8925278394e+04 0
1.5916355947e+04 1.9926403727e+04 0
1.5916028973e+04 2.0927529061e+04 0
1.5915701999e+04 2.1928654394e+04 0
1.5915375024e+04 2.2929779727e+04 0
1.5915048050e+04 2.3930905061e+04 0
1.5914721076e+04 2.4931511570e+04 0
7.9728496395e+04 1.9881589844e+03 0
7.9728823370e+04 9.8703365103e+02 0
7.9729150344e+04 -1.4061163227e+01 0
7.8724003252e+04 2.5010318699e+04 0
7.8724330226e+04 2.4011634892e+04 0
7.8724657201e+04 2.3010509558e+04 0
7.8724984175e+04 2.2009384225e+04 0
7.8725311149e+04 2.1008258892e+04 0
1.6917252373e+04 7.9141811532e+03 0
1.6916925398e+04 8.9153064866e+03 0
1.6916598424e+04 9.9164318199e+03 0
1.6916271450e+04 1.0917557153e+04 0
1.6915944475e+04 1.1918682487e+04 0
1.6915617501e+04 1.2919807820e+04 0
1.6915290527e+04 1.3920933153e+04 0
1.6914963552e+04 1.4922058487e+04 0
1.6914636578e+04 1.5923183820e+04 0
1.6914309604e+04 1.6924309153e+04 0
1.6913982629e+04 1.7925434487e+04 0
1.6913655655e+04 1.8926559820e+04 0
1.6913328680e+04 1.9927685153e+04 0
1.6913001706e+04 2.0928810487e+04 0
1.6912674732e+04 2.1929935820e+04 0
1.6912347757e+04 2.2931061153e+04 0
1.6912020783e+04 2.3932186487e+04 0
1.6911693809e+04 2.4932762477e+04 0
7.8725638124e+04 2.0007133558e+04 0
7.8725965098e+04 1.9006008225e+04 0
7.8726292073e+04 1.8004882892e+04 0
7.8726619047e+04 1.7003757558e+04 0
7.8726946021e+04 1.6002632225e+04 0
7.8727272996e+04 1.5001506892e+04 0
7.8727599970e+04 1.4000381558e+04 0
7.8727926944e+04 1.2999256225e+04 0
1.7914225106e+04 7.9154625791e+03 0
1.7913898131e+04 8.9165879124e+03 0
1.7913571157e+04 9.9177132458e+03 0
1.7913244183e+04 1.0918838579e+04 0
1.7912917208e+04 1.1919963912e+04 0
1.7912590234e+04 1.2921089246e+04 0
1.7912263260e+04 1.3922214579e+04 0
1.7911936285e+04 1.4923339912e+04 0
1.7911609311e+04 1.5924465246e+04 0
1.7911282336e+04 1.6925590579e+04 0
1.7910955362e+04 1.7926715912e+04 0
1.7910628388e+04 1.8927841246e+04 0
1.7910301413e+04 1.9928966579e+04 0
1.7909974439e+04 2.0930091912e+04 0
1.7909647465e+04 2.1931217246e+04 0
1.7909320490e+04 2.2932342579e+04 0
1.7908993516e+04 2.3933467912e+04 0
1.7908666542e+04 2.4934013383e+04 0
7.8728253919e+04 1.1998130892e+04 0
7.8728580893e+04 1.0997005558e+04 0
7.8728907867e+04 9.9958802251e+03 0
7.8729234842e+04 8.9947548918e+03 0
7.8729561816e+04 7.9936295585e+03 0
7.8729888790e+04 6.9925042251e+03 0
7.8730215765e+04 5.9913788918e+03 0
7.8730542739e+04 4.9902535585e+03 0
1.8911197839e+04 7.9167440050e+03 0
1.8910870864e+04 8.9178693383e+03 0
1.8910543890e+04 9.9189946717e+03 0
1.8910216916e+04 1.0920120005e+04 0
1.8909889941e+04 1.1921245338e+04 0
1.8909562967e+04 1.2922370672e+04 0
1.8909235992e+04 1.3923496005e+04 0
1.8908909018e+04 1.4924621338e+04 0
1.8908582044e+04 1.5925746672e+04 0
1.8908255069e+04 1.6926872005e+04 0
1.8907928095e+04 1.7927997338e+04 0
1.8907601121e+04 1.8929122672e+04 0
1.8907274146e+04 1.9930248005e+04 0
1.8906947172e+04 2.0931373338e+04 0
1.8906620198e+04 2.1932498672e+04 0
1.8906293223e+04 2.2933624005e+04 0
1.8905966249e+04 2.3934749338e+04 0
1.8905639275e+04 2.4935264290e+04 0
7.8730869714e+04 3.9891282251e+03 0
7.8731196688e+04 2.9880028918e+03 0
7.8731523662e+04 1.9868775585e+03 0
7.8731850637e+04 9.8575222514e+02 0
7.8732177611e+04 -1.5312070044e+01 0
7.7727030519e+04 2.5009067792e+04 0
7.7727357493e+04 2.4010353466e+04 0
7.7727684468e+04 2.3009228133e+04 0
1.9908170572e+04 7.9180254309e+03 0
1.9907843597e+04 8.9191507642e+03 0
1.9907516623e+04 9.9202760976e+03 0
1.9907189649e+04 1.0921401431e+04 0
1.9906862674e+04 1.1922526764e+04 0
1.9906535700e+04 1.2923652098e+04 0
1.9906208725e+04 1.3924777431e+04 0
1.9905881751e+04 1.4925902764e+04 0
1.9905554777e+04 1.5927028098e+04 0
1.9905227802e+04 1.6928153431e+04 0
1.9904900828e+04 1.7929278764e+04 0
1.9904573854e+04 1.8930404098e+04 0
1.9904246879e+04 1.9931529431e+04 0
1.9903919905e+04 2.0932654764e+04 0
1.9903592931e+04 2.1933780098e+04 0
1.9903265956e+04 2.2934905431e+04 0
1.9902938982e+04 2.3936030764e+04 0
1.9902612008e+04 2.4936515197e+04 0
7.7728011442e+04 2.2008102799e+04 0
7.7728338417e+04 2.1006977466e+04 0
7.7728665391e+04 2.0005852133e+04 0
7.7728992365e+04 1.9004726799e+04 0
7.7729319340e+04 1.8003601466e+04 0
7.7729646314e+04 1.7002476133e+04 0
7.7729973288e+04 1.6001350799e+04 0
7.7730300263e+04 1.5000225466e+04 0
2.0905143305e+04 7.9193068568e+03 0
2.0904816330e+04 8.9204321901e+03 0
2.0904489356e+04 9.9215575235e+03 0
2.0904162381e+04 1.0922682857e+04 0
2.0903835407e+04 1.1923808190e+04 0
2.0903508433e+04 1.2924933523e+04 0
2.0903181458e+04 1.3926058857e+04 0
2.0902854484e+04 1.4927184190e+04 0
2.0902527510e+04 1.5928309523e+04 0
2.0902200535e+04 1.6929434857e+04 0
2.0901873561e+04 1.7930560190e+04 0
2.0901546587e+04 1.8931685523e+04 0
2.0901219612e+04 1.9932810857e+04 0
2.0900892638e+04 2.0933936190e+04 0
2.0900565664e+04 2.1935061523e+04 0
2.0900238689e+04 2.2936186857e+04 0
2.0899911715e+04 2.3937312190e+04 0
2.0899584740e+04 2.4937766104e+04 0
7.7730627237e+04 1.3999100133e+04 0
7.7730954211e+04 1.2997974799e+04 0
7.7731281186e+04 1.1996849466e+04 0
7.7731608160e+04 1.0995724133e+04 0
7.7731935134e+04 9.9945987992e+03 0
7.7732262109e+04 8.9934734659e+03 0
7.7732589083e+04 7.9923481326e+03 0
7.7732916058e+04 6.9912227992e+03 0
2.1902116038e+04 7.9205882827e+03 0
2.1901789063e+04 8.9217136160e+03 0
2.1901462089e+04 9.9228389493e+03 0
2.1901135114e+04 1.0923964283e+04 0
2.1900808140e+04 1.1925089616e+04 0
2.1900481166e+04 1.2926214949e+04 0
2.1900154191e+04 1.3927340283e+04 0
2.1899827217e+04 1.4928465616e+04 0
2.1899500243e+04 1.5929590949e+04 0
2.1899173268e+04 1.6930716283e+04 0
2.1898846294e+04 1.7931841616e+04 0
2.1898519320e+04 1.8932966949e+04 0
2.1898192345e+04 1.9934092283e+04 0
2.1897865371e+04 2.0935217616e+04 0
2.1897538396e+04 2.1936342949e+04 0
2.1897211422e+04 2.2937468283e+04 0
2.1896884448e+04 2.3938593616e+04 0
2.1896557473e+04 2.4939017011e+04 0
7.7733243032e+04 5.9900974659e+03 0
7.7733570006e+04 4.9889721326e+03 0
7.7733896981e+04 3.9878467992e+03 0
7.7734223955e+04 2.9867214659e+03 0
7.7734550929e+04 1.9855961326e+03 0
7.7734877904e+04 9.8447079925e+02 0
7.7735204878e+04 -1.6562976861e+01 0
7.6730057786e+04 2.5007816886e+04 0
2.2899088770e+04 7.9218697086e+03 0
2.2898761796e+04 8.9229950419e+03 0
2.2898434822e+04 9.9241203752e+03 0
2.2898107847e+04 1.0925245709e+04 0
2.2897780873e+04 1.1926371042e+04 0
2.2897453899e+04 1.2927496375e+04 0
2.2897126924e+04 1.3928621709e+04 0
2.2896799950e+04 1.4929747042e+04 0
2.2896472976e+04 1.5930872375e+04 0
2.2896146001e+04 1.6931997709e+04 0
2.2895819027e+04 1.7933123042e+04 0
2.2895492053e+04 1.8934248375e+04 0
2.2895165078e+04 1.9935373709e+04 0
2.2894838104e+04 2.0936499042e+04 0
2.2894511129e+04 2.1937624375e+04 0
2.2894184155e+04 2.2938749709e+04 0
2.2893857181e+04 2.3939875042e+04 0
2.2893530206e+04 2.4940267917e+04 0
7.6730384760e+04 2.4009072040e+04 0
7.6730711735e+04 2.3007946707e+04 0
7.6731038709e+04 2.2006821373e+04 0
7.6731365684e+04 2.1005696040e+04 0
7.6731692658e+04 2.0004570707e+04 0
7.6732019632e+04 1.9003445373e+04 0
7.6732346607e+04 1.8002320040e+04 0
7.6732673581e+04 1.7001194707e+04 0
2.3896061503e+04 7.9231511345e+03 0
2.3895734529e+04 8.9242764678e+03 0
2.3895407555e+04 9.9254018011e+03 0
2.3895080580e+04 1.0926527134e+04 0
2.3894753606e+04 1.1927652468e+04 0
2.3894426632e+04 1.2928777801e+04 0
2.3894099657e+04 1.3929903134e+04 0
2.3893772683e+04 1.4931028468e+04 0
2.3893445709e+04 1.5932153801e+04 0
2.3893118734e+04 1.6933279134e+04 0
2.3892791760e+04 1.7934404468e+04 0
2.3892464785e+04 1.8935529801e+04 0
2.3892137811e+04 1.9936655134e+04 0
2.3891810837e+04 2.0937780468e+04 0
2.3891483862e+04 2.1938905801e+04 0
2.3891156888e+04 2.2940031134e+04 0
2.3890829914e+04 2.3941156468e+04 0
2.3890502939e+04 2.4941518824e+04 0
7.6733000555e+04 1.6000069373e+04 0
7.6733327530e+04 1.4998944040e+04 0
7.6733654504e+04 1.3997818707e+04 0
7.6733981478e+04 1.2996693373e+04 0
7.6734308453e+04 1.1995568040e+04 0
7.6734635427e+04 1.0994442707e+04 0
7.6734962402e+04 9.9933173734e+03 0
7.6735289376e+04 8.9921920400e+03 0
2.4893034236e+04 7.9244325604e+03 0
2.4892707262e+04 8.9255578937e+03 0
2.4892380288e+04 9.9266832270e+03 0
2.4892053313e+04 1.0927808560e+04 0
2.4891726339e+04 1.1928933894e+04 0
2.4891399365e+04 1.2930059227e+04 0
2.4891072390e+04 1.3931184560e+04 0
2.4890745416e+04 1.4932309894e+04 0
2.4890418442e+04 1.5933435227e+04 0
2.4890091467e+04 1.6934560560e+04 0
2.4889764493e+04 1.7935685894e+04 0
2.4889437518e+04 1.8936811227e+04 0
2.4889110544e+04 1.9937936560e+04 0
2.4888783570e+04 2.0939061894e+04 0
2.4888456595e+04 2.1940187227e+04 0
2.4888129621e+04 2.2941312560e+04 0
2.4887802647e+04 2.3942437894e+04 0
2.4887475672e+04 2.4942769731e+04 0
7.6735616350e+04 7.9910667067e+03 0
7.6735943325e+04 6.9899413734e+03 0
7.6736270299e+04 5.9888160400e+03 0
7.6736597273e+04 4.9876907067e+03 0
7.6736924248e+04 3.9865653734e+03 0
7.6737251222e+04 2.9854400400e+03 0
7.6737578196e+04 1.9843147067e+03 0
7.6737905171e+04 9.8318937336e+02 0
2.5890006969e+04 7.9257139862e+03 0
2.5889679995e+04 8.9268393196e+03 0
2.5889353021e+04 9.9279646529e+03 0
2.5889026046e+04 1.0929089986e+04 0
2.5888699072e+04 1.1930215320e+04 0
2.5888372098e+04 1.2931340653e+04 0
2.5888045123e+04 1.3932465986e+04 0
2.5887718149e+04 1.4933591320e+04 0
2.5887391174e+04 1.5934716653e+04 0
2.5887064200e+04 1.6935841986e+04 0
2.5886737226e+04 1.7936967320e+04 0
2.5886410251e+04 1.8938092653e+04 0
2.5886083277e+04 1.9939217986e+04 0
2.5885756303e+04 2.0940343320e+04 0
2.5885429328e+04 2.1941468653e+04 0
2.5885102354e+04 2.2942593986e+04 0
2.5884775380e+04 2.3943719320e+04 0
2.5884448405e+04 2.4944020638e+04 0
7.6738232145e+04 -1.7813883677e+01 0
7.5733085053e+04 2.5006565979e+04 0
7.5733412028e+04 2.4007790614e+04 0
7.5733739002e+04 2.3006665281e+04 0
7.5734065976e+04 2.2005539947e+04 0
7.5734392951e+04 2.1004414614e+04 0
7.5734719925e+04 2.0003289281e+04 0
7.5735046899e+04 1.9002163947e+04 0
2.6886979702e+04 7.9269954121e+03 0
2.6886652728e+04 8.9281207455e+03 0
2.6886325754e+04 9.9292460788e+03 0
2.6885998779e+04 1.0930371412e+04 0
2.6885671805e+04 1.1931496745e+04 0
2.6885344831e+04 1.2932622079e+04 0
2.6885017856e+04 1.3933747412e+04 0
2.6884690882e+04 1.4934872745e+04 0
2.6884363907e+04 1.5935998079e+04 0
2.6884036933e+04 1.6937123412e+04 0
2.6883709959e+04 1.7938248745e+04 0
2.6883382984e+04 1.8939374079e+04 0
2.6883056010e+04 1.9940499412e+04 0
2.6882729036e+04 2.0941624745e+04 0
2.6882402061e+04 2.1942750079e+04 0
2.6882075087e+04 2.2943875412e+04 0
2.6881748113e+04 2.3945000745e+04 0
2.6881421138e+04 2.4945271545e+04 0
7.5735373874e+04 1.8001038614e+04 0
7.5735700848e+04 1.6999913281e+04 0
7.5736027822e+04 1.5998787947e+04 0
7.5736354797e+04 1.4997662614e+04 0
7.5736681771e+04 1.3996537281e+04 0
7.5737008745e+04 1.2995411947e+04 0
7.5737335720e+04 1.1994286614e+04 0
7.5737662694e+04 1.0993161281e+04 0
2.7883952435e+04 7.9282768380e+03 0
2.7883625461e+04 8.9294021714e+03 0
2.7883298487e+04 9.9305275047e+03 0
2.7882971512e+04 1.0931652838e+04 0
2.7882644538e+04 1.1932778171e+04 0
2.7882317563e+04 1.2933903505e+04 0
2.7881990589e+04 1.3935028838e+04 0
2.7881663615e+04 1.4936154171e+04 0
2.7881336640e+04 1.5937279505e+04 0
2.7881009666e+04 1.6938404838e+04 0
2.7880682692e+04 1.7939530171e+04 0
2.7880355717e+04 1.8940655505e+04 0
2.7880028743e+04 1.9941780838e+04 0
2.7879701769e+04 2.0942906171e+04 0
2.7879374794e+04 2.1944031505e+04 0
2.7879047820e+04 2.2945156838e+04 0
2.7878720846e+04 2.3946282171e+04 0
2.7878393871e+04 2.4946522452e+04 0
7.5737989669e+04 9.9920359475e+03 0
7.5738316643e+04 8.9909106141e+03 0
7.5738643617e+04 7.9897852808e+03 0
7.5738970592e+04 6.9886599475e+03 0
7.5739297566e+04 5.9875346141e+03 0
7.5739624540e+04 4.9864092808e+03 0
7.5739951515e+04 3.9852839475e+03 0
7.5740278489e+04 2.9841586141e+03 0
2.8880925168e+04 7.9295582639e+03 0
2.8880598194e+04 8.9306835972e+03 0
2.8880271220e+04 9.9318089306e+03 0
2.8879944245e+04 1.0932934264e+04 0
2.8879617271e+04 1.1934059597e+04 0
2.8879290296e+04 1.2935184931e+04 0
2.8878963322e+04 1.3936310264e+04 0
2.8878636348e+04 1.4937435597e+04 0
2.8878309373e+04 1.5938560931e+04 0
2.8877982399e+04 1.6939686264e+04 0
2.8877655425e+04 1.7940811597e+04 0
2.8877328450e+04 1.8941936931e+04 0
2.8877001476e+04 1.9943062264e+04 0
2.8876674502e+04 2.0944187597e+04 0
2.8876347527e+04 2.1945312931e+04 0
2.8876020553e+04 2.2946438264e+04 0
2.8875693578e+04 2.3947563597e+04 0
2.8875366604e+04 2.4947773358e+04 0
7.5740605463e+04 1.9830332808e+03 0
7.5740932438e+04 9.8190794747e+02 0
7.5741259412e+04 -1.9064790494e+01 0
7.4736112320e+04 2.5005315072e+04 0
7.4736439295e+04 2.4006509188e+04 0
7.4736766269e+04 2.3005383855e+04 0
7.4737093243e+04 2.2004258522e+04 0
7.4737420218e+04 2.1003133188e+04 0
2.9877897901e+04 7.9308396898e+03 0
2.9877570927e+04 8.9319650231e+03 0
2.9877243952e+04 9.9330903565e+03 0
2.9876916978e+04 1.0934215690e+04 0
2.9876590004e+04 1.1935341023e+04 0
2.9876263029e+04 1.2936466356e+04 0
2.9875936055e+04 1.3937591690e+04 0
2.9875609081e+04 1.4938717023e+04 0
2.9875282106e+04 1.5939842356e+04 0
2.9874955132e+04 1.6940967690e+04 0
2.9874628158e+04 1.7942093023e+04 0
2.9874301183e+04 1.8943218356e+04 0
2.9873974209e+04 1.9944343690e+04 0
2.9873647235e+04 2.0945469023e+04 0
2.9873320260e+04 2.1946594356e+04 0
2.9872993286e+04 2.2947719690e+04 0
2.9872666311e+04 2.3948845023e+04 0
2.9872339337e+04 2.4949024265e+04 0
3.0877486429e+04 -7.5355597248e+01 0
3.0877159455e+04 9.2424378236e+02 0
3.0876832480e+04 1.9253691157e+03 0
3.0876505506e+04 2.9264944490e+03 0
3.0876178532e+04 3.9276197824e+03 0
3.0875851557e+04 4.9287451157e+03 0
3.0875524583e+04 5.9298704490e+03 0
3.0875197609e+04 6.9309957824e+03 0
3.0874870634e+04 7.9321211157e+03 0
3.0874543660e+04 8.9332464490e+03 0
3.0874216685e+04 9.9343717824e+03 0
3.0873889711e+04 1.0935497116e+04 0
3.0873562737e+04 1.1936622449e+04 0
3.0873235762e+04 1.2937747782e+04 0
3.0872908788e+04 1.3938873116e+04 0
3.0872581814e+04 1.4939998449e+04 0
3.0872254839e+04 1.5941123782e+04 0
3.0871927865e+04 1.6942249116e+04 0
3.0871600891e+04 1.7943374449e+04 0
3.0871273916e+04 1.8944499782e+04 0
3.0870946942e+04 1.9945625116e+04 0
3.0870619967e+04 2.0946750449e+04 0
3.0870292993e+04 2.1947875782e+04 0
3.0869966019e+04 2.2949001116e+04 0
3.0869639044e+04 2.3950126449e+04 0
3.0869312070e+04 2.4950275172e+04 0
3.1874459162e+04 -7.4104690432e+01 0
3.1874132188e+04 9.2552520826e+02 0
3.1873805213e+04 1.9266505416e+03 0
3.1873478239e+04 2.9277758749e+03 0
3.1873151265e+04 3.9289012083e+03 0
3.1872824290e+04 4.9300265416e+03 0
3.1872497316e+04 5.9311518749e+03 0
3.1872170341e+04 6.9322772083e+03 0
3.1871843367e+04 7.9334025416e+03 0
3.1871516393e+04 8.9345278749e+03 0
3.1871189418e+04 9.9356532083e+03 0
3.1870862444e+04 1.0936778542e+04 0
3.1870535470e+04 1.1937903875e+04 0
3.1870208495e+04 1.2939029208e+04 0
3.1869881521e+04 1.3940154542e+04 0
3.1869554547e+04 1.4941279875e+04 0
3.1869227572e+04 1.5942405208e+04 0
3.1868900598e+04 1.6943530542e+04 0
3.1868573624e+04 1.7944655875e+04 0
3.1868246649e+04 1.8945781208e+04 0
3.1867919675e+04 1.9946906542e+04 0
3.1867592700e+04 2.0948031875e+04 0
3.1867265726e+04 2.1949157208e+04 0
3.1866938752e+04 2.2950282542e+04 0
3.1866611777e+04 2.3951407875e+04 0
3.1866284803e+04 2.4951526079e+04 0
3.2871431895e+04 -7.2853783615e+01 0
3.2871104921e+04 9.2680663415e+02 0
3.2870777946e+04 1.9279319675e+03 0
3.2870450972e+04 2.9290573008e+03 0
3.2870123997e+04 3.9301826341e+03 0
3.2869797023e+04 4.9313079675e+03 0
3.2869470049e+04 5.9324333008e+03 0
3.2869143074e+04 6.9335586341e+03 0
3.2868816100e+04 7.9346839675e+03 0
3.2868489126e+04 8.9358093008e+03 0
3.2868162151e+04 9.9369346341e+03 0
3.2867835177e+04 1.0938059967e+04 0
3.2867508203e+04 1.1939185301e+04 0
3.2867181228e+04 1.2940310634e+04 0
3.2866854254e+04 1.3941435967e+04 0
3.2866527280e+04 1.4942561301e+04 0
3.2866200305e+04 1.5943686634e+04 0
3.2865873331e+04 1.6944811967e+04 0
3.2865546356e+04 1.7945937301e+04 0
3.2865219382e+04 1.8947062634e+04 0
3.2864892408e+04 1.9948187967e+04 0
3.2864565433e+04 2.0949313301e+04 0
3.2864238459e+04 2.1950438634e+04 0
3.2863911485e+04 2.2951563967e+04 0
3.2863584510e+04 2.3952689301e+04 0
3.2863257536e+04 2.4952776986e+04 0
3.3868404628e+04 -7.1602876798e+01 0
3.3868077654e+04 9.2808806004e+02 0
3.3867750679e+04 1.9292133934e+03 0
3.3867423705e+04 2.9303387267e+03 0
3.3867096730e+04 3.9314640600e+03 0
3.3866769756e+04 4.9325893934e+03 0
3.3866442782e+04 5.9337147267e+03 0
3.3866115807e+04 6.9348400600e+03 0
3.3865788833e+04 7.9359653934e+03 0
3.3865461859e+04 8.9370907267e+03 0
3.3865134884e+04 9.9382160600e+03 0
3.3864807910e+04 1.0939341393e+04 0
3.3864480936e+04 1.1940466727e+04 0
3.3864153961e+04 1.2941592060e+04 0
3.3863826987e+04 1.3942717393e+04 0
3.3863500013e+04 1.4943842727e+04 0
3.3863173038e+04 1.5944968060e+04 0
3.3862846064e+04 1.6946093393e+04 0
3.3862519089e+04 1.7947218727e+04 0
3.3862192115e+04 1.8948344060e+04 0
3.3861865141e+04 1.9949469393e+04 0
3.3861538166e+04 2.0950594727e+04 0
3.3861211192e+04 2.1951720060e+04 0
3.3860884218e+04 2.2952845393e+04 0
3.3860557243e+04 2.3953970727e+04 0
3.3860230269e+04 2.4954027892e+04 0
3.4865377361e+04 -7.0351969981e+01 0
3.4865050386e+04 9.2936948593e+02 0
3.4864723412e+04 1.9304948193e+03 0
3.4864396438e+04 2.9316201526e+03 0
3.4864069463e+04 3.9327454859e+03 0
3.4863742489e+04 4.9338708193e+03 0
3.4863415515e+04 5.9349961526e+03 0
3.4863088540e+04 6.9361214859e+03 0
3.4862761566e+04 7.9372468193e+03 0
3.4862434592e+04 8.9383721526e+03 0
3.4862107617e+04 9.9394974859e+03 0
3.4861780643e+04 1.0940622819e+04 0
3.4861453669e+04 1.1941748153e+04 0
3.4861126694e+04 1.2942873486e+04 0
3.4860799720e+04 1.3943998819e+04 0
3.4860472745e+04 1.4945124153e+04 0
3.4860145771e+04 1.5946249486e+04 0
3.4859818797e+04 1.6947374819e+04 0
3.4859491822e+04 1.7948500153e+04 0
3.4859164848e+04 1.8949625486e+04 0
3.4858837874e+04 1.9950750819e+04 0
3.4858510899e+04 2.0951876153e+04 0
3.4858183925e+04 2.1953001486e+04 0
3.4857856951e+04 2.2954126819e+04 0
3.4857529976e+04 2.3955252153e+04 0
3.4857203002e+04 2.4955278799e+04 0
3.5862350094e+04 -6.9101063164e+01 0
3.5862023119e+04 9.3065091182e+02 0
3.5861696145e+04 1.9317762452e+03 0
3.5861369171e+04 2.9329015785e+03 0
3.5861042196e+04 3.9340269118e+03 0
3.5860715222e+04 4.9351522452e+03 0
3.5860388248e+04 5.9362775785e+03 0
3.5860061273e+04 6.9374029118e+03 0
3.5859734299e+04 7.9385282452e+03 0
3.5859407325e+04 8.9396535785e+03 0
3.5859080350e+04 9.9407789118e+03 0
3.5858753376e+04 1.0941904245e+04 0
3.5858426402e+04 1.1943029578e+04 0
3.5858099427e+04 1.2944154912e+04 0
3.5857772453e+04 1.3945280245e+04 0
3.5857445478e+04 1.4946405578e+04 0
3.5857118504e+04 1.5947530912e+04 0
3.5856791530e+04 1.6948656245e+04 0
3.5856464555e+04 1.7949781578e+04 0
3.5856137581e+04 1.8950906912e+04 0
3.5855810607e+04 1.9952032245e+04 0
3.5855483632e+04 2.0953157578e+04 0
3.5855156658e+04 2.1954282912e+04 0
3.5854829684e+04 2.2955408245e+04 0
3.5854502709e+04 2.3956533578e+04 0
3.5854175735e+04 2.4956529706e+04 0
3.6859322827e+04 -6.7850156348e+01 0
3.6858995852e+04 9.3193233771e+02 0
3.6858668878e+04 1.9330576710e+03 0
3.6858341904e+04 2.9341830044e+03 0
3.6858014929e+04 3.9353083377e+03 0
3.6857687955e+04 4.9364336710e+03 0
3.6857360981e+04 5.9375590044e+03 0
3.6857034006e+04 6.9386843377e+03 0
3.6856707032e+04 7.9398096710e+03 0
3.6856380058e+04 8.9409350044e+03 0
3.6856053083e+04 9.9420603377e+03 0
3.6855726109e+04 1.0943185671e+04 0
3.6855399134e+04 1.1944311004e+04 0
3.6855072160e+04 1.2945436338e+04 0
3.6854745186e+04 1.3946561671e+04 0
3.6854418211e+04 1.4947687004e+04 0
3.6854091237e+04 1.5948812338e+04 0
3.6853764263e+04 1.6949937671e+04 0
3.6853437288e+04 1.7951063004e+04 0
3.6853110314e+04 1.8952188338e+04 0
3.6852783340e+04 1.9953313671e+04 0
3.6852456365e+04 2.0954439004e+04 0
3.6852129391e+04 2.1955564338e+04 0
3.6851802417e+04 2.2956689671e+04 0
3.6851475442e+04 2.3957815004e+04 0
3.6851148468e+04 2.4957780613e+04 0
3.7856295560e+04 -6.6599249531e+01 0
3.7855968585e+04 9.3321376360e+02 0
3.7855641611e+04 1.9343390969e+03 0
3.7855314637e+04 2.9354644303e+03 0
3.7854987662e+04 3.9365897636e+03 0
3.7854660688e+04 4.9377150969e+03 0
3.7854333714e+04 5.9388404303e+03 0
3.7854006739e+04 6.9399657636e+03 0
3.7853679765e+04 7.9410910969e+03 0
3.7853352790e+04 8.9422164303e+03 0
3.7853025816e+04 9.9433417636e+03 0
3.7852698842e+04 1.0944467097e+04 0
3.7852371867e+04 1.1945592430e+04 0
3.7852044893e+04 1.2946717764e+04 0
3.7851717919e+04 1.3947843097e+04 0
3.7851390944e+04 1.4948968430e+04 0
3.7851063970e+04 1.5950093764e+04 0
3.7850736996e+04 1.6951219097e+04 0
3.7850410021e+04 1.7952344430e+04 0
3.7850083047e+04 1.8953469764e+04 0
3.7849756073e+04 1.9954595097e+04 0
3.7849429098e+04 2.0955720430e+04 0
3.7849102124e+04 2.1956845764e+04 0
3.7848775149e+04 2.2957971097e+04 0
3.7848448175e+04 2.3959096430e+04 0
3.7848121201e+04 2.4959031520e+04 0
3.8853268293e+04 -6.5348342714e+01 0
3.8852941318e+04 9.3449518949e+02 0
3.8852614344e+04 1.9356205228e+03 0
3.8852287370e+04 2.9367458562e+03 0
3.8851960395e+04 3.9378711895e+03 0
3.8851633421e+04 4.9389965228e+03 0
3.8851306447e+04 5.9401218562e+03 0
3.8850979472e+04 6.9412471895e+03 0
3.8850652498e+04 7.9423725228e+03 0
3.8850325523e+04 8.9434978562e+03 0
3.8849998549e+04 9.9446231895e+03 0
3.8849671575e+04 1.0945748523e+04 0
3.8849344600e+04 1.1946873856e+04 0
3.8849017626e+04 1.2947999189e+04 0
3.8848690652e+04 1.3949124523e+04 0
3.8848363677e+04 1.4950249856e+04 0
3.8848036703e+04 1.5951375189e+04 0
3.8847709729e+04 1.6952500523e+04 0
3.8847382754e+04 1.7953625856e+04 0
3.8847055780e+04 1.8954751189e+04 0
3.8846728806e+04 1.9955876523e+04 0
3.8846401831e+04 2.0957001856e+04 0
3.8846074857e+04 2.1958127189e+04 0
3.8845747882e+04 2.2959252523e+04 0
3.8845420908e+04 2.3960377856e+04 0
3.8845093934e+04 2.4960282427e+04 0
3.9850241026e+04 -6.4097435897e+01 0
3.9849914051e+04 9.3577661538e+02 0
3.9849587077e+04 1.9369019487e+03 0
3.9849260103e+04 2.9380272821e+03 0
3.9848933128e+04 3.9391526154e+03 0
3.9848606154e+04 4.9402779487e+03 0
3.9848279179e+04 5.9414032821e+03 0
3.9847952205e+04 6.9425286154e+03 0
3.9847625231e+04 7.9436539487e+03 0
3.9847298256e+04 8.9447792821e+03 0
3.9846971282e+04 9.9459046154e+03 0
3.9846644308e+04 1.0947029949e+04 0
3.9846317333e+04 1.1948155282e+04 0
3.9845990359e+04 1.2949280615e+04 0
3.9845663385e+04 1.3950405949e+04 0
3.9845336410e+04 1.4951531282e+04 0
3.9845009436e+04 1.5952656615e+04 0
3.9844682462e+04 1.6953781949e+04 0
3.9844355487e+04 1.7954907282e+04 0
3.9844028513e+04 1.8956032615e+04 0
3.9843701538e+04 1.9957157949e+04 0
3.9843374564e+04 2.0958283282e+04 0
3.9843047590e+04 2.1959408615e+04 0
3.9842720615e+04 2.2960533949e+04 0
3.9842393641e+04 2.3961659282e+04 0
3.9842066667e+04 2.4961533333e+04 0
4.0847213759e+04 -6.2846529081e+01 0
4.0846886784e+04 9.3705804128e+02 0
4.0846559810e+04 1.9381833746e+03 0
4.0846232836e+04 2.9393087079e+03 0
4.0845905861e+04 3.9404340413e+03 0
4.0845578887e+04 4.9415593746e+03 0
4.0845251912e+04 5.9426847079e+03 0
4.0844924938e+04 6.9438100413e+03 0
4.0844597964e+04 7.9449353746e+03 0
4.0844270989e+04 8.9460607079e+03 0
4.0843944015e+04 9.9471860413e+03 0
4.0843617041e+04 1.0948311375e+04 0
4.0843290066e+04 1.1949436708e+04 0
4.0842963092e+04 1.2950562041e+04 0
4.0842636118e+04 1.3951687375e+04 0
4.0842309143e+04 1.4952812708e+04 0
4.0841982169e+04 1.5953938041e+04 0
4.0841655194e+04 1.6955063375e+04 0
4.0841328220e+04 1.7956188708e+04 0
4.0841001246e+04 1.8957314041e+04 0
4.0840674271e+04 1.9958439375e+04 0
4.0840347297e+04 2.0959564708e+04 0
4.0840020323e+04 2.1960690041e+04 0
4.0839693348e+04 2.2961815375e+04 0
4.0839366374e+04 2.3962940708e+04 0
4.0839039400e+04 2.4962784240e+04 0
4.1844186492e+04 -6.1595622264e+01 0
4.1843859517e+04 9.3833946717e+02 0
4.1843532543e+04 1.9394648005e+03 0
4.1843205568e+04 2.9405901338e+03 0
4.1842878594e+04 3.9417154672e+03 0
4.1842551620e+04 4.9428408005e+03 0
4.1842224645e+04 5.9439661338e+03 0
4.1841897671e+04 6.9450914672e+03 0
4.1841570697e+04 7.9462168005e+03 0
4.1841243722e+04 8.9473421338e+03 0
4.1840916748e+04 9.9484674672e+03 0
4.1840589774e+04 1.0949592801e+04 0
4.1840262799e+04 1.1950718134e+04 0
4.1839935825e+04 1.2951843467e+04 0
4.1839608851e+04 1.3952968801e+04 0
4.1839281876e+04 1.4954094134e+04 0
4.1838954902e+04 1.5955219467e+04 0
4.1838627927e+04 1.6956344801e+04 0
4.1838300953e+04 1.7957470134e+04 0
4.1837973979e+04 1.8958595467e+04 0
4.1837647004e+04 1.9959720801e+04 0
4.1837320030e+04 2.0960846134e+04 0
4.1836993056e+04 2.1961971467e+04 0
4.1836666081e+04 2.2963096801e+04 0
4.1836339107e+04 2.3964222134e+04 0
4.1836012133e+04 2.4964035147e+04 0
4.2841159225e+04 -6.0344715447e+01 0
4.2840832250e+04 9.3962089306e+02 0
4.2840505276e+04 1.9407462264e+03 0
4.2840178301e+04 2.9418715597e+03 0
4.2839851327e+04 3.9429968931e+03 0
4.2839524353e+04 4.9441222264e+03 0
4.2839197378e+04 5.9452475597e+03 0
4.2838870404e+04 6.9463728931e+03 0
4.2838543430e+04 7.9474982264e+03 0
4.2838216455e+04 8.9486235597e+03 0
4.2837889481e+04 9.9497488931e+03 0
4.2837562507e+04 1.0950874226e+04 0
4.2837235532e+04 1.1951999560e+04 0
4.2836908558e+04 1.2953124893e+04 0
4.2836581583e+04 1.3954250226e+04 0
4.2836254609e+04 1.4955375560e+04 0
4.2835927635e+04 1.5956500893e+04 0
4.2835600660e+04 1.6957626226e+04 0
4.2835273686e+04 1.7958751560e+04 0
4.2834946712e+04 1.8959876893e+04 0
4.2834619737e+04 1.9961002226e+04 0
4.2834292763e+04 2.0962127560e+04 0
4.2833965789e+04 2.1963252893e+04 0
4.2833638814e+04 2.2964378226e+04 0
4.2833311840e+04 2.3965503560e+04 0
4.2832984866e+04 2.4965286054e+04 0
4.3838131957e+04 -5.9093808630e+01 0
4.3837804983e+04 9.4090231895e+02 0
4.3837478009e+04 1.9420276523e+03 0
4.3837151034e+04 2.9431529856e+03 0
4.3836824060e+04 3.9442783189e+03 0
4.3836497086e+04 4.9454036523e+03 0
4.3836170111e+04 5.9465289856e+03 0
4.3835843137e+04 6.9476543189e+03 0
4.3835516163e+04 7.9487796523e+03 0
4.3835189188e+04 8.9499049856e+03 0
4.3834862214e+04 9.9510303189e+03 0
4.3834535240e+04 1.0952155652e+04 0
4.3834208265e+04 1.1953280986e+04 0
4.3833881291e+04 1.2954406319e+04 0
4.3833554316e+04 1.3955531652e+04 0
4.3833227342e+04 1.4956656986e+04 0
4.3832900368e+04 1.5957782319e+04 0
4.3832573393e+04 1.6958907652e+04 0
4.3832246419e+04 1.7960032986e+04 0
4.3831919445e+04 1.8961158319e+04 0
4.3831592470e+04 1.9962283652e+04 0
4.3831265496e+04 2.0963408986e+04 0
4.3830938522e+04 2.1964534319e+04 0
4.3830611547e+04 2.2965659652e+04 0
4.3830284573e+04 2.3966784986e+04 0
4.3829957598e+04 2.4966536961e+04 0
4.4835104690e+04 -5.7842901814e+01 0
4.4834777716e+04 9.4218374484e+02 0
4.4834450742e+04 1.9433090782e+03 0
4.4834123767e+04 2.9444344115e+03 0
4.4833796793e+04 3.9455597448e+03 0
4.4833469819e+04 4.9466850782e+03 0
4.4833142844e+04 5.9478104115e+03 0
4.4832815870e+04 6.9489357448e+03 0
4.4832488896e+04 7.9500610782e+03 0
4.4832161921e+04 8.9511864115e+03 0
4.4831834947e+04 9.9523117448e+03 0
4.4831507972e+04 1.0953437078e+04 0
4.4831180998e+04 1.1954562412e+04 0
4.4830854024e+04 1.2955687745e+04 0
4.4830527049e+04 1.3956813078e+04 0
4.4830200075e+04 1.4957938412e+04 0
4.4829873101e+04 1.5959063745e+04 0
4.4829546126e+04 1.6960189078e+04 0
4.4829219152e+04 1.7961314412e+04 0
4.4828892178e+04 1.8962439745e+04 0
4.4828565203e+04 1.9963565078e+04 0
4.4828238229e+04 2.0964690412e+04 0
4.4827911255e+04 2.1965815745e+04 0
4.4827584280e+04 2.2966941078e+04 0
4.4827257306e+04 2.3968066412e+04 0
4.4826930331e+04 2.4967787867e+04 0
4.5832077423e+04 -5.6591994997e+01 0
4.5831750449e+04 9.4346517073e+02 0
4.5831423475e+04 1.9445905041e+03 0
4.5831096500e+04 2.9457158374e+03 0
4.5830769526e+04 3.9468411707e+03 0
4.5830442552e+04 4.9479665041e+03 0
4.5830115577e+04 5.9490918374e+03 0
4.5829788603e+04 6.9502171707e+03 0
4.5829461629e+04 7.9513425041e+03 0
4.5829134654e+04 8.9524678374e+03 0
4.5828807680e+04 9.9535931707e+03 0
4.5828480705e+04 1.0954718504e+04 0
4.5828153731e+04 1.1955843837e+04 0
4.5827826757e+04 1.2956969171e+04 0
4.5827499782e+04 1.3958094504e+04 0
4.5827172808e+04 1.4959219837e+04 0
4.5826845834e+04 1.5960345171e+04 0
4.5826518859e+04 1.6961470504e+04 0
4.5826191885e+04 1.7962595837e+04 0
4.5825864911e+04 1.8963721171e+04 0
4.5825537936e+04 1.9964846504e+04 0
4.5825210962e+04 2.0965971837e+04 0
4.5824883987e+04 2.1967097171e+04 0
4.5824557013e+04 2.2968222504e+04 0
4.5824230039e+04 2.3969347837e+04 0
4.5823903064e+04 2.4969038774e+04 0
4.6829050156e+04 -5.5341088180e+01 0
4.6828723182e+04 9.4474659662e+02 0
4.6828396208e+04 1.9458719300e+03 0
4.6828069233e+04 2.9469972633e+03 0
4.6827742259e+04 3.9481225966e+03 0
4.6827415285e+04 4.9492479300e+03 0
4.6827088310e+04 5.9503732633e+03 0
4.6826761336e+04 6.9514985966e+03 0
4.6826434361e+04 7.9526239300e+03 0
4.6826107387e+04 8.9537492633e+03 0
4.6825780413e+04 9.9548745966e+03 0
4.6825453438e+04 1.0955999930e+04 0
4.6825126464e+04 1.1957125263e+04 0
4.6824799490e+04 1.2958250597e+04 0
4.6824472515e+04 1.3959375930e+04 0
4.6824145541e+04 1.4960501263e+04 0
4.6823818567e+04 1.5961626597e+04 0
4.6823491592e+04 1.6962751930e+04 0
4.6823164618e+04 1.7963877263e+04 0
4.6822837644e+04 1.8965002597e+04 0
4.6822510669e+04 1.9966127930e+04 0
4.6822183695e+04 2.0967253263e+04 0
4.6821856720e+04 2.1968378597e+04 0
4.6821529746e+04 2.2969503930e+04 0
4.6821202772e+04 2.3970629263e+04 0
4.6820875797e+04 2.4970289681e+04 0
4.7826022889e+04 -5.4090181363e+01 0
4.7825695915e+04 9.4602802251e+02 0
4.7825368941e+04 1.9471533558e+03 0
4.7825041966e+04 2.9482786892e+03 0
4.7824714992e+04 3.9494040225e+03 0
4.7824388018e+04 4.9505293558e+03 0
4.7824061043e+04 5.9516546892e+03 0
4.7823734069e+04 6.9527800225e+03 0
4.7823407094e+04 7.9539053558e+03 0
4.7823080120e+04 8.9550306892e+03 0
4.7822753146e+04 9.9561560225e+03 0
4.7822426171e+04 1.0957281356e+04 0
4.7822099197e+04 1.1958406689e+04 0
4.7821772223e+04 1.2959532023e+04 0
4.7821445248e+04 1.3960657356e+04 0
4.7821118274e+04 1.4961782689e+04 0
4.7820791300e+04 1.5962908023e+04 0
4.7820464325e+04 1.6964033356e+04 0
4.7820137351e+04 1.7965158689e+04 0
4.7819810376e+04 1.8966284023e+04 0
4.7819483402e+04 1.9967409356e+04 0
4.7819156428e+04 2.0968534689e+04 0
4.7818829453e+04 2.1969660023e+04 0
4.7818502479e+04 2.2970785356e+04 0
4.7818175505e+04 2.3971910689e+04 0
4.7817848530e+04 2.4971540588e+04 0
4.8822995622e+04 -5.2839274547e+01 0
4.8822668648e+04 9.4730944841e+02 0
4.8822341674e+04 1.9484347817e+03 0
4.8822014699e+04 2.9495601151e+03 0
4.8821687725e+04 3.9506854484e+03 0
4.8821360750e+04 4.9518107817e+03 0
4.8821033776e+04 5.9529361151e+03 0
4.8820706802e+04 6.9540614484e+03 0
4.8820379827e+04 7.9551867817e+03 0
4.8820052853e+04 8.9563121151e+03 0
4.8819725879e+04 9.9574374484e+03 0
4.8819398904e+04 1.0958562782e+04 0
4.8819071930e+04 1.1959688115e+04 0
4.8818744956e+04 1.2960813448e+04 0
4.8818417981e+04 1.3961938782e+04 0
4.8818091007e+04 1.4963064115e+04 0
4.8817764033e+04 1.5964189448e+04 0
4.8817437058e+04 1.6965314782e+04 0
4.8817110084e+04 1.7966440115e+04 0
4.8816783109e+04 1.8967565448e+04 0
4.8816456135e+04 1.9968690782e+04 0
4.8816129161e+04 2.0969816115e+04 0
4.8815802186e+04 2.1970941448e+04 0
4.8815475212e+04 2.2972066782e+04 0
4.8815148238e+04 2.3973192115e+04 0
4.8814821263e+04 2.4972791495e+04 0
4.9819968355e+04 -5.1588367730e+01 0
4.9819641381e+04 9.4859087430e+02 0
4.9819314407e+04 1.9497162076e+03 0
4.9818987432e+04 2.9508415410e+03 0
4.9818660458e+04 3.9519668743e+03 0
4.9818333483e+04 4.9530922076e+03 0
4.9818006509e+04 5.9542175410e+03 0
4.9817679535e+04 6.9553428743e+03 0
4.9817352560e+04 7.9564682076e+03 0
4.9817025586e+04 8.9575935410e+03 0
4.9816698612e+04 9.9587188743e+03 0
4.9816371637e+04 1.0959844208e+04 0
4.9816044663e+04 1.1960969541e+04 0
4.9815717689e+04 1.2962094874e+04 0
4.9815390714e+04 1.3963220208e+04 0
4.9815063740e+04 1.4964345541e+04 0
4.9814736765e+04 1.5965470874e+04 0
4.9814409791e+04 1.6966596208e+04 0
4.9814082817e+04 1.7967721541e+04 0
4.9813755842e+04 1.8968846874e+04 0
4.9813428868e+04 1.9969972208e+04 0
4.9813101894e+04 2.0971097541e+04 0
4.9812774919e+04 2.1972222874e+04 0
4.9812447945e+04 2.2973348208e+04 0
4.9812120971e+04 2.3974473541e+04 0
4.9811793996e+04 2.4974042402e+04 0
5.0816941088e+04 -5.0337460913e+01 0
5.0816614114e+04 9.4987230019e+02 0
5.0816287139e+04 1.9509976335e+03 0
5.0815960165e+04 2.9521229669e+03 0
5.0815633191e+04 3.9532483002e+03 0
5.0815306216e+04 4.9543736335e+03 0
5.0814979242e+04 5.9554989669e+03 0
5.0814652268e+04 6.9566243002e+03 0
5.0814325293e+04 7.9577496335e+03 0
5.0813998319e+04 8.9588749669e+03 0
5.0813671345e+04 9.9600003002e+03 0
5.0813344370e+04 1.0961125634e+04 0
5.0813017396e+04 1.1962250967e+04 0
5.0812690422e+04 1.2963376300e+04 0
5.0812363447e+04 1.3964501634e+04 0
5.0812036473e+04 1.4965626967e+04 0
5.0811709498e+04 1.5966752300e+04 0
5.0811382524e+04 1.6967877634e+04 0
5.0811055550e+04 1.7969002967e+04 0
5.0810728575e+04 1.8970128300e+04 0
5.0810401601e+04 1.9971253634e+04 0
5.0810074627e+04 2.0972378967e+04 0
5.0809747652e+04 2.1973504300e+04 0
5.0809420678e+04 2.2974629634e+04 0
5.0809093704e+04 2.3975754967e+04 0
5.0808766729e+04 2.4975293308e+04 0
5.1813913821e+04 -4.9086554096e+01 0
5.1813586847e+04 9.5115372608e+02 0
5.1813259872e+04 1.9522790594e+03 0
5.1812932898e+04 2.9534043927e+03 0
5.1812605924e+04 3.9545297261e+03 0
5.1812278949e+04 4.9556550594e+03 0
5.1811951975e+04 5.9567803927e+03 0
5.1811625001e+04 6.9579057261e+03 0
5.1811298026e+04 7.9590310594e+03 0
5.1810971052e+04 8.9601563927e+03 0
5.1810644078e+04 9.9612817261e+03 0
5.1810317103e+04 1.0962407059e+04 0
5.1809990129e+04 1.1963532393e+04 0
5.1809663154e+04 1.2964657726e+04 0
5.1809336180e+04 1.3965783059e+04 0
5.1809009206e+04 1.4966908393e+04 0
5.1808682231e+04 1.5968033726e+04 0
5.1808355257e+04 1.6969159059e+04 0
5.1808028283e+04 1.7970284393e+04 0
5.1807701308e+04 1.8971409726e+04 0
5.1807374334e+04 1.9972535059e+04 0
5.1807047360e+04 2.0973660393e+04 0
5.1806720385e+04 2.1974785726e+04 0
5.1806393411e+04 2.2975911059e+04 0
5.1806066437e+04 2.3977036393e+04 0
5.1805739462e+04 2.4976544215e+04 0
5.2810886554e+04 -4.7835647280e+01 0
5.2810559580e+04 9.5243515197e+02 0
5.2810232605e+04 1.9535604853e+03 0
5.2809905631e+04 2.9546858186e+03 0
5.2809578657e+04 3.9558111520e+03 0
5.2809251682e+04 4.9569364853e+03 0
5.2808924708e+04 5.9580618186e+03 0
5.2808597734e+04 6.9591871520e+03 0
5.2808270759e+04 7.9603124853e+03 0
5.2807943785e+04 8.9614378186e+03 0
5.2807616811e+04 9.9625631520e+03 0
5.2807289836e+04 1.0963688485e+04 0
5.2806962862e+04 1.1964813819e+04 0
5.2806635887e+04 1.2965939152e+04 0
5.2806308913e+04 1.3967064485e+04 0
5.2805981939e+04 1.4968189819e+04 0
5.2805654964e+04 1.5969315152e+04 0
5.2805327990e+04 1.6970440485e+04 0
5.2805001016e+04 1.7971565819e+04 0
5.2804674041e+04 1.8972691152e+04 0
5.2804347067e+04 1.9973816485e+04 0
5.2804020093e+04 2.0974941819e+04 0
5.2803693118e+04 2.1976067152e+04 0
5.2803366144e+04 2.2977192485e+04 0
5.2803039169e+04 2.3978317819e+04 0
5.2802712195e+04 2.4977795122e+04 0
5.3807859287e+04 -4.6584740463e+01 0
5.3807532313e+04 9.5371657786e+02 0
5.3807205338e+04 1.9548419112e+03 0
5.3806878364e+04 2.9559672445e+03 0
5.3806551390e+04 3.9570925779e+03 0
5.3806224415e+04 4.9582179112e+03 0
5.3805897441e+04 5.9593432445e+03 0
5.3805570467e+04 6.9604685779e+03 0
5.3805243492e+04 7.9615939112e+03 0
5.3804916518e+04 8.9627192445e+03 0
5.3804589543e+04 9.9638445779e+03 0
5.3804262569e+04 1.0964969911e+04 0
5.3803935595e+04 1.1966095245e+04 0
5.3803608620e+04 1.2967220578e+04 0
5.3803281646e+04 1.3968345911e+04 0
5.3802954672e+04 1.4969471245e+04 0
5.3802627697e+04 1.5970596578e+04 0
5.3802300723e+04 1.6971721911e+04 0
5.3801973749e+04 1.7972847245e+04 0
5.3801646774e+04 1.8973972578e+04 0
5.3801319800e+04 1.9975097911e+04 0
5.3800992826e+04 2.0976223245e+04 0
5.3800665851e+04 2.1977348578e+04 0
5.3800338877e+04 2.2978473911e+04 0
5.3800011902e+04 2.3979599245e+04 0
5.3799684928e+04 2.4979046029e+04 0
5.4804832020e+04 -4.5333833646e+01 0
5.4804505046e+04 9.5499800375e+02 0
5.4804178071e+04 1.9561233371e+03 0
5.4803851097e+04 2.9572486704e+03 0
5.4803524123e+04 3.9583740038e+03 0
5.4803197148e+04 4.9594993371e+03 0
5.4802870174e+04 5.9606246704e+03 0
5.4802543199e+04 6.9617500038e+03 0
5.4802216225e+04 7.9628753371e+03 0
5.4801889251e+04 8.9640006704e+03 0
5.4801562276e+04 9.9651260038e+03 0
5.4801235302e+04 1.0966251337e+04 0
5.4800908328e+04 1.1967376670e+04 0
5.4800581353e+04 1.2968502004e+04 0
5.4800254379e+04 1.3969627337e+04 0
5.4799927405e+04 1.4970752670e+04 0
5.4799600430e+04 1.5971878004e+04 0
5.4799273456e+04 1.6973003337e+04 0
5.4798946482e+04 1.7974128670e+04 0
5.4798619507e+04 1.8975254004e+04 0
5.4798292533e+04 1.9976379337e+04 0
5.4797965558e+04 2.0977504670e+04 0
5.4797638584e+04 2.1978630004e+04 0
5.4797311610e+04 2.2979755337e+04 0
5.4796984635e+04 2.3980880670e+04 0
5.4796657661e+04 2.4980296936e+04 0
5.5801804753e+04 -4.4082926829e+01 0
5.5801477779e+04 9.5627942964e+02 0
5.5801150804e+04 1.9574047630e+03 0
5.5800823830e+04 2.9585300963e+03 0
5.5800496856e+04 3.9596554296e+03 0
5.5800169881e+04 4.9607807630e+03 0
5.5799842907e+04 5.9619060963e+03 0
5.5799515932e+04 6.9630314296e+03 0
5.5799188958e+04 7.9641567630e+03 0
5.5798861984e+04 8.9652820963e+03 0
5.5798535009e+04 9.9664074296e+03 0
5.5798208035e+04 1.0967532763e+04 0
5.5797881061e+04 1.1968658096e+04 0
5.5797554086e+04 1.2969783430e+04 0
5.5797227112e+04 1.3970908763e+04 0
5.5796900138e+04 1.4972034096e+04 0
5.5796573163e+04 1.5973159430e+04 0
5.5796246189e+04 1.6974284763e+04 0
5.5795919215e+04 1.7975410096e+04 0
5.5795592240e+04 1.8976535430e+04 0
5.5795265266e+04 1.9977660763e+04 0
5.5794938291e+04 2.0978786096e+04 0
5.5794611317e+04 2.1979911430e+04 0
5.5794284343e+04 2.2981036763e+04 0
5.5793957368e+04 2.3982162096e+04 0
5.5793630394e+04 2.4981547842e+04 0
5.6798777486e+04 -4.2832020013e+01 0
5.6798450512e+04 9.5756085553e+02 0
5.6798123537e+04 1.9586861889e+03 0
5.6797796563e+04 2.9598115222e+03 0
5.6797469588e+04 3.9609368555e+03 0
5.6797142614e+04 4.9620621889e+03 0
5.6796815640e+04 5.9631875222e+03 0
5.6796488665e+04 6.9643128555e+03 0
5.6796161691e+04 7.9654381889e+03 0
5.6795834717e+04 8.9665635222e+03 0
5.6795507742e+04 9.9676888555e+03 0
5.6795180768e+04 1.0968814189e+04 0
5.6794853794e+04 1.1969939522e+04 0
5.6794526819e+04 1.2971064856e+04 0
5.6794199845e+04 1.3972190189e+04 0
5.6793872871e+04 1.4973315522e+04 0
5.6793545896e+04 1.5974440856e+04 0
5.6793218922e+04 1.6975566189e+04 0
5.6792891947e+04 1.7976691522e+04 0
5.6792564973e+04 1.8977816856e+04 0
5.6792237999e+04 1.9978942189e+04 0
5.6791911024e+04 2.0980067522e+04 0
5.6791584050e+04 2.1981192856e+04 0
5.6791257076e+04 2.2982318189e+04 0
5.6790930101e+04 2.3983443522e+04 0
5.6790603127e+04 2.4982798749e+04 0
5.7795750219e+04 -4.1581113196e+01 0
5.7795423245e+04 9.5884228143e+02 0
5.7795096270e+04 1.9599676148e+03 0
5.7794769296e+04 2.9610929481e+03 0
5.7794442321e+04 3.9622182814e+03 0
5.7794115347e+04 4.9633436148e+03 0
5.7793788373e+04 5.9644689481e+03 0
5.7793461398e+04 6.9655942814e+03 0
5.7793134424e+04 7.9667196148e+03 0
5.7792807450e+04 8.9678449481e+03 0
5.7792480475e+04 9.9689702814e+03 0
5.7792153501e+04 1.0970095615e+04 0
5.7791826527e+04 1.1971220948e+04 0
5.7791499552e+04 1.2972346281e+04 0
5.7791172578e+04 1.3973471615e+04 0
5.7790845604e+04 1.4974596948e+04 0
5.7790518629e+04 1.5975722281e+04 0
5.7790191655e+04 1.6976847615e+04 0
5.7789864680e+04 1.7977972948e+04 0
5.7789537706e+04 1.8979098281e+04 0
5.7789210732e+04 1.9980223615e+04 0
5.7788883757e+04 2.0981348948e+04 0
5.7788556783e+04 2.1982474281e+04 0
5.7788229809e+04 2.2983599615e+04 0
5.7787902834e+04 2.3984724948e+04 0
5.7787575860e+04 2.4984049656e+04 0
5.8792722952e+04 -4.0330206379e+01 0
5.8792395977e+04 9.6012370732e+02 0
5.8792069003e+04 1.9612490407e+03 0
5.8791742029e+04 2.9623743740e+03 0
5.8791415054e+04 3.9634997073e+03 0
5.8791088080e+04 4.9646250407e+03 0
5.8790761106e+04 5.9657503740e+03 0
5.8790434131e+04 6.9668757073e+03 0
5.8790107157e+04 7.9680010407e+03 0
5.8789780183e+04 8.9691263740e+03 0
5.8789453208e+04 9.9702517073e+03 0
5.8789126234e+04 1.0971377041e+04 0
5.8788799260e+04 1.1972502374e+04 0
5.8788472285e+04 1.2973627707e+04 0
5.8788145311e+04 1.3974753041e+04 0
5.8787818336e+04 1.4975878374e+04 0
5.8787491362e+04 1.5977003707e+04 0
5.8787164388e+04 1.6978129041e+04 0
5.8786837413e+04 1.7979254374e+04 0
5.8786510439e+04 1.8980379707e+04 0
5.8786183465e+04 1.9981505041e+04 0
5.8785856490e+04 2.0982630374e+04 0
5.8785529516e+04 2.1983755707e+04 0
5.8785202542e+04 2.2984881041e+04 0
5.8784875567e+04 2.3986006374e+04 0
5.8784548593e+04 2.4985300563e+04 0
5.9789695685e+04 -3.9079299562e+01 0
5.9789368710e+04 9.6140513321e+02 0
5.9789041736e+04 1.9625304665e+03 0
5.9788714762e+04 2.9636557999e+03 0
5.9788387787e+04 3.9647811332e+03 0
5.9788060813e+04 4.9659064665e+03 0
5.9787733839e+04 5.9670317999e+03 0
5.9787406864e+04 6.9681571332e+03 0
5.9787079890e+04 7.9692824665e+03 0
5.9786752916e+04 8.9704077999e+03 0
5.9786425941e+04 9.9715331332e+03 0
5.9786098967e+04 1.0972658467e+04 0
5.9785771992e+04 1.1973783800e+04 0
5.9785445018e+04 1.2974909133e+04 0
5.9785118044e+04 1.3976034467e+04 0
5.9784791069e+04 1.4977159800e+04 0
5.9784464095e+04 1.5978285133e+04 0
5.9784137121e+04 1.6979410467e+04 0
5.9783810146e+04 1.7980535800e+04 0
5.9783483172e+04 1.8981661133e+04 0
5.9783156198e+04 1.9982786467e+04 0
5.9782829223e+04 2.0983911800e+04 0
5.9782502249e+04 2.1985037133e+04 0
5.9782175275e+04 2.2986162467e+04 0
5.9781848300e+04 2.3987287800e+04 0
5.9781521326e+04 2.4986551470e+04 0
6.0786668418e+04 -3.7828392745e+01 0
6.0786341443e+04 9.6268655910e+02 0
6.0786014469e+04 1.9638118924e+03 0
6.0785687495e+04 2.9649372258e+03 0
6.0785360520e+04 3.9660625591e+03 0
6.0785033546e+04 4.9671878924e+03 0
6.0784706572e+04 5.9683132258e+03 0
6.0784379597e+04 6.9694385591e+03 0
6.0784052623e+04 7.9705638924e+03 0
6.0783725649e+04 8.9716892258e+03 0
6.0783398674e+04 9.9728145591e+03 0
6.0783071700e+04 1.0973939892e+04 0
6.0782744725e+04 1.1975065226e+04 0
6.0782417751e+04 1.2976190559e+04 0
6.0782090777e+04 1.3977315892e+04 0
6.0781763802e+04 1.4978441226e+04 0
6.0781436828e+04 1.5979566559e+04 0
6.0781109854e+04 1.6980691892e+04 0
6.0780782879e+04 1.7981817226e+04 0
6.0780455905e+04 1.8982942559e+04 0
6.0780128931e+04 1.9984067892e+04 0
6.0779801956e+04 2.0985193226e+04 0
6.0779474982e+04 2.1986318559e+04 0
6.0779148008e+04 2.2987443892e+04 0
6.0778821033e+04 2.3988569226e+04 0
6.0778494059e+04 2.4987802376e+04 0
6.1783641151e+04 -3.6577485929e+01 0
6.1783314176e+04 9.6396798499e+02 0
6.1782987202e+04 1.9650933183e+03 0
6.1782660228e+04 2.9662186517e+03 0
6.1782333253e+04 3.9673439850e+03 0
6.1782006279e+04 4.9684693183e+03 0
6.1781679305e+04 5.9695946517e+03 0
6.1781352330e+04 6.9707199850e+03 0
6.1781025356e+04 7.9718453183e+03 0
6.1780698381e+04 8.9729706517e+03 0
6.1780371407e+04 9.9740959850e+03 0
6.1780044433e+04 1.0975221318e+04 0
6.1779717458e+04 1.1976346652e+04 0
6.1779390484e+04 1.2977471985e+04 0
6.1779063510e+04 1.3978597318e+04 0
6.1778736535e+04 1.4979722652e+04 0
6.1778409561e+04 1.5980847985e+04 0
6.1778082587e+04 1.6981973318e+04 0
6.1777755612e+04 1.7983098652e+04 0
6.1777428638e+04 1.8984223985e+04 0
6.1777101664e+04 1.9985349318e+04 0
6.1776774689e+04 2.0986474652e+04 0
6.1776447715e+04 2.1987599985e+04 0
6.1776120740e+04 2.2988725318e+04 0
6.1775793766e+04 2.3989850652e+04 0
6.1775466792e+04 2.4989053283e+04 0
6.2780613884e+04 -3.5326579112e+01 0
6.2780286909e+04 9.6524941088e+02 0
6.2779959935e+04 1.9663747442e+03 0
6.2779632961e+04 2.9675000775e+03 0
6.2779305986e+04 3.9686254109e+03 0
6.2778979012e+04 4.9697507442e+03 0
6.2778652038e+04 5.9708760775e+03 0
6.2778325063e+04 6.9720014109e+03 0
6.2777998089e+04 7.9731267442e+03 0
6.2777671114e+04 8.9742520775e+03 0
6.2777344140e+04 9.9753774109e+03 0
6.2777017166e+04 1.0976502744e+04 0
6.2776690191e+04 1.1977628078e+04 0
6.2776363217e+04 1.2978753411e+04 0
6.2776036243e+04 1.3979878744e+04 0
6.2775709268e+04 1.4981004078e+04 0
6.2775382294e+04 1.5982129411e+04 0
6.2775055320e+04 1.6983254744e+04 0
6.2774728345e+04 1.7984380078e+04 0
6.2774401371e+04 1.8985505411e+04 0
6.2774074396e+04 1.9986630744e+04 0
6.2773747422e+04 2.0987756078e+04 0
6.2773420448e+04 2.1988881411e+04 0
6.2773093473e+04 2.2990006744e+04 0
6.2772766499e+04 2.3991132078e+04 0
6.2772439525e+04 2.4990304190e+04 0
6.3777586617e+04 -3.4075672295e+01 0
6.3777259642e+04 9.6653083677e+02 0
6.3776932668e+04 1.9676561701e+03 0
6.3776605694e+04 2.9687815034e+03 0
6.3776278719e+04 3.9699068368e+03 0
6.3775951745e+04 4.9710321701e+03 0
6.3775624770e+04 5.9721575034e+03 0
6.3775297796e+04 6.9732828368e+03 0
6.3774970822e+04 7.9744081701e+03 0
6.3774643847e+04 8.9755335034e+03 0
6.3774316873e+04 9.9766588368e+03 0
6.3773989899e+04 1.0977784170e+04 0
6.3773662924e+04 1.1978909503e+04 0
6.3773335950e+04 1.2980034837e+04 0
6.3773008976e+04 1.3981160170e+04 0
6.3772682001e+04 1.4982285503e+04 0
6.3772355027e+04 1.5983410837e+04 0
6.3772028053e+04 1.6984536170e+04 0
6.3771701078e+04 1.7985661503e+04 0
6.3771374104e+04 1.8986786837e+04 0
6.3771047129e+04 1.9987912170e+04 0
6.3770720155e+04 2.0989037503e+04 0
6.3770393181e+04 2.1990162837e+04 0
6.3770066206e+04 2.2991288170e+04 0
6.3769739232e+04 2.3992413503e+04 0
6.3769412258e+04 2.4991555097e+04 0
6.4774559350e+04 -3.2824765478e+01 0
6.4774232375e+04 9.6781226266e+02 0
6.4773905401e+04 1.9689375960e+03 0
6.4773578427e+04 2.9700629293e+03 0
6.4773251452e+04 3.9711882627e+03 0
6.4772924478e+04 4.9723135960e+03 0
6.4772597503e+04 5.9734389293e+03 0
6.4772270529e+04 6.9745642627e+03 0
6.4771943555e+04 7.9756895960e+03 0
6.4771616580e+04 8.9768149293e+03 0
6.4771289606e+04 9.9779402627e+03 0
6.4770962632e+04 1.0979065596e+04 0
6.4770635657e+04 1.1980190929e+04 0
6.4770308683e+04 1.2981316263e+04 0
6.4769981709e+04 1.3982441596e+04 0
6.4769654734e+04 1.4983566929e+04 0
6.4769327760e+04 1.5984692263e+04 0
6.4769000785e+04 1.6985817596e+04 0
6.4768673811e+04 1.7986942929e+04 0
6.4768346837e+04 1.8988068263e+04 0
6.4768019862e+04 1.9989193596e+04 0
6.4767692888e+04 2.0990318929e+04 0
6.4767365914e+04 2.1991444263e+04 0
6.4767038939e+04 2.2992569596e+04 0
6.4766711965e+04 2.3993694929e+04 0
6.4766384991e+04 2.4992806004e+04 0
6.5771532083e+04 -3.1573858662e+01 0
6.5771205108e+04 9.6909368856e+02 0
6.5770878134e+04 1.9702190219e+03 0
6.5770551159e+04 2.9713443552e+03 0
6.5770224185e+04 3.9724696886e+03 0
6.5769897211e+04 4.9735950219e+03 0
6.5769570236e+04 5.9747203552e+03 0
6.5769243262e+04 6.9758456886e+03 0
6.5768916288e+04 7.9769710219e+03 0
6.5768589313e+04 8.9780963552e+03 0
6.5768262339e+04 9.9792216886e+03 0
6.5767935365e+04 1.0980347022e+04 0
6.5767608390e+04 1.1981472355e+04 0
6.5767281416e+04 1.2982597689e+04 0
6.5766954442e+04 1.3983723022e+04 0
6.5766627467e+04 1.4984848355e+04 0
6.5766300493e+04 1.5985973689e+04 0
6.5765973518e+04 1.6987099022e+04 0
6.5765646544e+04 1.7988224355e+04 0
6.5765319570e+04 1.8989349689e+04 0
6.5764992595e+04 1.9990475022e+04 0
6.5764665621e+04 2.0991600355e+04 0
6.5764338647e+04 2.1992725689e+04 0
6.5764011672e+04 2.2993851022e+04 0
6.5763684698e+04 2.3994976355e+04 0
6.5763357724e+04 2.4994056911e+04 0
6.6768504816e+04 -3.0322951845e+01 0
6.6768177841e+04 9.7037511445e+02 0
6.6767850867e+04 1.9715004478e+03 0
6.6767523892e+04 2.9726257811e+03 0
6.6767196918e+04 3.9737511144e+03 0
6.6766869944e+04 4.9748764478e+03 0
6.6766542969e+04 5.9760017811e+03 0
6.6766215995e+04 6.9771271144e+03 0
6.6765889021e+04 7.9782524478e+03 0
6.6765562046e+04 8.9793777811e+03 0
6.6765235072e+04 9.9805031144e+03 0
6.6764908098e+04 1.0981628448e+04 0
6.6764581123e+04 1.1982753781e+04 0
6.6764254149e+04 1.2983879114e+04 0
6.6763927174e+04 1.3985004448e+04 0
6.6763600200e+04 1.4986129781e+04 0
6.6763273226e+04 1.5987255114e+04 0
6.6762946251e+04 1.6988380448e+04 0
6.6762619277e+04 1.7989505781e+04 0
6.6762292303e+04 1.8990631114e+04 0
6.6761965328e+04 1.9991756448e+04 0
6.6761638354e+04 2.0992881781e+04 0
6.6761311380e+04 2.1994007114e+04 0
6.6760984405e+04 2.2995132448e+04 0
6.6760657431e+04 2.3996257781e+04 0
6.6760330457e+04 2.4995307817e+04 0
6.7765477548e+04 -2.9072045028e+01 0
6.7765150574e+04 9.7165654034e+02 0
6.7764823600e+04 1.9727818737e+03 0
6.7764496625e+04 2.9739072070e+03 0
6.7764169651e+04 3.9750325403e+03 0
6.7763842677e+04 4.9761578737e+03 0
6.7763515702e+04 5.9772832070e+03 0
6.7763188728e+04 6.9784085403e+03 0
6.7762861754e+04 7.9795338737e+03 0
6.7762534779e+04 8.9806592070e+03 0
6.7762207805e+04 9.9817845403e+03 0
6.7761880831e+04 1.0982909874e+04 0
6.7761553856e+04 1.1984035207e+04 0
6.7761226882e+04 1.2985160540e+04 0
6.7760899907e+04 1.3986285874e+04 0
6.7760572933e+04 1.4987411207e+04 0
6.7760245959e+04 1.5988536540e+04 0
6.7759918984e+04 1.6989661874e+04 0
6.7759592010e+04 1.7990787207e+04 0
6.7759265036e+04 1.8991912540e+04 0
6.7758938061e+04 1.9993037874e+04 0
6.7758611087e+04 2.0994163207e+04 0
6.7758284113e+04 2.1995288540e+04 0
6.7757957138e+04 2.2996413874e+04 0
6.7757630164e+04 2.3997539207e+04 0
6.7757303189e+04 2.4996558724e+04 0
6.8762450281e+04 -2.7821138211e+01 0
6.8762123307e+04 9.7293796623e+02 0
6.8761796333e+04 1.9740632996e+03 0
6.8761469358e+04 2.9751886329e+03 0
6.8761142384e+04 3.9763139662e+03 0
6.8760815410e+04 4.9774392996e+03 0
6.8760488435e+04 5.9785646329e+03 0
6.8760161461e+04 6.9796899662e+03 0
6.8759834487e+04 7.9808152996e+03 0
6.8759507512e+04 8.9819406329e+03 0
6.8759180538e+04 9.9830659662e+03 0
6.8758853563e+04 1.0984191300e+04 0
6.8758526589e+04 1.1985316633e+04 0
6.8758199615e+04 1.2986441966e+04 0
6.8757872640e+04 1.3987567300e+04 0
6.8757545666e+04 1.4988692633e+04 0
6.8757218692e+04 1.5989817966e+04 0
6.8756891717e+04 1.6990943300e+04 0
6.8756564743e+04 1.7992068633e+04 0
6.8756237769e+04 1.8993193966e+04 0
6.8755910794e+04 1.9994319300e+04 0
6.8755583820e+04 2.0995444633e+04 0
6.8755256846e+04 2.1996569966e+04 0
6.8754929871e+04 2.2997695300e+04 0
6.8754602897e+04 2.3998820633e+04 0
6.8754275922e+04 2.4997809631e+04 0
6.9759423014e+04 -2.6570231395e+01 0
6.9759096040e+04 9.7421939212e+02 0
6.9758769066e+04 1.9753447255e+03 0
6.9758442091e+04 2.9764700588e+03 0
6.9758115117e+04 3.9775953921e+03 0
6.9757788143e+04 4.9787207255e+03 0
6.9757461168e+04 5.9798460588e+03 0
6.9757134194e+04 6.9809713921e+03 0
6.9756807220e+04 7.9820967255e+03 0
6.9756480245e+04 8.9832220588e+03 0
6.9756153271e+04 9.9843473921e+03 0
6.9755826296e+04 1.0985472725e+04 0
6.9755499322e+04 1.1986598059e+04 0
6.9755172348e+04 1.2987723392e+04 0
6.9754845373e+04 1.3988848725e+04 0
6.9754518399e+04 1.4989974059e+04 0
6.9754191425e+04 1.5991099392e+04 0
6.9753864450e+04 1.6992224725e+04 0
6.9753537476e+04 1.7993350059e+04 0
6.9753210502e+04 1.8994475392e+04 0
6.9752883527e+04 1.9995600725e+04 0
6.9752556553e+04 2.0996726059e+04 0
6.9752229578e+04 2.1997851392e+04 0
6.9751902604e+04 2.2998976725e+04 0
6.9751575630e+04 2.4000102059e+04 0
6.9751248655e+04 2.4999060538e+04 0
7.0756395747e+04 -2.5319324578e+01 0
7.0756068773e+04 9.7550081801e+02 0
7.0755741799e+04 1.9766261513e+03 0
7.0755414824e+04 2.9777514847e+03 0
7.0755087850e+04 3.9788768180e+03 0
7.0754760876e+04 4.9800021513e+03 0
7.0754433901e+04 5.9811274847e+03 0
7.0754106927e+04 6.9822528180e+03 0
7.0753779952e+04 7.9833781513e+03 0
7.0753452978e+04 8.9845034847e+03 0
7.0753126004e+04 9.9856288180e+03 0
7.0752799029e+04 1.0986754151e+04 0
7.0752472055e+04 1.1987879485e+04 0
7.0752145081e+04 1.2989004818e+04 0
7.0751818106e+04 1.3990130151e+04 0
7.0751491132e+04 1.4991255485e+04 0
7.0751164158e+04 1.5992380818e+04 0
7.0750837183e+04 1.6993506151e+04 0
7.0750510209e+04 1.7994631485e+04 0
7.0750183235e+04 1.8995756818e+04 0
7.0749856260e+04 1.9996882151e+04 0
7.0749529286e+04 2.0998007485e+04 0
7.0749202311e+04 2.1999132818e+04 0
7.0748875337e+04 2.3000258151e+04 0
7.0748548363e+04 2.4001383485e+04 0
7.0748221388e+04 2.5000311445e+04 0
7.1753368480e+04 -2.4068417761e+01 0
7.1753041506e+04 9.7678224390e+02 0
7.1752714532e+04 1.9779075772e+03 0
7.1752387557e+04 2.9790329106e+03 0
7.1752060583e+04 3.9801582439e+03 0
7.1751733609e+04 4.9812835772e+03 0
7.1751406634e+04 5.9824089106e+03 0
7.1751079660e+04 6.9835342439e+03 0
7.1750752685e+04 7.9846595772e+03 0
7.1750425711e+04 8.9857849106e+03 0
7.1750098737e+04 9.9869102439e+03 0
7.1749771762e+04 1.0988035577e+04 0
7.1749444788e+04 1.1989160911e+04 0
7.1749117814e+04 1.2990286244e+04 0
7.1748790839e+04 1.3991411577e+04 0
7.1748463865e+04 1.4992536911e+04 0
7.1748136891e+04 1.5993662244e+04 0
7.1747809916e+04 1.6994787577e+04 0
7.1747482942e+04 1.7995912911e+04 0
7.1747155967e+04 1.8997038244e+04 0
7.1746828993e+04 1.9998163577e+04 0
7.1746502019e+04 2.0999288911e+04 0
7.1746175044e+04 2.2000414244e+04 0
7.1745848070e+04 2.3001539577e+04 0
7.1745521096e+04 2.4002664911e+04 0
7.1745194121e+04 2.5001562351e+04 0
7.2750341213e+04 -2.2817510944e+01 0
7.2750014239e+04 9.7806366979e+02 0
7.2749687265e+04 1.9791890031e+03 0
7.2749360290e+04 2.9803143365e+03 0
7.2749033316e+04 3.9814396698e+03 0
7.2748706341e+04 4.9825650031e+03 0
7.2748379367e+04 5.9836903365e+03 0
7.2748052393e+04 6.9848156698e+03 0
7.2747725418e+04 7.9859410031e+03 0
7.2747398444e+04 8.9870663365e+03 0
7.2747071470e+04 9.9881916698e+03 0
7.2746744495e+04 1.0989317003e+04 0
7.2746417521e+04 1.1990442336e+04 0
7.2746090547e+04 1.2991567670e+04 0
7.2745763572e+04 1.3992693003e+04 0
7.2745436598e+04 1.4993818336e+04 0
7.2745109624e+04 1.5994943670e+04 0
7.2744782649e+04 1.6996069003e+04 0
7.2744455675e+04 1.7997194336e+04 0
7.2744128700e+04 1.8998319670e+04 0
7.2743801726e+04 1.9999445003e+04 0
7.2743474752e+04 2.1000570336e+04 0
7.2743147777e+04 2.2001695670e+04 0
7.2742820803e+04 2.3002821003e+04 0
7.2742493829e+04 2.4003946336e+04 0
7.2742166854e+04 2.5002813258e+04 0
7.3747313946e+04 -2.1566604128e+01 0
7.3746986972e+04 9.7934509568e+02 0
7.3746659997e+04 1.9804704290e+03 0
7.3746333023e+04 2.9815957624e+03 0
7.3746006049e+04 3.9827210957e+03 0
7.3745679074e+04 4.9838464290e+03 0
7.3745352100e+04 5.9849717624e+03 0
7.3745025126e+04 6.9860970957e+03 0
7.3744698151e+04 7.9872224290e+03 0
7.3744371177e+04 8.9883477624e+03 0
7.3744044203e+04 9.9894730957e+03 0
7.3743717228e+04 1.0990598429e+04 0
7.3743390254e+04 1.1991723762e+04 0
7.3743063280e+04 1.2992849096e+04 0
7.3742736305e+04 1.3993974429e+04 0
7.3742409331e+04 1.4995099762e+04 0
7.3742082356e+04 1.5996225096e+04 0
7.3741755382e+04 1.6997350429e+04 0
7.3741428408e+04 1.7998475762e+04 0
7.3741101433e+04 1.8999601096e+04 0
7.3740774459e+04 2.0000726429e+04 0
7.3740447485e+04 2.1001851762e+04 0
7.3740120510e+04 2.2002977096e+04 0
7.3739793536e+04 2.3004102429e+04 0
7.3739466562e+04 2.4005227762e+04 0
7.3739139587e+04 2.5004064165e+04 0
7.4744286679e+04 -2.0315697311e+01 0
7.4743959705e+04 9.8062652158e+02 0
7.4743632730e+04 1.9817518549e+03 0
7.4743305756e+04 2.9828771882e+03 0
7.4742978782e+04 3.9840025216e+03 0
7.4742651807e+04 4.9851278549e+03 0
7.4742324833e+04 5.9862531882e+03 0
7.4741997859e+04 6.9873785216e+03 0
7.4741670884e+04 7.9885038549e+03 0
7.4741343910e+04 8.9896291882e+03 0
7.4741016936e+04 9.9907545216e+03 0
7.4740689961e+04 1.0991879855e+04 0
7.4740362987e+04 1.1993005188e+04 0
7.4740036013e+04 1.2994130522e+04 0
7.4739709038e+04 1.3995255855e+04 0
7.4739382064e+04 1.4996381188e+04 0
7.4739055089e+04 1.5997506522e+04 0
7.4738728115e+04 1.6998631855e+04 0
7.4738401141e+04 1.7999757188e+04 0
7.4738074166e+04 1.9000882522e+04 0
7.4737747192e+04 2.0002007855e+04 0
5.9499781113e+03 -1.0663227017e+02 0
6.9469508443e+03 -1.0538136335e+02 0
7.9439235772e+03 -1.0413045654e+02 0
8.9408963102e+03 -1.0287954972e+02 0
2.0904569106e+04 -8.7868667917e+01 0
2.1901541839e+04 -8.6617761101e+01 0
2.2898514572e+04 -8.5366854284e+01 0
2.3895487305e+04 -8.4115947467e+01 0
2.4892460038e+04 -8.2865040650e+01 0
2.5889432770e+04 -8.1614133834e+01 0
2.6886405503e+04 -8.0363227017e+01 0
2.7883378236e+04 -7.9112320200e+01 0
2.8880350969e+04 -7.7861413383e+01 0
2.9877323702e+04 -7.6610506567e+01 0
1.9907596373e+04 -8.9119574734e+01 0
9.6709860890e+03 -1.0196350232e+02 0
1.0402172538e+04 -1.0104607892e+02 0
1.1133358987e+04 -1.0012865552e+02 0
1.1864545436e+04 -9.9211232121e+01 0
1.8445223475e+04 -9.0954421532e+01 0
1.9176409924e+04 -9.0036998133e+01 0
1.6982850577e+04 -9.2789268329e+01 0
1.7714037026e+04 -9.1871844931e+01 0
1.2375915302e+04 -9.8569613718e+01 0
1.2887796999e+04 -9.7927353120e+01 0
1.3399678697e+04 -9.7285092521e+01 0
1.3911560394e+04 -9.6642831922e+01 0
1.4423442091e+04 -9.6000571323e+01 0
1.4935323788e+04 -9.5358310725e+01 0
1.5447205486e+04 -9.4716050126e+01 0
1.5959087183e+04 -9.4073789527e+01 0
1.6470968880e+04 -9.3431528928e+01 0
1.6736637075e+04 4.5882654424e+02 0
1.6188029977e+04 4.1621935613e+02 0
1.5673191285e+04 3.8269980070e+02 0
1.5408545308e+04 6.1014875421e+03 0
1.5170061618e+04 3.6500283887e+02 0
1.4159662718e+04 3.4858005410e+02 0
1.4423824760e+04 6.1070293127e+03 0
1.3440478185e+04 6.1037625755e+03 0
1.3167137679e+04 3.2781246105e+02 0
1.2163197192e+04 4.3379926599e+02 0
1.2455574624e+04 6.0894076199e+03 0
1.1531349738e+04 4.9704149708e+02 0
1.1462988672e+04 6.0632102013e+03 0
1.0818585354e+04 5.4397616974e+02 0
1.0076154519e+04 5.8870074790e+02 0
9.4453773268e+03 6.0219103354e+03 0
9.2970852282e+03 6.3958131432e+02 0
5.8459308553e+03 3.4140045500e+03 0
8.4209090022e+03 6.9819710125e+02 0
7.4297847168e+03 7.5032115631e+02 0
5.7760692697e+03 1.3576482148e+03 0
6.4273748618e+03 6.9762348937e+02 0
5.8566964761e+03 2.3710866678e+03 0
6.4094860688e+03 6.0953799418e+03 0
7.4045763783e+03 6.0179819907e+03 0
5.7581254056e+03 5.4412120726e+03 0
5.8358996975e+03 4.4446399307e+03 0
8.4299186561e+03 6.0168430467e+03 0
1.0458303952e+04 6.0367532799e+03 0
1.2688539652e+04 3.5918884252e+02 0
1.3655503956e+04 3.3841377255e+02 0
1.4665929027e+04 3.5585596170e+02 0
1.7393946129e+04 6.0657218106e+03 0
1.8058675363e+04 5.4201316665e+02 0
1.8789241764e+04 5.8592478399e+02 0
1.9408632554e+04 6.0510796694e+03 0
1.9557951161e+04 6.3601788746e+02 0
2.0418190947e+04 6.9401727395e+02 0
2.0407831344e+04 6.0584974346e+03 0
2.1375337591e+04 7.4751821879e+02 0
2.1401512797e+04 6.0597087647e+03 0
2.2372871333e+04 7.7784215678e+02 0
2.2396496632e+04 6.0566098744e+03 0
2.3381378069e+04 7.8817946809e+02 0
2.3394789887e+04 6.0533070430e+03 0
2.4388258868e+04 7.9136677416e+02 0
2.4395426690e+04 6.0515147464e+03 0
2.5393110523e+04 7.9229696857e+02 0
2.5397345224e+04 6.0513220634e+03 0
2.6397099782e+04 7.9255682633e+02 0
2.6400059989e+04 6.0523402604e+03 0
2.7402170743e+04 7.9374247841e+02 0
2.9981810583e+04 2.3871711163e+03 0
2.9982195017e+04 4.4655263280e+03 0
2.8422348743e+04 6.0508684936e+03 0
2.9416706023e+04 6.1246257299e+03 0
3.0066072841e+04 5.4696387208e+03 0
2.7404557599e+04 6.0530764264e+03 0
3.0065351012e+04 1.3836902359e+03 0
2.9414999821e+04 7.2731929855e+02 0
2.8420301978e+04 7.9836157209e+02 0
2.9976969281e+04 3.4262914630e+03 0
1.8400752865e+04 6.0495220593e+03 0
1.6396883511e+04 6.0871899894e+03 0
1.7361215993e+04 5.0068478083e+02 0
1.6857819568e+04 5.2420183486e+03 0
1.5877038819e+04 8.7262158419e+02 0
1.0997578308e+04 5.1810904036e+03 0
9.9683665159e+03 5.1396838751e+03 0
7.9922045444e+03 1.5730222517e+03 0
5.6128991373e+03 5.4678392244e+02 0
8.9345378382e+03 5.1263519110e+03 0
5.6062593417e+03 6.2470533012e+03 0
1.7867856521e+04 5.1799413136e+03 0
1.9121802321e+04 1.3032244289e+03 0
2.0829693354e+04 1.5461991095e+03 0
2.1823532541e+04 1.6409350651e+03 0
2.2856059891e+04 1.6624427461e+03 0
2.3876889704e+04 1.6674634268e+03 0
2.4890464774e+04 1.6681250789e+03 0
2.5901343258e+04 1.6672204598e+03 0
2.9025385601e+04 1.7597799025e+03 0
2.9026521088e+04 5.0902704427e+03 0
2.7915537040e+04 1.6667666870e+03 0
1.5875748072e+04 5.2817419932e+03 0
1.5391835023e+04 8.2297261383e+02 0
1.4902066151e+04 8.0926085967e+02 0
1.3935088135e+04 5.3075356251e+03 0
1.2976096176e+04 6.9790449338e+02 0
1.2968604904e+04 5.2943941325e+03 0
1.1997013290e+04 5.2539675498e+03 0
1.1253544020e+04 1.1477660883e+03 0
9.7528861637e+03 1.3217271240e+03 0
1.0519854199e+04 1.2293979464e+03 0
8.9247354781e+03 1.4341312096e+03 0
6.8494378589e+03 1.7434645943e+03 0
6.7590921964e+03 2.9222800707e+03 0
6.7866847398e+03 5.0638503462e+03 0
6.7147166166e+03 3.9547901518e+03 0
7.9068317462e+03 5.1267277823e+03 0
1.1959703561e+04 1.0516791589e+03 0
1.2563903983e+04 8.8478357946e+02 0
1.3397594246e+04 7.5589693527e+02 0
1.3897773840e+04 7.8323067917e+02 0
1.4402028422e+04 7.9487087264e+02 0
1.4903453725e+04 5.3020794089e+03 0
1.6405024625e+04 9.6366952120e+02 0
1.8901338152e+04 5.1640909394e+03 0
1.7005218686e+04 1.0522190918e+03 0
1.8372153195e+04 1.2124814973e+03 0
1.9931759653e+04 1.4100479537e+03 0
1.9915181134e+04 5.1957122077e+03 0
2.0902336839e+04 5.2050543671e+03 0
2.1889846706e+04 5.1971544537e+03 0
2.2886933606e+04 5.1868264944e+03 0
2.3890512404e+04 5.1802672069e+03 0
2.4896875240e+04 5.1773805427e+03 0
2.5904812060e+04 5.1775083667e+03 0
2.6910482310e+04 1.6650085387e+03 0
2.6912731466e+04 5.1804431599e+03 0
2.7917215419e+04 5.1804755959e+03 0
3.0222263133e+04 6.2774564584e+03 0
3.0221254267e+04 5.7681695639e+02 0
2.9074287731e+04 2.9002130183e+03 0
2.9074628300e+04 3.9495403115e+03 0
1.7665600852e+04 1.1316649156e+03 0
1.4636981498e+04 1.2357203661e+03 0
1.2522957880e+04 4.4889924934e+03 0
1.1577203007e+04 4.4012335446e+03 0
7.5836540211e+03 3.5180246535e+03 0
1.5139395566e+04 1.2648333406e+03 0
1.7286196620e+04 4.3725016025e+03 0
2.8305272365e+04 2.4557253632e+03 0
1.6601681167e+04 1.5645097198e+03 0
1.0981136045e+04 1.8268255105e+03 0
1.0526779474e+04 4.1859455182e+03 0
9.4643502272e+03 2.0926602424e+03 0
1.8654019221e+04 1.9146779740e+03 0
2.0417261324e+04 4.3668643335e+03 0
2.1379674767e+04 4.3499377227e+03 0
2.2370496499e+04 4.3237819866e+03 0
2.3378758650e+04 4.3098873782e+03 0
2.7429738284e+04 2.5290705523e+03 0
2.4390232181e+04 4.3034155596e+03 0
2.6418945662e+04 4.3033980411e+03 0
1.6318303783e+04 4.4541392299e+03 0
1.5581080516e+04 1.2288183429e+03 0
1.4410323472e+04 4.5126755212e+03 0
1.3461933506e+04 4.5152272945e+03 0
1.2533316579e+04 1.6055440247e+03 0
8.6260390701e+03 2.2799542956e+03 0
1.0243138639e+04 1.9449707744e+03 0
9.4523772219e+03 4.2828578300e+03 0
7.4796158317e+03 4.3664086255e+03 0
8.4083981241e+03 4.1685506334e+03 0
1.1719063051e+04 1.7309379960e+03 0
1.3066548695e+04 1.1497433328e+03 0
1.3624027569e+04 1.2227285402e+03 0
1.4146482125e+04 1.2220992278e+03 0
1.5363579905e+04 4.4936363338e+03 0
1.6012376340e+04 1.4068849405e+03 0
1.8360534323e+04 4.1774697822e+03 0
1.7252885023e+04 1.6850338974e+03 0
1.9449795425e+04 4.3244481644e+03 0
1.9419824529e+04 2.0548226701e+03 0
2.0239480359e+04 2.2230763552e+03 0
2.1186015079e+04 2.5592000667e+03 0
2.2319195565e+04 2.5517021929e+03 0
2.3361674622e+04 2.5488857518e+03 0
2.4383522779e+04 2.5468207302e+03 0
2.5400101467e+04 2.5449723655e+03 0
2.5403167968e+04 4.3013251749e+03 0
2.6417291169e+04 2.5418001046e+03 0
2.7430852291e+04 4.3169417715e+03 0
2.8306146646e+04 4.3920530312e+03 0
2.8081374294e+04 3.4236409813e+03 0
1.7937306079e+04 1.7911008887e+03 0
9.2357574800e+03 2.8836959968e+03 0
1.3007982644e+04 3.7478907148e+03 0
7.7075064189e+03 2.5332438818e+03 0
1.3926586580e+04 3.7293540004e+03 0
1.9113461225e+04 3.4595973838e+03 0
1.9986005909e+04 3.5773116626e+03 0
2.1829888079e+04 3.4611324595e+03 0
2.2856364278e+04 3.4372620493e+03 0
2.3877546040e+04 3.4283393737e+03 0
2.4894683725e+04 3.4244759598e+03 0
2.5913765129e+04 3.4229654422e+03 0
1.2167042030e+04 2.3510728500e+03 0
1.5476952315e+04 1.7641044801e+03 0
1.7585146594e+04 3.5326080189e+03 0
1.4838267919e+04 1.7087288203e+03 0
1.2128649993e+04 3.7095096192e+03 0
1.1296163286e+04 3.5802509131e+03 0
1.0735223343e+04 2.5063944815e+03 0
1.5800889151e+04 3.6865727129e+03 0
1.6717235745e+04 3.6344070484e+03 0
1.4867051644e+04 3.7123070356e+03 0
1.4386524312e+04 1.5897784636e+03 0
1.0012659683e+04 2.6901571772e+03 0
9.8135096871e+03 3.4787511428e+03 0
9.0688287088e+03 3.5955425004e+03 0
1.1426102047e+04 2.3946448048e+03 0
1.3306617233e+04 1.7169245148e+03 0
1.3929080504e+04 1.6882360061e+03 0
1.6123454094e+04 2.0336492536e+03 0
1.8172734149e+04 2.4644835171e+03 0
1.6798717996e+04 2.2292919142e+03 0
2.0865391145e+04 3.5436185821e+03 0
1.8891776814e+04 2.6528021876e+03 0
1.9674174512e+04 2.8193688743e+03 0
2.6948643862e+04 3.4228493799e+03 0
1.7499219179e+04 2.3299302494e+03 0
1.0591056331e+04 3.2315050608e+03 0
1.3430207408e+04 3.0014712810e+03 0
1.6212457882e+04 2.8375094981e+03 0
8.4378706503e+03 3.1631793965e+03 0
1.4378741888e+04 2.0765147909e+03 0
1.2580139207e+04 3.0260349050e+03 0
1.1793445436e+04 3.0019143420e+03 0
1.5004208472e+04 2.2981328653e+03 0
1.7733322147e+04 2.8887189091e+03 0
1.5316375401e+04 2.9670546827e+03 0
1.4379446409e+04 2.8690006130e+03 0
1.2957671009e+04 2.3326357964e+03 0
1.3730348201e+04 2.2825546202e+03 0
1.5627540136e+04 2.3817892870e+03 0
1.8310223230e+04 3.1968537115e+03 0
2.0390624328e+04 2.9448682971e+03 0
1.7091894662e+04 2.9099859116e+03 0
1.1167682076e+04 2.9435665132e+03 0
