202
-1000.000000 1732.050808 0
1000.000000 1732.050808 0
3000.000000 1732.050808 0
5000.000000 1732.050808 0
7000.000000 1732.050808 0
9000.000000 1732.050808 0
11000.000000 1732.050808 0
13000.000000 1732.050808 0
15000.000000 1732.050808 0
17000.000000 1732.050808 0
19000.000000 1732.050808 0
21000.000000 1732.050808 0
23000.000000 1732.050808 0
25000.000000 1732.050808 0
27000.000000 1732.050808 0
29000.000000 1732.050808 0
31000.000000 1732.050808 0
33000.000000 1732.050808 0
35000.000000 1732.050808 0
37000.000000 1732.050808 0
39000.000000 1732.050808 0
41000.000000 1732.050808 0
43000.000000 1732.050808 0
45000.000000 1732.050808 0
47000.000000 1732.050808 0
49000.000000 1732.050808 0
51000.000000 1732.050808 0
53000.000000 1732.050808 0
55000.000000 1732.050808 0
57000.000000 1732.050808 0
59000.000000 1732.050808 0
61000.000000 1732.050808 0
63000.000000 1732.050808 0
65000.000000 1732.050808 0
67000.000000 1732.050808 0
69000.000000 1732.050808 0
71000.000000 1732.050808 0
73000.000000 1732.050808 0
75000.000000 1732.050808 0
77000.000000 1732.050808 0
79000.000000 1732.050808 0
81000.000000 1732.050808 0
83000.000000 1732.050808 0
85000.000000 1732.050808 0
87000.000000 1732.050808 0
89000.000000 1732.050808 0
91000.000000 1732.050808 0
93000.000000 1732.050808 0
95000.000000 1732.050808 0
97000.000000 1732.050808 0
99000.000000 1732.050808 0
101000.000000 1732.050808 0
103000.000000 1732.050808 0
105000.000000 1732.050808 0
107000.000000 1732.050808 0
109000.000000 1732.050808 0
111000.000000 1732.050808 0
113000.000000 1732.050808 0
115000.000000 1732.050808 0
117000.000000 1732.050808 0
119000.000000 1732.050808 0
121000.000000 1732.050808 0
123000.000000 1732.050808 0
125000.000000 1732.050808 0
127000.000000 1732.050808 0
129000.000000 1732.050808 0
131000.000000 1732.050808 0
133000.000000 1732.050808 0
135000.000000 1732.050808 0
137000.000000 1732.050808 0
139000.000000 1732.050808 0
141000.000000 1732.050808 0
143000.000000 1732.050808 0
145000.000000 1732.050808 0
147000.000000 1732.050808 0
149000.000000 1732.050808 0
151000.000000 1732.050808 0
153000.000000 1732.050808 0
155000.000000 1732.050808 0
157000.000000 1732.050808 0
159000.000000 1732.050808 0
161000.000000 1732.050808 0
163000.000000 1732.050808 0
165000.000000 1732.050808 0
167000.000000 1732.050808 0
169000.000000 1732.050808 0
171000.000000 1732.050808 0
173000.000000 1732.050808 0
175000.000000 1732.050808 0
177000.000000 1732.050808 0
179000.000000 1732.050808 0
181000.000000 1732.050808 0
183000.000000 1732.050808 0
185000.000000 1732.050808 0
187000.000000 1732.050808 0
189000.000000 1732.050808 0
191000.000000 1732.050808 0
193000.000000 1732.050808 0
195000.000000 1732.050808 0
197000.000000 1732.050808 0
199000.000000 1732.050808 0
200000.000000 0.000000 0
198000.000000 0.000000 0
196000.000000 0.000000 0
194000.000000 0.000000 0
192000.000000 0.000000 0
190000.000000 0.000000 0
188000.000000 0.000000 0
186000.000000 0.000000 0
184000.000000 0.000000 0
182000.000000 0.000000 0
180000.000000 0.000000 0
178000.000000 0.000000 0
176000.000000 0.000000 0
174000.000000 0.000000 0
172000.000000 0.000000 0
170000.000000 0.000000 0
168000.000000 0.000000 0
166000.000000 0.000000 0
164000.000000 0.000000 0
162000.000000 0.000000 0
160000.000000 0.000000 0
158000.000000 0.000000 0
156000.000000 0.000000 0
154000.000000 0.000000 0
152000.000000 0.000000 0
150000.000000 0.000000 0
148000.000000 0.000000 0
146000.000000 0.000000 0
144000.000000 0.000000 0
142000.000000 0.000000 0
140000.000000 0.000000 0
138000.000000 0.000000 0
136000.000000 0.000000 0
134000.000000 0.000000 0
132000.000000 0.000000 0
130000.000000 0.000000 0
128000.000000 0.000000 0
126000.000000 0.000000 0
124000.000000 0.000000 0
122000.000000 0.000000 0
120000.000000 0.000000 0
118000.000000 0.000000 0
116000.000000 0.000000 0
114000.000000 0.000000 0
112000.000000 0.000000 0
110000.000000 0.000000 0
108000.000000 0.000000 0
106000.000000 0.000000 0
104000.000000 0.000000 0
102000.000000 0.000000 0
100000.000000 0.000000 0
98000.000000 0.000000 0
96000.000000 0.000000 0
94000.000000 0.000000 0
92000.000000 0.000000 0
90000.000000 0.000000 0
88000.000000 0.000000 0
86000.000000 0.000000 0
84000.000000 0.000000 0
82000.000000 0.000000 0
80000.000000 0.000000 0
78000.000000 0.000000 0
76000.000000 0.000000 0
74000.000000 0.000000 0
72000.000000 0.000000 0
70000.000000 0.000000 0
68000.000000 0.000000 0
66000.000000 0.000000 0
64000.000000 0.000000 0
62000.000000 0.000000 0
60000.000000 0.000000 0
58000.000000 0.000000 0
56000.000000 0.000000 0
54000.000000 0.000000 0
52000.000000 0.000000 0
50000.000000 0.000000 0
48000.000000 0.000000 0
46000.000000 0.000000 0
44000.000000 0.000000 0
42000.000000 0.000000 0
40000.000000 0.000000 0
38000.000000 0.000000 0
36000.000000 0.000000 0
34000.000000 0.000000 0
32000.000000 0.000000 0
30000.000000 0.000000 0
28000.000000 0.000000 0
26000.000000 0.000000 0
24000.000000 0.000000 0
22000.000000 0.000000 0
20000.000000 0.000000 0
18000.000000 0.000000 0
16000.000000 0.000000 0
14000.000000 0.000000 0
12000.000000 0.000000 0
10000.000000 0.000000 0
8000.000000 0.000000 0
6000.000000 0.000000 0
4000.000000 0.000000 0
2000.000000 0.000000 0
0.000000 0.000000 0
202
0 1 0
1 2 0
2 3 0
3 4 0
4 5 0
5 6 0
6 7 0
7 8 0
8 9 0
9 10 0
10 11 0
11 12 0
12 13 0
13 14 0
14 15 0
15 16 0
16 17 0
17 18 0
18 19 0
19 20 0
20 21 0
21 22 0
22 23 0
23 24 0
24 25 0
25 26 0
26 27 0
27 28 0
28 29 0
29 30 0
30 31 0
31 32 0
32 33 0
33 34 0
34 35 0
35 36 0
36 37 0
37 38 0
38 39 0
39 40 0
40 41 0
41 42 0
42 43 0
43 44 0
44 45 0
45 46 0
46 47 0
47 48 0
48 49 0
49 50 0
50 51 0
51 52 0
52 53 0
53 54 0
54 55 0
55 56 0
56 57 0
57 58 0
58 59 0
59 60 0
60 61 0
61 62 0
62 63 0
63 64 0
64 65 0
65 66 0
66 67 0
67 68 0
68 69 0
69 70 0
70 71 0
71 72 0
72 73 0
73 74 0
74 75 0
75 76 0
76 77 0
77 78 0
78 79 0
79 80 0
80 81 0
81 82 0
82 83 0
83 84 0
84 85 0
85 86 0
86 87 0
87 88 0
88 89 0
89 90 0
90 91 0
91 92 0
92 93 0
93 94 0
94 95 0
95 96 0
96 97 0
97 98 0
98 99 0
99 100 0
100 101 1
101 102 0
102 103 0
103 104 0
104 105 0
105 106 0
106 107 0
107 108 0
108 109 0
109 110 0
110 111 0
111 112 0
112 113 0
113 114 0
114 115 0
115 116 0
116 117 0
117 118 0
118 119 0
119 120 0
120 121 0
121 122 0
122 123 0
123 124 0
124 125 0
125 126 0
126 127 0
127 128 0
128 129 0
129 130 0
130 131 0
131 132 0
132 133 0
133 134 0
134 135 0
135 136 0
136 137 0
137 138 0
138 139 0
139 140 0
140 141 0
141 142 0
142 143 0
143 144 0
144 145 0
145 146 0
146 147 0
147 148 0
148 149 0
149 150 0
150 151 0
151 152 0
152 153 0
153 154 0
154 155 0
155 156 0
156 157 0
157 158 0
158 159 0
159 160 0
160 161 0
161 162 0
162 163 0
163 164 0
164 165 0
165 166 0
166 167 0
167 168 0
168 169 0
169 170 0
170 171 0
171 172 0
172 173 0
173 174 0
174 175 0
175 176 0
176 177 0
177 178 0
178 179 0
179 180 0
180 181 0
181 182 0
182 183 0
183 184 0
184 185 0
185 186 0
186 187 0
187 188 0
188 189 0
189 190 0
190 191 0
191 192 0
192 193 0
193 194 0
194 195 0
195 196 0
196 197 0
197 198 0
198 199 0
199 200 0
200 201 0
201 0 2
0
3464101.615138
