0.000000 22.205780 656 1 81 1 5 -1 
38.461540 44.411560 1 80 81 4 0 2 
76.923070 22.205785 80 1 2 -1 3 1 
115.384640 44.411572 80 2 79 12 13 2 
38.461540 88.823133 81 80 83 20 15 1 
-19.230779 33.308675 656 81 660 33 -1 0 
230.769250 22.205774 3 4 78 9 8 -1 
192.307700 88.823156 79 78 85 23 30 8 
192.307700 44.411537 78 79 3 12 6 7 
269.230750 44.411566 77 78 4 6 11 10 
269.230750 88.823127 78 77 86 32 23 9 
307.692300 22.205803 4 5 77 68 9 -1 
153.846150 22.205774 3 79 2 3 -1 8 
115.384640 88.823121 80 79 84 30 20 3 
0.000000 155.440453 82 83 163 16 21 15 
-0.000000 111.028907 83 82 81 33 4 14 
38.461540 177.646247 83 162 163 19 14 17 
76.923070 155.440459 162 83 84 20 18 16 
115.384640 177.646259 162 84 161 29 31 17 
38.461540 222.057820 163 162 165 76 71 16 
76.923070 111.028901 83 80 84 13 17 4 
-19.230813 166.543375 82 163 661 151 -1 14 
230.769250 155.440447 85 86 160 26 25 23 
230.769250 111.028913 86 85 78 7 10 22 
192.307700 222.057843 161 160 167 79 86 25 
192.307700 177.646224 160 161 85 29 22 24 
269.230750 177.646253 159 160 86 22 28 27 
269.230750 222.057814 160 159 168 124 79 26 
307.692300 155.440476 159 86 87 32 54 26 
153.846150 155.440447 85 161 84 18 30 25 
153.846150 111.028913 84 79 85 7 29 13 
115.384640 222.057808 162 161 166 86 76 18 
307.692300 111.028884 86 77 87 39 28 10 
-19.230761 99.926025 81 82 660 -1 5 15 
384.615350 22.205774 5 6 76 35 68 -1 
423.076950 44.411566 6 75 76 38 34 36 
461.538450 22.205774 75 6 7 -1 37 35 
500.000000 44.411537 75 7 74 45 46 36 
423.076950 88.823127 76 75 88 53 48 35 
346.153850 88.823127 76 87 77 32 68 48 
615.384650 22.205774 8 9 73 42 41 -1 
576.923050 44.411566 8 73 74 44 45 40 
653.846150 44.411566 72 73 9 40 43 65 
692.307700 22.205803 72 9 10 -1 67 42 
576.923050 88.823127 74 73 90 55 56 41 
538.461550 22.205774 8 74 7 37 -1 41 
500.000000 88.823156 75 74 89 56 53 37 
384.615350 155.440447 87 88 158 49 54 48 
384.615350 111.028913 87 76 88 38 47 39 
423.076950 177.646253 88 157 158 52 47 50 
461.538450 155.440447 157 88 89 53 51 49 
500.000000 177.646224 157 89 156 64 66 50 
423.076950 222.057814 158 157 170 114 109 49 
461.538450 111.028913 75 89 88 50 38 46 
346.153850 177.646253 87 158 159 69 28 47 
615.384650 111.028913 73 91 90 58 44 65 
538.461550 111.028913 90 89 74 46 44 64 
692.307700 111.028884 91 72 92 63 61 65 
615.384650 155.440447 90 91 155 60 59 55 
576.923050 177.646253 90 155 156 62 64 58 
653.846150 177.646253 154 155 91 58 61 148 
692.307700 155.440476 154 91 92 57 150 60 
576.923050 222.057814 156 155 172 116 117 59 
730.769250 88.823127 92 72 71 67 185 57 
538.461550 155.440447 90 156 89 51 56 59 
653.846150 88.823127 73 72 91 57 55 42 
500.000000 222.057843 157 156 171 117 114 51 
730.769250 44.411566 72 10 71 158 63 43 
346.153850 44.411566 76 77 5 11 34 39 
346.153850 222.057814 159 158 169 109 124 54 
0.000000 288.675153 164 165 245 72 77 71 
0.000000 244.263580 164 163 165 19 70 151 
38.461540 310.880947 165 244 245 75 70 73 
76.923070 288.675159 244 165 166 76 74 72 
115.384640 310.880959 244 166 243 85 87 73 
38.461540 355.292453 245 244 247 94 89 72 
76.923070 244.263575 162 166 165 73 19 31 
-19.230770 299.778050 164 245 662 107 -1 70 
230.769250 288.675147 167 168 242 82 81 79 
230.769250 244.263586 167 160 168 27 78 24 
192.307700 355.292476 243 242 249 97 104 81 
192.307700 310.880924 242 243 167 85 78 80 
269.230750 310.880953 241 242 168 78 84 83 
269.230750 355.292447 242 241 250 106 97 82 
307.692300 288.675176 168 169 241 147 82 124 
153.846150 288.675147 167 243 166 74 86 81 
153.846150 244.263586 161 167 166 85 31 24 
115.384640 355.292441 244 243 248 104 94 74 
0.000000 421.909820 246 247 327 90 95 89 
-0.000000 377.498247 247 246 245 107 75 88 
38.461540 444.115580 247 326 327 93 88 91 
76.923070 421.909825 326 247 248 94 92 90 
115.384640 444.115592 326 248 325 103 105 91 
38.461540 488.527153 327 326 329 312 307 90 
76.923070 377.498241 247 244 248 87 91 75 
-19.230727 433.012675 246 327 663 612 -1 88 
230.769250 421.909814 249 250 324 100 99 97 
230.769250 377.498253 250 249 242 80 83 96 
192.307700 488.527176 325 324 331 315 322 99 
192.307700 444.115557 324 325 249 103 96 98 
269.230750 444.115586 323 324 250 96 102 101 
269.230750 488.527147 324 323 332 384 315 100 
307.692300 421.909843 323 250 251 106 133 100 
153.846150 421.909814 249 325 248 92 104 99 
153.846150 377.498253 248 243 249 80 103 87 
115.384640 488.527141 326 325 330 322 312 92 
307.692300 377.498224 250 241 251 115 102 83 
-19.230770 366.395350 245 246 662 -1 77 89 
384.615350 288.675147 169 170 240 110 147 109 
384.615350 244.263586 169 158 170 52 108 69 
423.076950 310.880953 170 239 240 113 108 111 
461.538450 288.675147 239 170 171 114 112 110 
500.000000 310.880924 239 171 238 123 125 111 
423.076950 355.292447 240 239 252 132 127 110 
461.538450 244.263586 157 171 170 111 52 66 
346.153850 355.292447 240 251 241 106 147 127 
615.384650 244.263586 155 173 172 119 62 148 
538.461550 244.263586 172 171 156 66 62 123 
576.923050 310.880953 172 237 238 121 123 119 
615.384650 288.675147 237 172 173 116 120 118 
653.846150 310.880953 237 173 236 122 144 119 
576.923050 355.292447 238 237 254 134 135 118 
692.307700 288.675176 173 174 236 304 120 146 
538.461550 288.675147 172 238 171 112 117 118 
307.692300 244.263557 168 159 169 69 84 27 
500.000000 355.292476 239 238 253 135 132 112 
384.615350 421.909814 251 252 322 128 133 127 
384.615350 377.498253 251 240 252 113 126 115 
423.076950 444.115586 252 321 322 131 126 129 
461.538450 421.909814 321 252 253 132 130 128 
500.000000 444.115557 321 253 320 143 145 129 
423.076950 488.527147 322 321 334 350 345 128 
461.538450 377.498253 239 253 252 129 113 125 
346.153850 444.115586 251 322 323 149 102 126 
615.384650 377.498253 237 255 254 137 121 144 
538.461550 377.498253 254 253 238 125 121 143 
692.307700 421.909843 318 255 256 142 248 140 
615.384650 421.909814 254 255 319 140 139 134 
576.923050 488.527147 320 319 336 353 360 139 
576.923050 444.115586 319 320 254 143 137 138 
653.846150 444.115586 318 319 255 137 136 141 
653.846150 488.527147 319 318 337 358 353 140 
692.307700 377.498224 256 255 236 144 230 136 
538.461550 421.909814 254 320 253 130 135 139 
653.846150 355.292447 237 236 255 142 134 120 
500.000000 488.527176 321 320 335 360 350 130 
692.307700 244.263557 174 173 154 148 169 122 
346.153850 310.880953 240 241 169 84 108 115 
653.846150 222.057814 173 155 154 60 146 116 
346.153850 488.527147 323 322 333 345 384 133 
730.769250 177.646253 153 154 92 61 173 169 
-19.230727 233.160725 163 164 661 -1 21 71 
846.153850 22.205774 11 12 70 155 154 -1 
807.692300 88.823156 71 70 93 167 185 154 
807.692300 44.411537 70 71 11 158 152 153 
884.615350 44.411566 69 70 12 152 157 156 
884.615350 88.823127 70 69 94 182 167 155 
923.076950 22.205774 12 13 69 164 155 -1 
769.230750 22.205774 11 71 10 67 -1 154 
1000.000250 22.205658 13 14 68 160 164 -1 
1038.461500 44.411537 14 67 68 163 159 161 
1076.923500 22.205803 67 14 15 -1 184 160 
1076.923500 111.028884 97 96 67 163 221 180 
1038.461500 88.823156 68 67 96 162 175 160 
961.538450 44.411566 13 68 69 165 157 159 
961.538450 88.823127 69 68 95 175 182 164 
846.153850 155.440447 93 94 152 172 170 167 
846.153850 111.028913 94 93 70 153 156 166 
769.230750 244.263586 175 174 153 169 171 260 
730.769250 222.057814 154 153 174 168 146 150 
807.692300 177.646224 152 153 93 173 166 171 
807.692300 222.057843 152 175 153 168 170 224 
884.615350 177.646253 94 151 152 176 166 181 
769.230750 155.440447 92 93 153 170 150 185 
1000.000250 155.440332 95 96 150 178 177 175 
1000.000250 111.029028 96 95 68 165 163 174 
884.615350 222.057814 176 152 151 172 239 224 
961.538450 177.646253 150 151 95 181 174 179 
1038.461500 177.646224 149 150 96 174 180 183 
961.538450 222.057814 177 151 150 177 232 239 
1076.923500 155.440476 149 96 97 162 207 178 
923.076950 155.440447 95 151 94 172 182 177 
923.076950 111.028913 94 69 95 165 181 156 
1038.461500 222.057843 149 178 150 232 178 237 
1115.384500 44.411537 67 15 66 192 221 161 
769.230750 111.028913 92 71 93 153 173 63 
1230.769500 22.205803 16 17 65 189 188 -1 
1192.307500 88.823156 66 65 98 206 201 188 
1192.307500 44.411537 65 66 16 192 186 187 
1269.230500 44.411537 64 65 17 186 191 190 
1269.230500 88.823156 65 64 99 218 206 189 
1307.692500 22.205803 17 18 64 198 189 -1 
1153.846500 22.205803 16 66 15 184 -1 188 
1384.615500 22.205803 18 19 63 194 198 -1 
1423.076500 44.411537 19 62 63 197 193 195 
1461.538500 22.205803 62 19 20 -1 220 194 
1500.000000 88.822867 102 62 61 220 1214 210 
1423.076500 88.823156 63 62 101 210 209 194 
1346.153500 44.411537 18 63 64 199 191 193 
1346.153500 88.823156 64 63 100 209 218 198 
1153.846500 155.440476 97 98 148 202 207 201 
1153.846500 111.028884 98 97 66 221 187 200 
1192.307500 177.646224 98 147 148 219 200 203 
1230.769500 155.440476 147 98 99 206 204 202 
1269.230500 177.646224 147 99 146 217 212 203 
1115.384500 222.057843 179 149 148 207 301 237 
1230.769500 111.028884 98 65 99 190 203 187 
1115.384500 177.646224 97 148 149 205 180 200 
1384.615500 155.440476 100 101 145 214 213 209 
1384.615500 111.028884 101 100 63 199 197 208 
1461.538500 111.028884 102 101 62 197 196 211 
1461.538500 155.440476 101 102 144 303 214 210 
1269.230500 222.057843 181 147 146 204 277 262 
1346.153500 177.646224 145 146 100 217 208 215 
1423.076500 177.646224 144 145 101 208 211 222 
1346.153500 222.057843 182 146 145 213 270 277 
1500.000000 222.057554 144 143 184 646 275 303 
1307.692500 155.440476 100 146 99 204 218 213 
1307.692500 111.028884 99 64 100 199 217 190 
1192.307500 222.057843 180 148 147 202 262 301 
1500.000000 44.411826 62 20 61 619 196 195 
1115.384500 88.823156 66 97 67 162 184 201 
1423.076500 222.057843 183 145 144 214 275 270 
846.153850 288.675147 175 176 234 227 226 224 
846.153850 244.263586 176 175 152 171 176 223 
807.692300 355.292476 235 234 257 247 242 226 
807.692300 310.880924 234 235 175 260 223 225 
884.615350 310.880953 233 234 176 223 229 228 
884.615350 355.292447 234 233 258 257 247 227 
923.076950 288.675147 176 177 233 238 227 239 
730.769250 355.292447 256 236 235 304 242 142 
1000.000250 288.675032 177 178 232 233 238 232 
1000.000250 244.263702 178 177 150 179 183 231 
1038.461500 310.880924 178 231 232 236 231 234 
1076.923500 288.675176 231 178 179 237 259 233 
1076.923500 377.498224 261 260 231 236 300 255 
1038.461500 355.292476 232 231 260 235 250 233 
1076.923500 244.263557 178 149 179 205 234 183 
961.538450 310.880953 177 232 233 240 229 231 
923.076950 244.263586 176 151 177 179 229 176 
961.538450 355.292447 233 232 259 250 257 238 
769.230750 421.909814 256 257 317 243 248 242 
769.230750 377.498253 257 256 235 230 225 241 
807.692300 444.115557 257 316 317 246 241 244 
846.153850 421.909814 316 257 258 247 245 243 
884.615350 444.115586 316 258 315 256 258 244 
807.692300 488.527176 317 316 339 458 610 243 
846.153850 377.498253 257 234 258 228 244 225 
730.769250 444.115586 256 317 318 305 136 241 
1000.000250 421.909698 259 260 314 253 252 250 
1000.000250 377.498368 260 259 232 240 236 249 
961.538450 488.527147 315 314 341 466 473 252 
961.538450 444.115586 314 315 259 256 249 251 
1038.461500 444.115557 313 314 260 249 255 254 
1038.461500 488.527176 314 313 342 471 466 253 
1076.923500 421.909843 313 260 261 235 286 253 
923.076950 421.909814 259 315 258 245 257 252 
923.076950 377.498253 258 233 259 240 256 228 
884.615350 488.527147 316 315 340 473 458 245 
1115.384500 310.880924 231 179 230 268 300 234 
769.230750 288.675147 235 174 175 168 226 304 
1230.769500 288.675176 180 181 229 265 264 262 
1230.769500 244.263557 181 180 147 219 212 261 
1192.307500 355.292476 230 229 262 285 280 264 
1192.307500 310.880924 229 230 180 268 261 263 
1269.230500 310.880924 228 229 181 261 267 266 
1269.230500 355.292476 229 228 263 297 285 265 
1307.692500 288.675176 181 182 228 276 265 277 
1153.846500 288.675176 180 230 179 259 301 264 
1384.615500 288.675176 182 183 227 271 276 270 
1384.615500 244.263557 183 182 145 215 222 269 
1423.076500 310.880924 183 226 227 274 269 272 
1461.538500 288.675176 226 183 184 275 299 271 
1500.000000 355.292187 266 226 225 299 765 289 
1423.076500 355.292476 227 226 265 289 288 271 
1461.538500 244.263557 183 144 184 216 272 222 
1346.153500 310.880924 182 227 228 278 267 269 
1307.692500 244.263557 181 146 182 215 267 212 
1346.153500 355.292476 228 227 264 288 297 276 
1153.846500 421.909843 261 262 312 281 286 280 
1153.846500 377.498224 262 261 230 300 263 279 
1192.307500 444.115557 262 311 312 284 279 282 
1230.769500 421.909843 311 262 263 285 283 281 
1269.230500 444.115557 311 263 310 296 298 282 
1192.307500 488.527176 312 311 344 496 535 281 
1230.769500 377.498224 262 229 263 266 282 263 
1115.384500 444.115557 261 312 313 302 255 279 
1384.615500 421.909843 264 265 309 293 292 288 
1384.615500 377.498224 265 264 227 278 274 287 
1461.538500 377.498224 266 265 226 274 273 290 
1461.538500 421.909843 265 266 308 611 293 289 
1346.153500 488.527176 310 309 346 504 511 292 
1346.153500 444.115557 309 310 264 296 287 291 
1423.076500 444.115557 308 309 265 287 290 294 
1423.076500 488.527176 309 308 347 509 504 293 
1500.000000 488.526887 308 307 348 721 509 611 
1307.692500 421.909843 264 310 263 283 297 292 
1307.692500 377.498224 263 228 264 278 296 266 
1269.230500 488.527176 311 310 345 511 496 283 
1500.000000 310.881213 226 184 225 691 273 272 
1115.384500 355.292476 230 261 231 235 259 280 
1153.846500 244.263557 179 148 180 219 268 205 
1115.384500 488.527176 313 312 343 535 471 286 
1500.000000 177.646513 144 102 143 634 216 211 
730.769250 310.880953 235 236 174 122 260 230 
730.769250 488.527147 318 317 338 610 358 248 
0.000000 555.144453 328 329 409 308 313 307 
-0.000000 510.732947 329 328 327 612 93 306 
38.461540 577.350247 329 408 409 311 306 309 
76.923070 555.144459 408 329 330 312 310 308 
115.384640 577.350259 408 330 407 321 323 309 
38.461540 621.761820 409 408 411 330 325 308 
76.923070 510.732941 329 326 330 105 309 93 
-19.230813 566.247375 328 409 664 343 -1 306 
230.769250 555.144447 331 332 406 318 317 315 
230.769250 510.732953 332 331 324 98 101 314 
192.307700 621.761843 407 406 413 333 340 317 
192.307700 577.350224 406 407 331 321 314 316 
269.230750 577.350253 405 406 332 314 320 319 
269.230750 621.761814 406 405 414 342 333 318 
307.692300 555.144476 332 333 405 383 318 384 
153.846150 555.144447 331 407 330 310 322 317 
153.846150 510.732953 330 325 331 98 321 105 
115.384640 621.761808 408 407 412 340 330 310 
0.000000 688.379153 410 411 491 326 331 325 
-0.000000 643.967580 411 410 409 343 311 324 
38.461540 710.584947 411 490 491 329 324 327 
76.923070 688.379159 490 411 412 330 328 326 
115.384640 710.584959 490 412 489 339 341 327 
38.461540 754.996520 491 490 493 392 387 326 
76.923070 643.967575 411 408 412 323 327 311 
-19.230813 699.482075 410 491 665 456 -1 324 
230.769250 688.379147 413 414 488 336 335 333 
230.769250 643.967586 414 413 406 316 319 332 
192.307700 754.996543 489 488 495 395 402 335 
192.307700 710.584924 488 489 413 339 332 334 
269.230750 710.584953 487 488 414 332 338 337 
269.230750 754.996514 488 487 496 454 395 336 
307.692300 688.379176 487 414 415 342 369 336 
153.846150 688.379147 413 489 412 328 340 335 
153.846150 643.967586 412 407 413 316 339 323 
115.384640 754.996508 490 489 494 402 392 328 
307.692300 643.967557 414 405 415 351 338 319 
-19.230727 632.864725 409 410 664 -1 313 325 
384.615350 555.144447 333 334 404 346 383 345 
384.615350 510.732953 334 333 322 149 131 344 
423.076950 577.350253 334 403 404 349 344 347 
461.538450 555.144447 403 334 335 350 348 346 
500.000000 577.350224 403 335 402 359 361 347 
423.076950 621.761814 404 403 416 368 363 346 
461.538450 510.732953 334 321 335 145 347 131 
346.153850 621.761814 404 415 405 342 383 363 
615.384650 555.144447 336 337 401 355 354 353 
615.384650 510.732953 337 336 319 138 141 352 
576.923050 577.350253 336 401 402 357 359 352 
653.846150 577.350253 400 401 337 352 356 380 
692.307700 555.144476 400 337 338 358 455 355 
576.923050 621.761814 402 401 418 370 371 354 
692.307700 510.732924 337 318 338 305 356 141 
538.461550 555.144447 336 402 335 348 360 354 
538.461550 510.732953 335 320 336 138 359 145 
500.000000 621.761843 403 402 417 371 368 348 
384.615350 688.379147 415 416 486 364 369 363 
384.615350 643.967586 415 404 416 349 362 351 
423.076950 710.584953 416 485 486 367 362 365 
461.538450 688.379147 485 416 417 368 366 364 
500.000000 710.584924 485 417 484 379 381 365 
423.076950 754.996514 486 485 498 425 420 364 
461.538450 643.967586 403 417 416 365 349 361 
346.153850 710.584953 415 486 487 385 338 362 
615.384650 643.967586 401 419 418 373 357 380 
538.461550 643.967586 418 417 402 361 357 379 
692.307700 688.379176 482 419 420 378 609 376 
615.384650 688.379147 418 419 483 376 375 370 
576.923050 754.996514 484 483 500 428 435 375 
576.923050 710.584953 483 484 418 379 373 374 
653.846150 710.584953 482 483 419 373 372 377 
653.846150 754.996514 483 482 501 382 428 376 
692.307700 643.967557 420 419 400 380 464 372 
538.461550 688.379147 418 484 417 366 371 375 
653.846150 621.761814 401 400 419 378 370 355 
500.000000 754.996543 485 484 499 435 425 366 
692.307700 777.202257 501 482 502 482 433 377 
346.153850 577.350253 404 405 333 320 344 351 
307.692300 510.732924 332 323 333 149 320 101 
346.153850 754.996514 487 486 497 420 454 369 
0.000000 821.613853 492 493 573 388 393 387 
-0.000000 777.202280 493 492 491 456 329 386 
38.461540 843.819647 493 572 573 391 386 389 
76.923070 821.613859 572 493 494 392 390 388 
115.384640 843.819659 572 494 571 401 403 389 
38.461540 888.231153 573 572 575 416 405 388 
76.923070 777.202275 493 490 494 341 389 329 
-19.230770 832.716750 492 573 666 418 -1 386 
230.769250 821.613847 495 496 570 398 397 395 
230.769250 777.202286 496 495 488 334 337 394 
192.307700 888.231176 571 570 577 414 410 397 
192.307700 843.819624 570 571 495 401 394 396 
269.230750 843.819653 569 570 496 394 400 399 
269.230750 888.231147 570 569 578 417 414 398 
307.692300 821.613876 496 497 569 453 398 454 
153.846150 821.613847 495 571 494 390 402 397 
153.846150 777.202286 494 489 495 334 401 341 
115.384640 888.231141 572 571 576 410 416 390 
0.000000 954.848520 574 575 655 407 406 405 
-0.000000 910.436947 575 574 573 418 391 404 
-19.230770 965.951400 655 657 574 -1 404 -1 
38.461540 977.054280 654 655 575 404 408 -1 
76.923070 954.848525 575 576 654 415 407 416 
153.846150 954.848514 576 577 653 411 415 410 
153.846150 910.436953 577 576 571 403 396 409 
192.307700 977.054257 577 652 653 -1 409 412 
230.769250 954.848514 652 577 578 414 413 411 
269.230750 977.054286 652 578 651 442 -1 412 
230.769250 910.436953 577 570 578 399 412 396 
115.384640 977.054292 576 653 654 -1 408 409 
76.923070 910.436941 575 572 576 403 408 391 
307.692300 910.436924 569 579 578 442 399 426 
-19.230770 899.334050 573 574 666 -1 393 405 
384.615350 821.613847 497 498 568 421 453 420 
384.615350 777.202286 498 497 486 385 367 419 
423.076950 843.819653 498 567 568 424 419 422 
461.538450 821.613847 567 498 499 425 423 421 
500.000000 843.819624 567 499 566 434 436 422 
423.076950 888.231147 568 567 580 451 438 421 
461.538450 777.202286 498 485 499 381 422 367 
346.153850 888.231147 568 579 569 417 453 438 
615.384650 821.613847 500 501 565 431 430 428 
615.384650 777.202286 501 500 483 374 377 427 
576.923050 888.231147 566 565 582 445 444 430 
576.923050 843.819653 565 566 500 434 427 429 
653.846150 843.819653 564 565 501 427 433 432 
653.846150 888.231147 565 564 583 452 445 431 
692.307700 821.613876 564 501 502 382 570 431 
538.461550 821.613847 500 566 499 423 435 430 
538.461550 777.202286 499 484 500 374 434 381 
500.000000 888.231176 567 566 581 444 451 423 
384.615350 954.848514 579 580 650 440 439 438 
384.615350 910.436953 580 579 568 426 424 437 
346.153850 977.054286 650 651 579 442 437 -1 
423.076950 977.054286 649 650 580 437 441 -1 
461.538450 954.848514 580 581 649 450 440 451 
307.692300 954.848543 651 578 579 417 439 413 
538.461550 954.848514 581 582 648 447 450 444 
538.461550 910.436953 582 581 566 436 429 443 
615.384650 910.436953 583 582 565 429 432 446 
615.384650 954.848514 582 583 647 448 447 445 
576.923050 977.054286 647 648 582 443 446 -1 
653.846150 977.054286 646 647 583 446 449 -1 
692.307700 954.848543 646 583 584 452 561 448 
500.000000 977.054257 581 648 649 -1 441 443 
461.538450 910.436953 580 567 581 436 441 424 
692.307700 910.436924 584 583 564 432 544 449 
346.153850 843.819653 569 497 568 419 426 400 
307.692300 777.202257 496 487 497 385 400 337 
730.769250 577.350253 338 399 400 464 356 494 
-19.230727 766.099425 491 492 665 -1 331 387 
846.153850 555.144447 339 340 398 461 460 458 
846.153850 510.732953 340 339 316 246 258 457 
807.692300 621.761843 399 398 421 481 476 460 
807.692300 577.350224 398 399 339 494 457 459 
884.615350 577.350253 397 398 340 457 463 462 
884.615350 621.761814 398 397 422 491 481 461 
923.076950 555.144447 340 341 397 472 461 473 
730.769250 621.761814 399 420 400 378 455 476 
1000.000250 555.144332 341 342 396 467 472 466 
1000.000250 510.733068 342 341 314 251 254 465 
1038.461500 577.350224 342 395 396 470 465 468 
1076.923500 555.144476 395 342 343 471 493 467 
1076.923500 643.967557 425 424 395 470 534 489 
1038.461500 621.761843 396 395 424 469 484 467 
1076.923500 510.732924 342 313 343 302 468 254 
961.538450 577.350253 341 396 397 474 463 465 
923.076950 510.732953 340 315 341 251 463 258 
961.538450 621.761814 397 396 423 484 491 472 
769.230750 688.379147 420 421 481 477 609 476 
769.230750 643.967586 421 420 399 464 459 475 
807.692300 710.584924 421 480 481 480 475 478 
846.153850 688.379147 480 421 422 481 479 477 
884.615350 710.584953 480 422 479 490 492 478 
807.692300 754.996543 481 480 503 543 538 477 
846.153850 643.967586 421 398 422 462 478 459 
730.769250 754.996514 481 502 482 382 609 538 
1000.000250 688.379032 423 424 478 487 486 484 
1000.000250 643.967702 424 423 396 474 470 483 
961.538450 754.996514 479 478 505 546 553 486 
961.538450 710.584953 478 479 423 490 483 485 
1038.461500 710.584924 477 478 424 483 489 488 
1038.461500 754.996543 478 477 506 607 546 487 
1076.923500 688.379176 477 424 425 469 520 487 
923.076950 688.379147 423 479 422 479 491 486 
923.076950 643.967586 422 397 423 474 490 462 
884.615350 754.996514 480 479 504 553 543 479 
1115.384500 577.350224 395 343 394 502 534 468 
769.230750 555.144447 399 338 339 610 460 455 
1230.769500 555.144476 344 345 393 499 498 496 
1230.769500 510.732924 345 344 311 284 298 495 
1192.307500 621.761843 394 393 426 519 514 498 
1192.307500 577.350224 393 394 344 502 495 497 
1269.230500 577.350224 392 393 345 495 501 500 
1269.230500 621.761843 393 392 427 531 519 499 
1307.692500 555.144476 345 346 392 510 499 511 
1153.846500 555.144476 344 394 343 493 535 498 
1384.615500 555.144476 346 347 391 505 510 504 
1384.615500 510.732924 347 346 309 291 294 503 
1423.076500 577.350224 347 390 391 508 503 506 
1461.538500 555.144476 390 347 348 509 533 505 
1500.000000 621.761554 430 390 389 533 1065 523 
1423.076500 621.761843 391 390 429 523 522 505 
1461.538500 510.732924 347 308 348 295 506 294 
1346.153500 577.350224 346 391 392 512 501 503 
1307.692500 510.732924 345 310 346 291 501 298 
1346.153500 621.761843 392 391 428 522 531 510 
1153.846500 688.379176 425 426 476 515 520 514 
1153.846500 643.967557 426 425 394 534 497 513 
1192.307500 710.584924 426 475 476 518 513 516 
1230.769500 688.379176 475 426 427 519 517 515 
1269.230500 710.584924 475 427 474 530 532 516 
1192.307500 754.996543 476 475 508 577 572 515 
1230.769500 643.967557 426 393 427 500 516 497 
1115.384500 710.584924 425 476 477 536 489 513 
1384.615500 688.379176 428 429 473 527 526 522 
1384.615500 643.967557 429 428 391 512 508 521 
1461.538500 643.967557 430 429 390 508 507 524 
1461.538500 688.379176 429 430 472 608 527 523 
1346.153500 754.996543 474 473 510 580 587 526 
1346.153500 710.584924 473 474 428 530 521 525 
1423.076500 710.584924 472 473 429 521 524 528 
1423.076500 754.996543 473 472 511 585 580 527 
1500.000000 754.996254 472 471 512 950 585 608 
1307.692500 688.379176 428 474 427 517 531 526 
1307.692500 643.967557 427 392 428 512 530 500 
1269.230500 754.996543 475 474 509 587 577 517 
1500.000000 577.350513 390 348 389 920 507 506 
1115.384500 621.761843 394 425 395 469 493 514 
1153.846500 510.732924 343 312 344 284 502 302 
1115.384500 754.996543 477 476 507 572 607 520 
769.230750 821.613847 502 503 563 539 570 538 
769.230750 777.202286 503 502 481 482 480 537 
807.692300 843.819624 503 562 563 542 537 540 
846.153850 821.613847 562 503 504 543 541 539 
884.615350 843.819653 562 504 561 552 554 540 
807.692300 888.231176 563 562 585 560 556 539 
846.153850 777.202286 503 480 504 492 540 480 
730.769250 888.231147 563 584 564 452 570 556 
1000.000250 821.613732 505 506 560 549 548 546 
1000.000250 777.202402 506 505 478 485 488 545 
961.538450 888.231147 561 560 587 563 568 548 
961.538450 843.819653 560 561 505 552 545 547 
1038.461500 843.819624 559 560 506 545 551 550 
1038.461500 888.231176 560 559 588 569 563 549 
1076.923500 821.613876 506 507 559 606 549 607 
923.076950 821.613847 505 561 504 541 553 548 
923.076950 777.202286 504 479 505 485 552 492 
884.615350 888.231147 562 561 586 568 560 541 
769.230750 954.848514 584 585 645 557 561 556 
769.230750 910.436953 585 584 563 544 542 555 
807.692300 977.054257 585 644 645 -1 555 558 
846.153850 954.848514 644 585 586 560 559 557 
884.615350 977.054286 644 586 643 567 -1 558 
846.153850 910.436953 585 562 586 554 558 542 
730.769250 977.054286 584 645 646 -1 449 555 
1000.000250 954.848398 587 588 642 565 564 563 
1000.000250 910.437068 588 587 560 547 550 562 
961.538450 977.054286 642 643 587 567 562 -1 
1038.461500 977.054257 641 642 588 562 566 -1 
1076.923500 954.848543 641 588 589 569 595 565 
923.076950 954.848514 587 643 586 559 568 564 
923.076950 910.436953 586 561 587 547 567 554 
1076.923500 910.436924 588 559 589 578 566 550 
730.769250 843.819653 563 564 502 433 537 544 
1153.846500 821.613876 507 508 558 573 606 572 
1153.846500 777.202257 508 507 476 536 518 571 
1192.307500 843.819624 508 557 558 576 571 574 
1230.769500 821.613876 557 508 509 577 575 573 
1269.230500 843.819624 557 509 556 586 588 574 
1192.307500 888.231176 558 557 590 594 590 573 
1230.769500 777.202257 508 475 509 532 574 518 
1115.384500 888.231176 558 589 559 569 606 590 
1384.615500 821.613876 510 511 555 582 581 580 
1384.615500 777.202257 511 510 473 525 528 579 
1346.153500 843.819624 510 555 556 584 586 579 
1423.076500 843.819624 554 555 511 579 583 604 
1461.538500 821.613876 554 511 512 585 605 582 
1346.153500 888.231176 556 555 592 596 597 581 
1461.538500 777.202257 511 472 512 529 583 528 
1307.692500 821.613876 510 556 509 575 587 581 
1307.692500 777.202257 509 474 510 525 586 532 
1269.230500 888.231176 557 556 591 597 594 575 
1153.846500 954.848543 589 590 640 591 595 590 
1153.846500 910.436924 589 558 590 576 589 578 
1192.307500 977.054257 590 639 640 -1 589 592 
1230.769500 954.848543 639 590 591 594 593 591 
1269.230500 977.054257 639 591 638 603 -1 592 
1230.769500 910.436924 557 591 590 592 576 588 
1115.384500 977.054257 589 640 641 -1 566 589 
1384.615500 910.436924 555 593 592 599 584 604 
1307.692500 910.436924 592 591 556 588 584 603 
1461.538500 954.848543 636 593 594 602 1017 601 
1384.615500 954.848543 592 593 637 601 600 596 
1346.153500 977.054257 637 638 592 603 599 -1 
1423.076500 977.054257 636 637 593 599 598 -1 
1461.538500 910.436924 594 593 554 604 1000 598 
1307.692500 954.848543 592 638 591 593 597 600 
1423.076500 888.231176 555 554 593 602 596 582 
1500.000000 843.819913 554 512 553 1026 1000 583 
1115.384500 843.819624 558 559 507 551 571 578 
1076.923500 777.202257 506 477 507 536 551 488 
1500.000000 710.585213 472 430 471 938 529 524 
730.769250 710.584953 481 482 420 372 475 482 
769.230750 510.732953 338 317 339 246 494 305 
1500.000000 444.115846 308 266 307 709 295 290 
-19.230813 499.630025 327 328 663 -1 95 307 
1615.384500 22.205803 21 22 60 616 615 -1 
1576.923500 88.823156 61 60 103 628 1214 615 
1576.923500 44.411537 60 61 21 619 613 614 
1653.846500 44.411537 59 60 22 613 618 617 
1653.846500 88.823156 60 59 104 643 628 616 
1692.307500 22.205803 22 23 59 625 616 -1 
1538.461500 22.205803 21 61 20 220 -1 615 
1769.230500 22.205803 23 24 58 621 625 -1 
1807.692500 44.411537 24 57 58 624 620 622 
1846.153500 22.205803 57 24 25 -1 645 621 
1884.615500 88.823156 107 57 56 645 682 641 
1807.692500 88.823156 58 57 106 641 636 621 
1730.769500 44.411537 23 58 59 626 618 620 
1730.769500 88.823156 59 58 105 636 643 625 
1615.384500 155.440476 103 104 142 631 630 628 
1615.384500 111.028884 104 103 60 614 617 627 
1576.923500 222.057843 143 142 185 685 646 630 
1576.923500 177.646224 142 143 103 634 627 629 
1653.846500 177.646224 141 142 104 627 633 632 
1653.846500 222.057843 142 141 186 700 685 631 
1692.307500 155.440476 104 105 141 642 631 643 
1538.461500 155.440476 143 102 103 1214 630 303 
1769.230500 155.440476 105 106 140 637 642 636 
1769.230500 111.028884 106 105 58 626 624 635 
1807.692500 177.646224 106 139 140 640 635 638 
1846.153500 155.440476 139 106 107 641 639 637 
1884.615500 177.646224 139 107 138 668 683 638 
1807.692500 222.057843 140 139 188 698 693 637 
1846.153500 111.028884 106 57 107 623 638 624 
1730.769500 177.646224 105 140 141 644 633 635 
1692.307500 111.028884 104 59 105 626 633 617 
1730.769500 222.057843 141 140 187 693 700 642 
1884.615500 44.411537 57 25 56 653 623 622 
1538.461500 244.263557 184 143 185 629 691 216 
2000.000000 22.205514 26 27 55 650 649 -1 
1961.538500 88.823156 56 55 108 662 682 649 
1961.538500 44.411537 55 56 26 653 647 648 
2038.461500 44.411537 54 55 27 647 652 651 
2038.461500 88.823156 55 54 109 670 662 650 
2076.923500 22.205803 27 28 54 659 650 -1 
1923.076500 22.205803 26 56 25 645 -1 649 
2153.846500 22.205803 28 29 53 655 659 -1 
2192.307500 44.411537 29 52 53 658 654 656 
2230.769500 22.205803 52 29 30 -1 657 655 
2269.230500 44.411537 52 30 51 681 679 656 
2192.307500 88.823156 53 52 111 671 669 655 
2115.384500 44.411537 28 53 54 660 652 654 
2115.384500 88.823156 54 53 110 669 670 659 
2000.000000 155.440187 108 109 137 665 664 662 
2000.000000 111.029173 108 55 109 651 661 648 
1961.538500 222.057843 138 137 190 723 738 664 
1961.538500 177.646224 137 138 108 668 661 663 
2038.461500 177.646224 136 137 109 661 667 666 
2038.461500 222.057843 137 136 191 731 723 665 
2076.923500 155.440476 109 110 136 678 665 670 
1923.076500 155.440476 138 107 108 682 664 639 
2153.846500 111.028884 53 111 110 672 660 658 
2076.923500 111.028884 110 109 54 651 660 667 
2230.769500 111.028884 52 112 111 674 658 679 
2153.846500 155.440476 110 111 135 673 678 669 
2192.307500 177.646224 111 134 135 676 672 674 
2230.769500 155.440476 134 111 112 671 675 673 
2269.230500 177.646224 134 112 133 677 762 674 
2192.307500 222.057843 135 134 193 734 730 673 
2307.692500 155.440476 112 113 133 799 675 764 
2115.384500 177.646224 110 135 136 680 667 672 
2269.230500 88.823156 52 51 112 764 671 657 
2115.384500 222.057843 136 135 192 730 731 678 
2307.692500 22.205803 30 31 51 911 657 -1 
1923.076500 111.028884 108 107 56 623 648 668 
1884.615500 222.057843 139 138 189 738 698 639 
1615.384500 288.675176 185 186 224 688 687 685 
1615.384500 244.263557 185 142 186 632 684 629 
1576.923500 355.292476 225 224 267 703 765 687 
1576.923500 310.880924 224 225 185 691 684 686 
1653.846500 310.880924 223 224 186 684 690 689 
1653.846500 355.292476 224 223 268 718 703 688 
1692.307500 288.675176 186 187 223 699 688 700 
1538.461500 288.675176 225 184 185 646 687 299 
1769.230500 288.675176 187 188 222 694 699 693 
1769.230500 244.263557 187 140 188 640 692 644 
1807.692500 310.880924 188 221 222 697 692 695 
1846.153500 288.675176 221 188 189 698 720 694 
1884.615500 355.292476 271 221 220 720 761 716 
1807.692500 355.292476 222 221 270 716 711 694 
1846.153500 244.263557 139 189 188 695 640 683 
1730.769500 310.880924 187 222 223 701 690 692 
1692.307500 244.263557 141 187 186 690 632 644 
1730.769500 355.292476 223 222 269 711 718 699 
1615.384500 421.909843 267 268 306 706 705 703 
1615.384500 377.498224 268 267 224 686 689 702 
1576.923500 488.527176 307 306 349 914 721 705 
1576.923500 444.115557 306 307 267 709 702 704 
1653.846500 444.115557 305 306 268 702 708 707 
1653.846500 488.527176 306 305 350 929 914 706 
1692.307500 421.909843 268 269 305 717 706 718 
1538.461500 421.909843 307 266 267 765 705 611 
1769.230500 421.909843 269 270 304 712 717 711 
1769.230500 377.498224 270 269 222 701 697 710 
1807.692500 444.115557 270 303 304 715 710 713 
1846.153500 421.909843 303 270 271 716 714 712 
1884.615500 444.115557 303 271 302 747 763 713 
1807.692500 488.527176 304 303 352 927 922 712 
1846.153500 377.498224 270 221 271 696 713 697 
1730.769500 444.115557 269 304 305 719 708 710 
1692.307500 377.498224 268 223 269 701 708 689 
1730.769500 488.527176 305 304 351 922 929 717 
1884.615500 310.880924 221 189 220 729 696 695 
1538.461500 510.732924 348 307 349 704 920 295 
2000.000000 288.674887 190 191 219 726 725 723 
2000.000000 244.263846 190 137 191 666 722 663 
1961.538500 355.292476 220 219 272 741 761 725 
1961.538500 310.880924 219 220 190 729 722 724 
2038.461500 310.880924 218 219 191 722 728 727 
2038.461500 355.292476 219 218 273 749 741 726 
2076.923500 288.675176 191 192 218 737 726 731 
1923.076500 288.675176 190 220 189 720 738 725 
2153.846500 244.263557 135 193 192 733 680 676 
2076.923500 244.263557 192 191 136 666 680 728 
2192.307500 310.880924 216 217 193 733 735 758 
2153.846500 288.675176 193 217 192 737 730 732 
2230.769500 244.263557 193 134 194 762 735 676 
2230.769500 288.675176 216 193 194 734 736 732 
2269.230500 310.880924 216 194 215 787 756 735 
2115.384500 310.880924 192 217 218 739 728 733 
1923.076500 244.263557 189 138 190 663 729 683 
2115.384500 355.292476 218 217 274 748 749 737 
2000.000000 421.909554 272 273 301 744 743 741 
2000.000000 377.498513 272 219 273 727 740 724 
1961.538500 488.527176 302 301 354 952 991 743 
1961.538500 444.115557 301 302 272 747 740 742 
2038.461500 444.115557 300 301 273 740 746 745 
2038.461500 488.527176 301 300 355 967 952 744 
2076.923500 421.909843 273 274 300 757 744 749 
1923.076500 421.909843 302 271 272 761 743 714 
2153.846500 377.498224 217 275 274 751 739 758 
2076.923500 377.498224 274 273 218 727 739 746 
2230.769500 377.498224 275 216 276 756 753 758 
2153.846500 421.909843 274 275 299 752 757 748 
2192.307500 444.115557 275 298 299 755 751 753 
2230.769500 421.909843 298 275 276 750 754 752 
2269.230500 444.115557 298 276 297 859 912 753 
2192.307500 488.527176 299 298 357 965 960 752 
2269.230500 355.292476 276 216 215 736 871 750 
2115.384500 444.115557 274 299 300 759 746 751 
2192.307500 355.292476 275 217 216 732 750 748 
2115.384500 488.527176 300 299 356 960 967 757 
2307.692500 244.263557 194 133 195 783 787 762 
1923.076500 377.498224 272 271 220 696 724 747 
2269.230500 222.057843 194 134 133 675 760 734 
1884.615500 488.527176 303 302 353 991 927 714 
2307.692500 111.028884 112 51 113 771 677 679 
1538.461500 377.498224 266 225 267 686 709 273 
2384.615500 22.205803 31 32 50 767 911 -1 
2423.076500 44.411537 32 49 50 770 766 768 
2461.538500 22.205803 49 32 33 -1 769 767 
2500.000000 44.411826 49 33 48 778 779 768 
2423.076500 88.823156 50 49 114 796 781 767 
2346.153500 88.823156 50 113 51 764 911 781 
2615.384500 22.205803 34 35 47 775 774 -1 
2576.923500 88.823156 48 47 116 794 789 774 
2576.923500 44.411537 47 48 34 778 772 773 
2653.846500 44.411537 46 47 35 772 777 776 
2653.846500 88.823156 47 46 117 798 794 775 
2692.307500 22.205803 35 36 46 832 775 -1 
2538.461500 22.205803 34 48 33 769 -1 774 
2500.000000 88.822867 49 48 115 789 796 769 
2384.615500 155.440476 113 114 132 784 799 781 
2384.615500 111.028884 114 113 50 771 770 780 
2384.615500 244.263557 196 195 132 783 785 841 
2346.153500 222.057843 195 133 132 799 782 760 
2423.076500 177.646224 131 132 114 780 786 785 
2423.076500 222.057843 131 196 132 782 784 835 
2461.538500 155.440476 114 115 131 795 784 796 
2307.692500 288.675176 195 215 194 736 760 837 
2538.461500 155.440476 115 116 130 790 795 789 
2538.461500 111.028884 116 115 48 779 773 788 
2576.923500 177.646224 116 129 130 797 788 791 
2615.384500 155.440476 129 116 117 794 792 790 
2653.846500 177.646224 128 129 117 791 820 815 
2500.000000 222.057554 197 131 130 795 850 835 
2615.384500 111.028884 116 47 117 776 791 773 
2500.000000 177.646513 115 130 131 793 786 788 
2461.538500 111.028884 114 49 115 779 786 770 
2576.923500 222.057843 129 198 130 850 790 843 
2692.307500 111.028884 117 46 118 805 820 776 
2346.153500 177.646224 133 113 132 780 783 677 
2769.230500 22.205803 36 37 45 801 832 -1 
2807.692500 44.411537 37 44 45 804 800 802 
2846.153500 22.205803 44 37 38 -1 803 801 
2884.615500 44.411537 44 38 43 811 812 802 
2807.692500 88.823156 45 44 119 830 814 801 
2730.769500 88.823156 45 118 46 798 832 814 
3000.000000 22.205514 39 659 42 809 808 -1 
2961.538500 88.823156 43 42 121 823 822 808 
2961.538500 44.411537 42 43 39 811 806 807 
3019.231000 33.308670 41 42 659 806 -1 810 
3019.231000 99.926020 42 41 122 -1 823 809 
2923.076500 22.205803 39 43 38 803 -1 808 
2884.615500 88.823156 44 43 120 822 830 803 
2769.230500 155.440476 118 119 127 817 816 814 
2769.230500 111.028884 119 118 45 805 804 813 
2653.846500 222.057843 199 129 128 792 909 843 
2730.769500 177.646224 127 128 118 820 813 818 
2807.692500 177.646224 126 127 119 813 819 831 
2730.769500 222.057843 200 128 127 816 873 909 
2846.153500 155.440476 119 120 126 829 817 830 
2692.307500 155.440476 128 117 118 798 816 792 
2923.076500 155.440476 120 121 125 826 829 822 
2923.076500 111.028884 121 120 43 812 807 821 
3000.000000 111.029173 122 121 42 807 810 824 
3000.000000 155.440187 121 122 124 827 826 823 
2884.615500 222.057843 202 126 125 829 887 878 
2961.538500 177.646224 124 125 121 821 824 828 
3019.231000 166.543350 123 124 122 824 -1 833 
2961.538500 222.057843 203 125 124 826 881 887 
2884.615500 177.646224 120 125 126 825 819 821 
2846.153500 111.028884 119 44 120 812 819 804 
2807.692500 222.057843 201 127 126 817 878 873 
2730.769500 44.411537 46 36 45 800 805 777 
3019.231000 233.160700 204 124 123 827 -1 881 
2461.538500 288.675176 196 197 213 840 838 835 
2461.538500 244.263557 197 196 131 785 793 834 
2346.153500 355.292476 215 214 277 853 871 837 
2346.153500 310.880924 215 195 214 841 836 787 
2423.076500 310.880924 213 214 196 841 834 839 
2423.076500 355.292476 214 213 278 868 853 838 
2500.000000 310.881213 197 212 213 851 834 849 
2384.615500 288.675176 214 195 196 782 838 837 
2615.384500 288.675176 198 199 211 846 845 843 
2615.384500 244.263557 199 198 129 797 815 842 
2576.923500 355.292476 212 211 280 866 861 845 
2576.923500 310.880924 211 212 198 849 842 844 
2653.846500 310.880924 210 211 199 842 848 847 
2653.846500 355.292476 211 210 281 870 866 846 
2692.307500 288.675176 199 200 210 908 846 909 
2538.461500 288.675176 198 212 197 840 850 845 
2538.461500 244.263557 197 130 198 797 849 793 
2500.000000 355.292187 213 212 279 861 868 840 
2384.615500 421.909843 277 278 296 856 855 853 
2384.615500 377.498224 278 277 214 836 839 852 
2346.153500 488.527176 297 296 359 1067 1213 855 
2346.153500 444.115557 296 297 277 859 852 854 
2423.076500 444.115557 295 296 278 852 858 857 
2423.076500 488.527176 296 295 360 1072 1067 856 
2461.538500 421.909843 278 279 295 867 856 868 
2307.692500 421.909843 297 276 277 871 855 754 
2538.461500 421.909843 279 280 294 862 867 861 
2538.461500 377.498224 280 279 212 851 844 860 
2576.923500 444.115557 280 293 294 865 860 863 
2615.384500 421.909843 293 280 281 866 864 862 
2653.846500 444.115557 292 293 281 863 896 910 
2576.923500 488.527176 294 293 362 1075 1082 862 
2615.384500 377.498224 280 211 281 847 863 844 
2500.000000 444.115846 279 294 295 869 858 860 
2461.538500 377.498224 278 213 279 851 858 839 
2500.000000 488.526887 295 294 361 1082 1072 867 
2692.307500 377.498224 281 210 282 879 896 847 
2307.692500 377.498224 277 276 215 756 836 859 
2769.230500 288.675176 200 201 209 874 908 873 
2769.230500 244.263557 201 200 127 818 831 872 
2807.692500 310.880924 201 208 209 877 872 875 
2846.153500 288.675176 208 201 202 878 876 874 
2884.615500 310.880924 208 202 207 886 888 875 
2807.692500 355.292476 209 208 283 906 890 874 
2846.153500 244.263557 201 126 202 825 875 831 
2730.769500 355.292476 209 282 210 870 908 890 
3000.000000 288.674887 203 204 206 884 883 881 
3000.000000 244.263846 204 203 124 828 833 880 
2961.538500 355.292476 207 206 285 899 898 883 
2961.538500 310.880924 206 207 203 886 880 882 
3019.231000 299.778050 205 206 204 880 -1 885 
3019.231000 366.395350 206 205 286 -1 899 884 
2923.076500 288.675176 203 207 202 876 887 883 
2923.076500 244.263557 202 125 203 828 886 825 
2884.615500 355.292476 208 207 284 898 906 876 
2769.230500 421.909843 282 283 291 893 892 890 
2769.230500 377.498224 283 282 209 879 877 889 
2730.769500 488.527176 292 291 364 1105 1141 892 
2730.769500 444.115557 291 292 282 896 889 891 
2807.692500 444.115557 290 291 283 889 895 894 
2807.692500 488.527176 291 290 365 1110 1105 893 
2846.153500 421.909843 283 284 290 905 893 906 
2692.307500 421.909843 292 281 282 870 892 864 
2923.076500 421.909843 284 285 289 902 905 898 
2923.076500 377.498224 285 284 207 888 882 897 
3000.000000 377.498513 286 285 206 882 885 900 
3000.000000 421.909554 285 286 288 903 902 899 
2961.538500 488.527176 289 288 367 1113 1119 902 
2961.538500 444.115557 288 289 285 897 900 901 
3019.231000 433.012700 287 288 286 900 -1 904 
3019.231000 499.630050 288 287 368 -1 1113 903 
2884.615500 444.115557 284 289 290 907 895 897 
2846.153500 377.498224 283 208 284 888 895 877 
2884.615500 488.527176 290 289 366 1119 1110 905 
2730.769500 310.880924 210 200 209 872 879 848 
2692.307500 244.263557 199 128 200 818 848 815 
2653.846500 488.527176 293 292 363 1141 1075 864 
2346.153500 44.411537 51 31 50 766 771 681 
2269.230500 488.527176 298 297 358 1213 965 754 
1615.384500 555.144476 349 350 388 917 916 914 
1615.384500 510.732924 350 349 306 704 707 913 
1576.923500 621.761843 389 388 431 932 1065 916 
1576.923500 577.350224 388 389 349 920 913 915 
1653.846500 577.350224 387 388 350 913 919 918 
1653.846500 621.761843 388 387 432 947 932 917 
1692.307500 555.144476 350 351 387 928 917 929 
1538.461500 555.144476 389 348 349 721 916 533 
1769.230500 555.144476 351 352 386 923 928 922 
1769.230500 510.732924 352 351 304 719 715 921 
1807.692500 577.350224 352 385 386 926 921 924 
1846.153500 555.144476 385 352 353 927 949 923 
1884.615500 621.761843 435 385 384 949 990 945 
1807.692500 621.761843 386 385 434 945 940 923 
1846.153500 510.732924 352 303 353 763 924 715 
1730.769500 577.350224 351 386 387 930 919 921 
1692.307500 510.732924 350 305 351 719 919 707 
1730.769500 621.761843 387 386 433 940 947 928 
1615.384500 688.379176 431 432 470 935 934 932 
1615.384500 643.967557 432 431 388 915 918 931 
1576.923500 754.996543 471 470 513 994 950 934 
1576.923500 710.584924 470 471 431 938 931 933 
1653.846500 710.584924 469 470 432 931 937 936 
1653.846500 754.996543 470 469 514 1009 994 935 
1692.307500 688.379176 432 433 469 946 935 947 
1538.461500 688.379176 471 430 431 1065 934 608 
1769.230500 688.379176 433 434 468 941 946 940 
1769.230500 643.967557 434 433 386 930 926 939 
1807.692500 710.584924 434 467 468 944 939 942 
1846.153500 688.379176 467 434 435 945 943 941 
1884.615500 710.584924 467 435 466 976 992 942 
1807.692500 754.996543 468 467 516 1007 1002 941 
1846.153500 643.967557 434 385 435 925 942 926 
1730.769500 710.584924 433 468 469 948 937 939 
1692.307500 643.967557 432 387 433 930 937 918 
1730.769500 754.996543 469 468 515 1002 1009 946 
1884.615500 577.350224 385 353 384 958 925 924 
1538.461500 777.202257 512 471 513 933 1026 529 
2000.000000 555.144187 354 355 383 955 954 952 
2000.000000 510.733213 355 354 301 742 745 951 
1961.538500 621.761843 384 383 436 970 990 954 
1961.538500 577.350224 383 384 354 958 951 953 
2038.461500 577.350224 382 383 355 951 957 956 
2038.461500 621.761843 383 382 437 978 970 955 
2076.923500 555.144476 355 356 382 966 955 967 
1923.076500 555.144476 354 384 353 949 991 954 
2153.846500 555.144476 356 357 381 961 966 960 
2153.846500 510.732924 357 356 299 759 755 959 
2192.307500 577.350224 357 380 381 964 959 962 
2230.769500 555.144476 380 357 358 965 963 961 
2269.230500 577.350224 380 358 379 989 987 962 
2192.307500 621.761843 381 380 439 979 977 961 
2230.769500 510.732924 357 298 358 912 962 755 
2115.384500 577.350224 356 381 382 968 957 959 
2076.923500 510.732924 355 300 356 759 957 745 
2115.384500 621.761843 382 381 438 977 978 966 
2000.000000 688.378887 436 437 465 973 972 970 
2000.000000 643.967846 436 383 437 956 969 953 
1961.538500 754.996543 466 465 518 1028 1063 972 
1961.538500 710.584924 465 466 436 976 969 971 
2038.461500 710.584924 464 465 437 969 975 974 
2038.461500 754.996543 465 464 519 1043 1028 973 
2076.923500 688.379176 437 438 464 986 973 978 
1923.076500 688.379176 466 435 436 990 972 943 
2153.846500 643.967557 381 439 438 980 968 964 
2076.923500 643.967557 438 437 382 956 968 975 
2230.769500 643.967557 380 440 439 982 964 987 
2153.846500 688.379176 438 439 463 981 986 977 
2192.307500 710.584924 439 462 463 984 980 982 
2230.769500 688.379176 462 439 440 979 985 981 
2269.230500 754.996543 522 462 461 985 1212 1041 
2192.307500 754.996543 463 462 521 1041 1036 981 
2269.230500 710.584924 462 440 461 1091 983 982 
2115.384500 710.584924 438 463 464 988 975 980 
2269.230500 621.761843 380 379 440 1064 979 963 
2115.384500 754.996543 464 463 520 1036 1043 986 
2307.692500 555.144476 358 359 379 1103 963 1213 
1923.076500 643.967557 436 435 384 925 953 976 
1923.076500 510.732924 353 302 354 742 958 763 
1884.615500 754.996543 467 466 517 1063 1007 943 
1615.384500 821.613876 513 514 552 997 996 994 
1615.384500 777.202257 514 513 470 933 936 993 
1576.923500 888.231176 553 552 595 1016 1012 996 
1576.923500 843.819624 552 553 513 1026 993 995 
1653.846500 843.819624 551 552 514 993 999 998 
1653.846500 888.231176 552 551 596 1024 1016 997 
1692.307500 821.613876 514 515 551 1008 997 1009 
1500.000000 888.230887 594 554 553 605 1012 602 
1769.230500 821.613876 515 516 550 1003 1008 1002 
1769.230500 777.202257 516 515 468 948 944 1001 
1807.692500 843.819624 516 549 550 1006 1001 1004 
1846.153500 821.613876 549 516 517 1007 1025 1003 
1846.153500 910.436924 599 598 549 1006 1034 1022 
1807.692500 888.231176 550 549 598 1005 1019 1003 
1846.153500 777.202257 516 467 517 992 1004 944 
1730.769500 843.819624 515 550 551 1010 999 1001 
1692.307500 777.202257 514 469 515 948 999 936 
1730.769500 888.231176 551 550 597 1019 1024 1008 
1538.461500 954.848543 594 595 635 1013 1017 1012 
1538.461500 910.436924 595 594 553 1000 995 1011 
1576.923500 977.054257 595 634 635 -1 1011 1014 
1615.384500 954.848543 634 595 596 1016 1015 1013 
1653.846500 977.054257 634 596 633 1023 -1 1014 
1615.384500 910.436924 595 552 596 998 1014 995 
1500.000000 977.054546 594 635 636 -1 598 1011 
1769.230500 954.848543 597 598 632 1021 1020 1019 
1769.230500 910.436924 598 597 550 1010 1006 1018 
1730.769500 977.054257 632 633 597 1023 1018 -1 
1807.692500 977.054257 631 632 598 1018 1022 -1 
1846.153500 954.848543 631 598 599 1005 1051 1021 
1692.307500 954.848543 597 633 596 1015 1024 1020 
1692.307500 910.436924 596 551 597 1010 1023 998 
1884.615500 843.819624 549 517 548 1062 1034 1004 
1538.461500 821.613876 512 513 553 996 605 950 
2000.000000 821.613587 518 519 547 1031 1030 1028 
2000.000000 777.202546 519 518 465 971 974 1027 
1961.538500 888.231176 548 547 600 1050 1046 1030 
1961.538500 843.819624 547 548 518 1062 1027 1029 
2038.461500 843.819624 546 547 519 1027 1033 1032 
2038.461500 888.231176 547 546 601 1060 1050 1031 
2076.923500 821.613876 519 520 546 1042 1031 1043 
1884.615500 888.231176 548 599 549 1005 1025 1046 
2153.846500 821.613876 520 521 545 1037 1042 1036 
2153.846500 777.202257 521 520 463 988 984 1035 
2192.307500 843.819624 521 544 545 1040 1035 1038 
2230.769500 821.613876 544 521 522 1041 1061 1037 
2269.230500 888.231176 604 544 543 1061 1178 1054 
2192.307500 888.231176 545 544 603 1054 1053 1037 
2230.769500 777.202257 521 462 522 983 1038 984 
2115.384500 843.819624 520 545 546 1044 1033 1035 
2076.923500 777.202257 519 464 520 988 1033 974 
2115.384500 888.231176 546 545 602 1053 1060 1042 
1923.076500 954.848543 599 600 630 1047 1051 1046 
1923.076500 910.436924 600 599 548 1034 1029 1045 
1961.538500 977.054257 600 629 630 -1 1045 1048 
2000.000000 954.848254 629 600 601 1050 1049 1047 
2038.461500 977.054257 629 601 628 1059 -1 1048 
2000.000000 910.437213 600 547 601 1032 1048 1029 
1884.615500 977.054257 599 630 631 -1 1022 1045 
2153.846500 954.848543 602 603 627 1057 1056 1053 
2153.846500 910.436924 603 602 545 1044 1040 1052 
2230.769500 910.436924 604 603 544 1040 1039 1055 
2230.769500 954.848543 603 604 626 1058 1057 1054 
2115.384500 977.054257 627 628 602 1059 1052 -1 
2192.307500 977.054257 626 627 603 1052 1055 -1 
2269.230500 977.054257 604 625 626 -1 1055 1166 
2076.923500 954.848543 602 628 601 1049 1060 1056 
2076.923500 910.436924 601 546 602 1044 1059 1032 
2269.230500 843.819624 543 544 522 1038 1150 1039 
1923.076500 821.613876 548 517 518 1063 1030 1025 
1923.076500 777.202257 517 466 518 971 1062 992 
2307.692500 643.967557 441 440 379 987 1073 1091 
1538.461500 643.967557 389 431 430 938 507 915 
2384.615500 555.144476 359 360 378 1068 1103 1067 
2384.615500 510.732924 360 359 296 854 857 1066 
2423.076500 577.350224 360 377 378 1071 1066 1069 
2461.538500 555.144476 377 360 361 1072 1070 1068 
2500.000000 577.350513 377 361 376 1081 1083 1069 
2423.076500 621.761843 378 377 442 1100 1085 1068 
2461.538500 510.732924 360 295 361 869 1069 857 
2346.153500 621.761843 378 441 379 1064 1103 1085 
2615.384500 555.144476 362 363 375 1078 1077 1075 
2615.384500 510.732924 363 362 293 865 910 1074 
2576.923500 621.761843 376 375 444 1098 1093 1077 
2576.923500 577.350224 375 376 362 1081 1074 1076 
2653.846500 577.350224 374 375 363 1074 1080 1079 
2653.846500 621.761843 375 374 445 1102 1098 1078 
2692.307500 555.144476 363 364 374 1140 1078 1141 
2538.461500 555.144476 362 376 361 1070 1082 1077 
2538.461500 510.732924 361 294 362 865 1081 869 
2500.000000 621.761554 377 376 443 1093 1100 1070 
2384.615500 688.379176 441 442 460 1088 1087 1085 
2384.615500 643.967557 442 441 378 1073 1071 1084 
2346.153500 754.996543 461 460 523 1144 1212 1087 
2346.153500 710.584924 460 461 441 1091 1084 1086 
2423.076500 710.584924 459 460 442 1084 1090 1089 
2423.076500 754.996543 460 459 524 1159 1144 1088 
2461.538500 688.379176 442 443 459 1099 1088 1100 
2307.692500 688.379176 461 440 441 1064 1087 985 
2538.461500 688.379176 443 444 458 1094 1099 1093 
2538.461500 643.967557 444 443 376 1083 1076 1092 
2576.923500 710.584924 444 457 458 1097 1092 1095 
2615.384500 688.379176 457 444 445 1098 1096 1094 
2653.846500 710.584924 456 457 445 1095 1128 1142 
2576.923500 754.996543 458 457 526 1157 1152 1094 
2615.384500 643.967557 444 375 445 1079 1095 1076 
2500.000000 710.585213 443 458 459 1101 1090 1092 
2461.538500 643.967557 442 377 443 1083 1090 1071 
2500.000000 754.996254 459 458 525 1152 1159 1099 
2692.307500 643.967557 445 374 446 1111 1128 1079 
2346.153500 577.350224 379 359 378 1066 1073 989 
2769.230500 555.144476 364 365 373 1106 1140 1105 
2769.230500 510.732924 365 364 291 891 894 1104 
2807.692500 577.350224 365 372 373 1109 1104 1107 
2846.153500 555.144476 372 365 366 1110 1108 1106 
2884.615500 577.350224 372 366 371 1118 1120 1107 
2807.692500 621.761843 373 372 447 1138 1122 1106 
2846.153500 510.732924 365 290 366 907 1107 894 
2730.769500 621.761843 373 446 374 1102 1140 1122 
3000.000000 555.144187 367 368 370 1116 1115 1113 
3000.000000 510.733213 368 367 288 901 904 1112 
2961.538500 621.761843 371 370 449 1131 1130 1115 
2961.538500 577.350224 370 371 367 1118 1112 1114 
3019.231000 566.247350 369 370 368 1112 -1 1117 
3019.231000 632.864700 370 369 450 -1 1131 1116 
2923.076500 555.144476 367 371 366 1108 1119 1115 
2923.076500 510.732924 366 289 367 901 1118 907 
2884.615500 621.761843 372 371 448 1130 1138 1108 
2769.230500 688.379176 446 447 455 1125 1124 1122 
2769.230500 643.967557 447 446 373 1111 1109 1121 
2730.769500 754.996543 456 455 528 1180 1211 1124 
2730.769500 710.584924 455 456 446 1128 1121 1123 
2807.692500 710.584924 454 455 447 1121 1127 1126 
2807.692500 754.996543 455 454 529 1185 1180 1125 
2846.153500 688.379176 447 448 454 1137 1125 1138 
2692.307500 688.379176 456 445 446 1102 1124 1096 
2923.076500 688.379176 448 449 453 1134 1137 1130 
2923.076500 643.967557 449 448 371 1120 1114 1129 
3000.000000 643.967846 450 449 370 1114 1117 1132 
3000.000000 688.378887 449 450 452 1135 1134 1131 
2961.538500 754.996543 453 452 531 1188 1194 1134 
2961.538500 710.584924 452 453 449 1129 1132 1133 
3019.231000 699.482050 451 452 450 1132 -1 1136 
3019.231000 766.099400 452 451 532 -1 1188 1135 
2884.615500 710.584924 448 453 454 1139 1127 1129 
2846.153500 643.967557 447 372 448 1120 1127 1109 
2884.615500 754.996543 454 453 530 1194 1185 1137 
2730.769500 577.350224 374 364 373 1104 1111 1080 
2692.307500 510.732924 363 292 364 891 1080 910 
2653.846500 754.996543 457 456 527 1211 1157 1096 
2384.615500 821.613876 523 524 542 1147 1146 1144 
2384.615500 777.202257 524 523 460 1086 1089 1143 
2346.153500 888.231176 543 542 605 1162 1178 1146 
2346.153500 843.819624 542 543 523 1150 1143 1145 
2423.076500 843.819624 541 542 524 1143 1149 1148 
2423.076500 888.231176 542 541 606 1168 1162 1147 
2461.538500 821.613876 524 525 541 1158 1147 1159 
2307.692500 821.613876 543 522 523 1212 1146 1061 
2538.461500 821.613876 525 526 540 1153 1158 1152 
2538.461500 777.202257 526 525 458 1101 1097 1151 
2576.923500 843.819624 526 539 540 1156 1151 1154 
2615.384500 821.613876 539 526 527 1157 1155 1153 
2653.846500 843.819624 539 527 538 1177 1176 1154 
2576.923500 888.231176 540 539 608 1169 1167 1153 
2615.384500 777.202257 526 457 527 1142 1154 1097 
2500.000000 843.819913 525 540 541 1160 1149 1151 
2461.538500 777.202257 524 459 525 1101 1149 1089 
2500.000000 888.230887 541 540 607 1167 1168 1158 
2384.615500 954.848543 605 606 624 1164 1163 1162 
2384.615500 910.436924 605 542 606 1148 1161 1145 
2346.153500 977.054257 624 625 605 1166 1161 -1 
2423.076500 977.054257 623 624 606 1161 1165 -1 
2461.538500 954.848543 606 607 623 1175 1164 1168 
2307.692500 954.848543 625 604 605 1178 1163 1058 
2538.461500 910.436924 540 608 607 1170 1160 1156 
2461.538500 910.436924 607 606 541 1148 1160 1165 
2615.384500 910.436924 539 609 608 1172 1156 1176 
2538.461500 954.848543 607 608 622 1171 1175 1167 
2576.923500 977.054257 608 621 622 -1 1170 1172 
2615.384500 954.848543 621 608 609 1169 1173 1171 
2653.846500 977.054257 620 621 609 1172 1201 -1 
2692.307500 910.436924 609 538 610 1186 1201 1176 
2500.000000 977.054546 607 622 623 -1 1165 1170 
2653.846500 888.231176 539 538 609 1174 1169 1155 
2692.307500 821.613876 527 528 538 1210 1155 1211 
2307.692500 910.436924 605 604 543 1039 1145 1166 
2769.230500 821.613876 528 529 537 1181 1210 1180 
2769.230500 777.202257 529 528 455 1123 1126 1179 
2807.692500 843.819624 529 536 537 1184 1179 1182 
2846.153500 821.613876 536 529 530 1185 1183 1181 
2884.615500 843.819624 536 530 535 1193 1195 1182 
2807.692500 888.231176 537 536 611 1209 1197 1181 
2846.153500 777.202257 529 454 530 1139 1182 1126 
2730.769500 888.231176 537 610 538 1174 1210 1197 
3000.000000 821.613587 531 532 534 1191 1190 1188 
3000.000000 777.202546 532 531 452 1133 1136 1187 
2961.538500 888.231176 535 534 613 1204 1203 1190 
2961.538500 843.819624 534 535 531 1193 1187 1189 
3019.231000 832.716750 533 534 532 1187 -1 1192 
3019.231000 899.334050 534 533 614 -1 1204 1191 
2923.076500 821.613876 531 535 530 1183 1194 1190 
2923.076500 777.202257 530 453 531 1133 1193 1139 
2884.615500 888.231176 536 535 612 1203 1209 1183 
2769.230500 954.848543 610 611 619 1199 1198 1197 
2769.230500 910.436924 611 610 537 1186 1184 1196 
2730.769500 977.054257 619 620 610 1201 1196 -1 
2807.692500 977.054257 618 619 611 1196 1200 -1 
2846.153500 954.848543 611 612 618 1208 1199 1209 
2692.307500 954.848543 620 609 610 1174 1198 1173 
2923.076500 954.848543 612 613 617 1206 1208 1203 
2923.076500 910.436924 613 612 535 1195 1189 1202 
3000.000000 910.437213 614 613 534 1189 1192 1205 
3000.000000 954.848254 613 614 616 1207 1206 1204 
2961.538500 977.054257 616 617 613 1202 1205 -1 
3019.231000 965.951400 658 616 614 1205 -1 -1 
2884.615500 977.054257 612 617 618 -1 1200 1202 
2846.153500 910.436924 611 536 612 1195 1200 1184 
2730.769500 843.819624 538 528 537 1179 1186 1177 
2692.307500 777.202257 527 456 528 1123 1177 1142 
2307.692500 777.202257 523 522 461 983 1086 1150 
2307.692500 510.732924 358 297 359 854 989 912 
1538.461500 111.028884 102 61 103 614 634 196 
