88 2 3 0 -1
88 69 0 0 224
2 69 3 0 -1
119 1 3 1 -1
119 120 0 1 5
1 120 0 1 2
120 70 0 2 7
1 70 3 2 -1
3 20 3 3 -1
3 123 0 3 4
20 123 0 3 9
3 21 1 4 -1
123 21 0 4 15
119 124 0 5 6
120 124 0 5 226
119 118 3 6 -1
124 118 0 6 44
120 125 0 7 226
70 125 0 7 8
125 71 0 8 46
70 71 3 8 -1
123 126 0 9 228
20 126 0 9 10
126 19 0 10 11
20 19 3 10 -1
126 127 0 11 263
19 127 0 11 12
127 18 0 12 13
19 18 3 12 -1
127 128 0 13 261
18 128 0 13 14
128 17 0 14 18
18 17 3 14 -1
21 129 0 15 16
123 129 0 15 228
21 22 1 16 -1
129 22 0 16 17
22 23 1 17 -1
129 23 0 17 150
128 130 0 18 259
17 130 0 18 19
130 16 0 19 20
17 16 3 19 -1
130 131 0 20 257
16 131 0 20 21
131 15 0 21 22
16 15 3 21 -1
131 132 0 22 255
15 132 0 22 23
132 14 0 23 24
15 14 3 23 -1
132 133 0 24 253
14 133 0 24 25
133 13 0 25 26
14 13 3 25 -1
133 134 0 26 251
13 134 0 26 27
134 12 0 27 28
13 12 3 27 -1
134 135 0 28 249
12 135 0 28 29
135 11 0 29 30
12 11 3 29 -1
135 136 0 30 247
11 136 0 30 31
136 10 0 31 32
11 10 3 31 -1
136 137 0 32 245
10 137 0 32 33
137 9 0 33 34
10 9 3 33 -1
137 138 0 34 243
9 138 0 34 35
138 8 0 35 36
9 8 3 35 -1
138 139 0 36 241
8 139 0 36 37
139 7 0 37 38
8 7 3 37 -1
139 140 0 38 239
7 140 0 38 39
140 6 0 39 40
7 6 3 39 -1
140 141 0 40 237
6 141 0 40 41
141 5 0 41 42
6 5 3 41 -1
141 142 0 42 235
5 142 0 42 43
142 4 0 43 48
5 4 3 43 -1
118 143 0 44 45
124 143 0 44 323
118 117 3 45 -1
143 117 0 45 51
125 144 0 46 317
71 144 0 46 47
144 72 0 47 53
71 72 3 47 -1
142 145 0 48 232
4 145 0 48 49
145 0 0 49 50
4 0 3 49 -1
145 89 0 50 65
0 89 3 50 -1
117 146 0 51 52
143 146 0 51 397
117 116 3 52 -1
146 116 0 52 59
144 147 0 53 315
72 147 0 53 54
147 73 0 54 55
72 73 3 54 -1
147 148 0 55 313
73 148 0 55 56
148 74 0 56 57
73 74 3 56 -1
148 149 0 57 311
74 149 0 57 58
149 75 0 58 61
74 75 3 58 -1
116 150 0 59 60
146 150 0 59 399
116 115 3 60 -1
150 115 0 60 63
149 151 0 61 309
75 151 0 61 62
151 76 0 62 69
75 76 3 62 -1
115 152 0 63 64
150 152 0 63 401
115 114 3 64 -1
152 114 0 64 73
145 153 0 65 231
89 153 0 65 66
153 90 0 66 67
89 90 3 66 -1
153 154 0 67 327
90 154 0 67 68
154 91 0 68 71
90 91 3 68 -1
151 155 0 69 307
76 155 0 69 70
155 77 0 70 75
76 77 3 70 -1
154 156 0 71 329
91 156 0 71 72
156 92 0 72 97
91 92 3 72 -1
114 157 0 73 74
152 157 0 73 403
114 113 3 74 -1
157 113 0 74 105
155 158 0 75 305
77 158 0 75 76
158 78 0 76 77
77 78 3 76 -1
158 159 0 77 301
78 159 0 77 78
159 79 0 78 79
78 79 3 78 -1
159 160 0 79 299
79 160 0 79 80
160 80 0 80 81
79 80 3 80 -1
160 161 0 81 297
80 161 0 81 82
161 81 0 82 83
80 81 3 82 -1
161 162 0 83 295
81 162 0 83 84
162 82 0 84 85
81 82 3 84 -1
162 163 0 85 293
82 163 0 85 86
163 83 0 86 87
82 83 3 86 -1
163 164 0 87 291
83 164 0 87 88
164 84 0 88 89
83 84 3 88 -1
164 165 0 89 289
84 165 0 89 90
165 85 0 90 91
84 85 3 90 -1
165 166 0 91 287
85 166 0 91 92
166 86 0 92 93
85 86 3 92 -1
166 167 0 93 285
86 167 0 93 94
167 87 0 94 95
86 87 3 94 -1
167 168 0 95 277
87 168 0 95 96
168 88 0 96 224
87 88 3 96 -1
156 169 0 97 331
92 169 0 97 98
169 93 0 98 99
92 93 3 98 -1
169 170 0 99 333
93 170 0 99 100
170 94 0 100 101
93 94 3 100 -1
170 171 0 101 335
94 171 0 101 102
171 95 0 102 103
94 95 3 102 -1
171 172 0 103 337
95 172 0 103 104
172 96 0 104 107
95 96 3 104 -1
113 173 0 105 106
157 173 0 105 405
113 112 3 106 -1
173 112 0 106 223
172 174 0 107 339
96 174 0 107 108
174 97 0 108 109
96 97 3 108 -1
174 175 0 109 341
97 175 0 109 110
175 98 0 110 111
97 98 3 110 -1
175 176 0 111 343
98 176 0 111 112
176 99 0 112 113
98 99 3 112 -1
176 177 0 113 345
99 177 0 113 114
177 100 0 114 115
99 100 3 114 -1
177 178 0 115 347
100 178 0 115 116
178 101 0 116 117
100 101 3 116 -1
178 179 0 117 349
101 179 0 117 118
179 102 0 118 119
101 102 3 118 -1
179 180 0 119 351
102 180 0 119 120
180 103 0 120 121
102 103 3 120 -1
180 181 0 121 353
103 181 0 121 122
181 104 0 122 123
103 104 3 122 -1
181 182 0 123 355
104 182 0 123 124
182 105 0 124 125
104 105 3 124 -1
182 183 0 125 357
105 183 0 125 126
183 106 0 126 127
105 106 3 126 -1
183 184 0 127 359
106 184 0 127 128
184 107 0 128 129
106 107 3 128 -1
184 185 0 129 361
107 185 0 129 130
185 108 0 130 131
107 108 3 130 -1
185 186 0 131 363
108 186 0 131 132
186 109 0 132 133
108 109 3 132 -1
186 187 0 133 365
109 187 0 133 134
187 110 0 134 135
109 110 3 134 -1
187 188 0 135 367
110 188 0 135 136
188 111 0 136 137
110 111 3 136 -1
188 189 0 137 369
111 189 0 137 138
189 112 0 138 223
111 112 3 138 -1
37 36 1 139 -1
37 190 0 139 140
36 190 0 139 171
37 38 1 140 -1
190 38 0 140 141
38 191 0 141 142
190 191 0 141 267
38 39 1 142 -1
191 39 0 142 143
39 192 0 143 144
191 192 0 143 269
39 40 1 144 -1
192 40 0 144 145
40 193 0 145 146
192 193 0 145 271
40 41 1 146 -1
193 41 0 146 147
41 194 0 147 148
193 194 0 147 273
41 42 1 148 -1
194 42 0 148 149
42 43 1 149 -1
194 43 0 149 227
23 195 0 150 151
129 195 0 150 265
23 24 1 151 -1
195 24 0 151 163
30 29 1 152 -1
30 196 0 152 161
29 196 0 152 153
196 28 0 153 233
29 28 1 153 -1
47 46 1 154 -1
47 197 0 154 156
46 197 0 154 155
197 45 0 155 157
46 45 1 155 -1
47 48 1 156 -1
197 48 0 156 389
197 198 0 157 390
45 198 0 157 158
198 44 0 158 159
45 44 1 158 -1
198 199 0 159 393
44 199 0 159 160
199 43 0 160 227
44 43 1 160 -1
30 200 0 161 162
196 200 0 161 275
30 31 1 162 -1
200 31 0 162 165
24 201 0 163 164
195 201 0 163 303
24 25 1 164 -1
201 25 0 164 207
31 202 0 165 166
200 202 0 165 325
31 32 1 166 -1
202 32 0 166 167
32 203 0 167 168
202 203 0 167 385
32 33 1 168 -1
203 33 0 168 169
33 204 0 169 170
203 204 0 169 387
33 34 1 170 -1
204 34 0 170 229
190 205 0 171 268
36 205 0 171 172
205 35 0 172 173
36 35 1 172 -1
205 206 0 173 407
35 206 0 173 174
206 34 0 174 230
35 34 1 174 -1
67 66 1 175 -1
67 207 0 175 176
66 207 0 175 177
67 68 1 176 -1
207 68 0 176 179
207 208 0 177 281
66 208 0 177 178
208 65 0 178 181
66 65 1 178 -1
68 209 0 179 180
207 209 0 179 279
68 69 1 180 -1
209 69 0 180 225
208 210 0 181 283
65 210 0 181 182
210 64 0 182 183
65 64 1 182 -1
210 211 0 183 321
64 211 0 183 184
211 63 0 184 185
64 63 1 184 -1
211 212 0 185 371
63 212 0 185 186
212 62 0 186 187
63 62 1 186 -1
212 213 0 187 373
62 213 0 187 188
213 61 0 188 189
62 61 1 188 -1
213 214 0 189 375
61 214 0 189 190
214 60 0 190 191
61 60 1 190 -1
214 215 0 191 377
60 215 0 191 192
215 59 0 192 193
60 59 1 192 -1
215 216 0 193 379
59 216 0 193 194
216 58 0 194 195
59 58 1 194 -1
216 217 0 195 381
58 217 0 195 196
217 57 0 196 197
58 57 1 196 -1
217 218 0 197 383
57 218 0 197 198
218 56 0 198 199
57 56 1 198 -1
218 219 0 199 411
56 219 0 199 200
219 55 0 200 201
56 55 1 200 -1
219 220 0 201 414
55 220 0 201 202
220 54 0 202 203
55 54 1 202 -1
220 221 0 203 416
54 221 0 203 204
221 53 0 204 205
54 53 1 204 -1
221 222 0 205 418
53 222 0 205 206
222 52 0 206 222
53 52 1 206 -1
25 223 0 207 208
201 223 0 207 319
25 224 0 208 209
223 224 0 208 420
25 26 1 209 -1
224 26 0 209 210
26 225 0 210 211
224 225 0 210 423
26 27 1 211 -1
225 27 0 211 212
27 226 0 212 213
225 226 0 212 425
27 28 1 213 -1
226 28 0 213 234
51 50 1 214 -1
51 227 0 214 215
50 227 0 214 217
51 228 0 215 216
227 228 0 215 396
51 52 1 216 -1
228 52 0 216 222
227 229 0 217 395
50 229 0 217 218
229 49 0 218 219
50 49 1 218 -1
229 230 0 219 409
49 230 0 219 220
230 231 0 220 427
49 231 0 220 221
231 48 0 221 391
49 48 1 221 -1
228 222 0 222 523
173 189 0 223 509
168 69 0 224 225
209 168 0 225 278
124 125 0 226 324
194 199 0 227 431
126 129 0 228 266
34 232 0 229 230
204 232 0 229 520
232 206 0 230 525
145 233 0 231 232
153 233 0 231 328
233 142 0 232 236
196 234 0 233 276
28 234 0 233 234
234 226 0 234 435
141 235 0 235 238
142 235 0 235 236
235 233 0 236 473
140 236 0 237 240
141 236 0 237 238
236 235 0 238 471
139 237 0 239 242
140 237 0 239 240
237 236 0 240 469
138 238 0 241 244
139 238 0 241 242
238 237 0 242 467
137 239 0 243 246
138 239 0 243 244
239 238 0 244 465
136 240 0 245 248
137 240 0 245 246
240 239 0 246 463
135 241 0 247 250
136 241 0 247 248
241 240 0 248 461
134 242 0 249 252
135 242 0 249 250
242 241 0 250 459
133 243 0 251 254
134 243 0 251 252
243 242 0 252 457
132 244 0 253 256
133 244 0 253 254
244 243 0 254 455
131 245 0 255 258
132 245 0 255 256
245 244 0 256 453
130 246 0 257 260
131 246 0 257 258
246 245 0 258 451
128 247 0 259 262
130 247 0 259 260
247 246 0 260 449
127 248 0 261 264
128 248 0 261 262
248 247 0 262 446
126 249 0 263 266
127 249 0 263 264
249 248 0 264 433
195 249 0 265 304
129 249 0 265 266
191 250 0 267 270
190 250 0 267 268
250 205 0 268 408
192 251 0 269 272
191 251 0 269 270
251 250 0 270 437
193 252 0 271 274
192 252 0 271 272
252 251 0 272 438
194 253 0 273 431
193 253 0 273 274
253 252 0 274 440
200 254 0 275 326
196 254 0 275 276
254 234 0 276 551
167 255 0 277 286
168 255 0 277 278
255 209 0 278 280
209 256 0 279 280
207 256 0 279 282
256 255 0 280 481
207 257 0 281 282
208 257 0 281 284
257 256 0 282 482
208 258 0 283 284
210 258 0 283 322
258 257 0 284 485
166 259 0 285 288
167 259 0 285 286
259 255 0 286 480
165 260 0 287 290
166 260 0 287 288
260 259 0 288 491
164 261 0 289 292
165 261 0 289 290
261 260 0 290 493
163 262 0 291 294
164 262 0 291 292
262 261 0 292 495
162 263 0 293 296
163 263 0 293 294
263 262 0 294 497
161 264 0 295 298
162 264 0 295 296
264 263 0 296 499
160 265 0 297 300
161 265 0 297 298
265 264 0 298 501
159 266 0 299 302
160 266 0 299 300
266 265 0 300 503
158 267 0 301 306
159 267 0 301 302
267 266 0 302 505
201 268 0 303 320
195 268 0 303 304
268 249 0 304 433
155 269 0 305 308
158 269 0 305 306
269 267 0 306 507
151 270 0 307 310
155 270 0 307 308
270 269 0 308 518
149 271 0 309 312
151 271 0 309 310
271 270 0 310 516
148 272 0 311 314
149 272 0 311 312
272 271 0 312 514
147 273 0 313 316
148 273 0 313 314
273 272 0 314 512
144 274 0 315 318
147 274 0 315 316
274 273 0 316 478
125 275 0 317 430
144 275 0 317 318
275 274 0 318 442
223 276 0 319 422
201 276 0 319 320
276 268 0 320 448
210 277 0 321 322
211 277 0 321 372
277 258 0 322 531
143 122 0 323 398
124 122 0 323 324
122 125 0 324 430
202 278 0 325 386
200 278 0 325 326
278 254 0 326 553
153 280 0 327 328
154 280 0 327 330
280 233 0 328 475
154 281 0 329 330
156 281 0 329 332
281 280 0 330 559
156 282 0 331 332
169 282 0 331 334
282 281 0 332 562
169 283 0 333 334
170 283 0 333 336
283 282 0 334 564
170 284 0 335 336
171 284 0 335 338
284 283 0 336 566
171 285 0 337 338
172 285 0 337 340
285 284 0 338 568
172 286 0 339 340
174 286 0 339 342
286 285 0 340 570
174 287 0 341 342
175 287 0 341 344
287 286 0 342 572
175 288 0 343 344
176 288 0 343 346
288 287 0 344 574
176 289 0 345 346
177 289 0 345 348
289 288 0 346 576
177 290 0 347 348
178 290 0 347 350
290 289 0 348 578
178 291 0 349 350
179 291 0 349 352
291 290 0 350 580
179 292 0 351 352
180 292 0 351 354
292 291 0 352 582
180 293 0 353 354
181 293 0 353 356
293 292 0 354 584
181 294 0 355 356
182 294 0 355 358
294 293 0 356 586
182 295 0 357 358
183 295 0 357 360
295 294 0 358 588
183 296 0 359 360
184 296 0 359 362
296 295 0 360 590
184 297 0 361 362
185 297 0 361 364
297 296 0 362 592
185 298 0 363 364
186 298 0 363 366
298 297 0 364 594
186 299 0 365 366
187 299 0 365 368
299 298 0 366 596
187 300 0 367 368
188 300 0 367 370
300 299 0 368 598
188 301 0 369 370
189 301 0 369 511
301 300 0 370 600
211 302 0 371 372
212 302 0 371 374
302 277 0 372 535
212 303 0 373 374
213 303 0 373 376
303 302 0 374 537
213 304 0 375 376
214 304 0 375 378
304 303 0 376 539
214 305 0 377 378
215 305 0 377 380
305 304 0 378 541
215 306 0 379 380
216 306 0 379 382
306 305 0 380 543
216 307 0 381 382
217 307 0 381 384
307 306 0 382 545
217 308 0 383 384
218 308 0 383 413
308 307 0 384 547
203 309 0 385 388
202 309 0 385 386
309 278 0 386 555
204 310 0 387 521
203 310 0 387 388
310 309 0 388 557
48 311 0 389 392
197 311 0 389 390
311 198 0 390 394
231 312 0 391 429
48 312 0 391 392
312 311 0 392 487
198 313 0 393 394
199 313 0 393 432
313 311 0 394 488
227 314 0 395 396
229 314 0 395 410
314 228 0 396 522
146 315 0 397 400
143 315 0 397 398
315 122 0 398 434
150 316 0 399 402
146 316 0 399 400
316 315 0 400 476
152 317 0 401 404
150 317 0 401 402
317 316 0 402 527
157 318 0 403 406
152 318 0 403 404
318 317 0 404 529
173 319 0 405 510
157 319 0 405 406
319 318 0 406 533
205 320 0 407 408
206 320 0 407 526
320 250 0 408 436
229 321 0 409 410
230 321 0 409 444
321 314 0 410 602
218 322 0 411 412
219 322 0 411 415
218 323 0 412 413
322 323 0 412 610
323 308 0 413 549
219 324 0 414 415
220 324 0 414 417
324 322 0 415 612
220 325 0 416 417
221 325 0 416 419
325 324 0 417 613
221 326 0 418 419
222 326 0 418 524
326 325 0 419 615
224 327 0 420 424
223 327 0 420 421
327 328 0 421 607
223 328 0 421 422
328 276 0 422 483
225 329 0 423 426
224 329 0 423 424
329 327 0 424 605
226 330 0 425 435
225 330 0 425 426
330 329 0 426 608
230 331 0 427 445
231 331 0 427 428
331 332 0 428 617
231 332 0 428 429
332 312 0 429 489
122 275 0 430 434
253 199 0 431 432
313 253 0 432 623
268 248 0 433 447
315 275 0 434 443
330 234 0 435 552
250 333 0 436 437
320 333 0 436 643
333 251 0 437 439
252 334 0 438 441
251 334 0 438 439
334 333 0 439 641
253 335 0 440 623
252 335 0 440 441
335 334 0 441 639
275 336 0 442 443
274 336 0 442 479
336 315 0 443 477
321 337 0 444 705
230 337 0 444 445
337 331 0 445 619
248 338 0 446 447
247 338 0 446 450
338 268 0 447 448
276 338 0 448 484
247 339 0 449 450
246 339 0 449 452
339 338 0 450 622
246 340 0 451 452
245 340 0 451 454
340 339 0 452 648
245 341 0 453 454
244 341 0 453 456
341 340 0 454 650
244 342 0 455 456
243 342 0 455 458
342 341 0 456 652
243 343 0 457 458
242 343 0 457 460
343 342 0 458 654
242 344 0 459 460
241 344 0 459 462
344 343 0 460 656
241 345 0 461 462
240 345 0 461 464
345 344 0 462 658
240 346 0 463 464
239 346 0 463 466
346 345 0 464 660
239 347 0 465 466
238 347 0 465 468
347 346 0 466 662
238 348 0 467 468
237 348 0 467 470
348 347 0 468 664
237 349 0 469 470
236 349 0 469 472
349 348 0 470 666
236 350 0 471 472
235 350 0 471 474
350 349 0 472 668
235 279 0 473 474
233 279 0 473 475
279 350 0 474 620
280 279 0 475 561
316 351 0 476 528
315 351 0 476 477
351 336 0 477 632
274 353 0 478 479
273 353 0 478 513
353 336 0 479 633
259 354 0 480 492
255 354 0 480 481
354 256 0 481 482
257 354 0 482 486
328 355 0 483 629
276 355 0 483 484
355 338 0 484 622
257 356 0 485 486
258 356 0 485 532
356 354 0 486 621
312 357 0 487 490
311 357 0 487 488
357 313 0 488 625
332 358 0 489 700
312 358 0 489 490
358 357 0 490 627
260 359 0 491 494
259 359 0 491 492
359 354 0 492 621
261 360 0 493 496
260 360 0 493 494
360 359 0 494 676
262 361 0 495 498
261 361 0 495 496
361 360 0 496 679
263 362 0 497 500
262 362 0 497 498
362 361 0 498 681
264 363 0 499 502
263 363 0 499 500
363 362 0 500 683
265 364 0 501 504
264 364 0 501 502
364 363 0 502 685
266 365 0 503 506
265 365 0 503 504
365 364 0 504 687
267 366 0 505 508
266 366 0 505 506
366 365 0 506 689
269 367 0 507 624
267 367 0 507 508
367 366 0 508 691
189 368 0 509 511
173 368 0 509 510
368 319 0 510 647
301 368 0 511 693
273 369 0 512 513
272 369 0 512 515
369 353 0 513 635
272 370 0 514 515
271 370 0 514 517
370 369 0 515 637
271 371 0 516 517
270 371 0 516 519
371 370 0 517 696
270 372 0 518 519
269 372 0 518 624
372 371 0 519 698
232 373 0 520 672
204 373 0 520 521
373 310 0 521 726
228 374 0 522 523
314 374 0 522 604
374 222 0 523 524
326 374 0 524 669
206 375 0 525 526
232 375 0 525 673
375 320 0 526 644
317 376 0 527 530
316 376 0 527 528
376 351 0 528 634
318 377 0 529 534
317 377 0 529 530
377 376 0 530 721
258 378 0 531 532
277 378 0 531 536
378 356 0 532 678
319 379 0 533 646
318 379 0 533 534
379 377 0 534 723
277 380 0 535 536
302 380 0 535 538
380 378 0 536 702
302 381 0 537 538
303 381 0 537 540
381 380 0 538 707
303 382 0 539 540
304 382 0 539 542
382 381 0 540 709
304 383 0 541 542
305 383 0 541 544
383 382 0 542 711
305 384 0 543 544
306 384 0 543 546
384 383 0 544 713
306 385 0 545 546
307 385 0 545 548
385 384 0 546 715
307 386 0 547 548
308 386 0 547 550
386 385 0 548 717
308 387 0 549 550
323 387 0 549 630
387 386 0 550 719
254 388 0 551 554
234 388 0 551 552
388 330 0 552 674
278 389 0 553 556
254 389 0 553 554
389 388 0 554 727
309 390 0 555 558
278 390 0 555 556
390 389 0 556 730
310 391 0 557 725
309 391 0 557 558
391 390 0 558 732
280 392 0 559 560
281 392 0 559 563
280 393 0 560 561
392 393 0 560 743
393 279 0 561 620
281 394 0 562 563
282 394 0 562 565
394 392 0 563 741
282 395 0 564 565
283 395 0 564 567
395 394 0 565 744
283 396 0 566 567
284 396 0 566 569
396 395 0 567 746
284 397 0 568 569
285 397 0 568 571
397 396 0 569 748
285 398 0 570 571
286 398 0 570 573
398 397 0 571 750
286 399 0 572 573
287 399 0 572 575
399 398 0 573 752
287 400 0 574 575
288 400 0 574 577
400 399 0 575 754
288 401 0 576 577
289 401 0 576 579
401 400 0 577 756
289 402 0 578 579
290 402 0 578 581
402 401 0 579 758
290 403 0 580 581
291 403 0 580 583
403 402 0 581 760
291 404 0 582 583
292 404 0 582 585
404 403 0 583 762
292 405 0 584 585
293 405 0 584 587
405 404 0 585 764
293 406 0 586 587
294 406 0 586 589
406 405 0 587 766
294 407 0 588 589
295 407 0 588 591
407 406 0 589 768
295 408 0 590 591
296 408 0 590 593
408 407 0 591 770
296 409 0 592 593
297 409 0 592 595
409 408 0 593 772
297 410 0 594 595
298 410 0 594 597
410 409 0 595 774
298 411 0 596 597
299 411 0 596 599
411 410 0 597 776
299 412 0 598 599
300 412 0 598 601
412 411 0 599 778
300 413 0 600 601
301 413 0 600 695
413 412 0 601 780
314 414 0 602 603
321 414 0 602 704
314 415 0 603 604
414 415 0 603 785
415 374 0 604 670
329 416 0 605 609
327 416 0 605 606
416 417 0 606 782
327 417 0 606 607
417 328 0 607 628
330 418 0 608 675
329 418 0 608 609
418 416 0 609 784
323 419 0 610 631
322 419 0 610 611
419 420 0 611 734
322 420 0 611 612
420 324 0 612 614
324 421 0 613 614
325 421 0 613 616
421 420 0 614 737
325 422 0 615 616
326 422 0 615 671
422 421 0 616 739
331 423 0 617 618
332 423 0 617 701
331 424 0 618 619
423 424 0 618 788
424 337 0 619 706
393 350 0 620 792
356 359 0 621 677
355 339 0 622 649
313 335 0 623 626
367 372 0 624 797
357 425 0 625 627
313 425 0 625 626
425 335 0 626 640
358 425 0 627 810
417 426 0 628 813
328 426 0 628 629
426 355 0 629 649
387 427 0 630 803
323 427 0 630 631
427 419 0 631 736
351 428 0 632 634
336 428 0 632 633
428 353 0 633 636
376 428 0 634 722
353 429 0 635 636
369 429 0 635 638
429 428 0 636 794
369 430 0 637 638
370 430 0 637 697
430 429 0 638 796
335 431 0 639 640
334 431 0 639 642
431 425 0 640 809
334 432 0 641 642
333 432 0 641 643
432 431 0 642 848
320 432 0 643 645
320 433 0 644 645
375 433 0 644 800
433 432 0 645 850
319 434 0 646 647
379 434 0 646 862
434 368 0 647 694
339 426 0 648 649
340 426 0 648 651
340 435 0 650 651
341 435 0 650 653
435 426 0 651 814
341 436 0 652 653
342 436 0 652 655
436 435 0 653 815
342 437 0 654 655
343 437 0 654 657
437 436 0 655 817
343 438 0 656 657
344 438 0 656 659
438 437 0 657 819
344 439 0 658 659
345 439 0 658 661
439 438 0 659 821
345 440 0 660 661
346 440 0 660 663
440 439 0 661 823
346 441 0 662 663
347 441 0 662 665
441 440 0 663 825
347 442 0 664 665
348 442 0 664 667
442 441 0 665 827
348 443 0 666 667
349 443 0 666 668
443 442 0 667 829
350 443 0 668 793
326 444 0 669 671
374 444 0 669 670
444 415 0 670 835
422 444 0 671 853
232 445 0 672 673
373 445 0 672 852
445 375 0 673 801
388 446 0 674 729
330 446 0 674 675
446 418 0 675 806
360 447 0 676 680
359 447 0 676 677
447 356 0 677 678
378 447 0 678 703
361 448 0 679 682
360 448 0 679 680
448 447 0 680 791
362 449 0 681 684
361 449 0 681 682
449 448 0 682 831
363 450 0 683 686
362 450 0 683 684
450 449 0 684 836
364 451 0 685 688
363 451 0 685 686
451 450 0 686 838
365 452 0 687 690
364 452 0 687 688
452 451 0 688 840
366 453 0 689 692
365 453 0 689 690
453 452 0 690 842
367 454 0 691 799
366 454 0 691 692
454 453 0 692 844
301 455 0 693 695
368 455 0 693 694
455 434 0 694 860
413 455 0 695 856
370 456 0 696 697
371 456 0 696 699
456 430 0 697 869
371 457 0 698 699
372 457 0 698 798
457 456 0 699 871
332 458 0 700 701
358 458 0 700 811
458 423 0 701 790
378 459 0 702 703
380 459 0 702 708
459 447 0 703 791
414 460 0 704 787
321 460 0 704 705
460 337 0 705 706
424 460 0 706 866
380 461 0 707 708
381 461 0 707 710
461 459 0 708 833
381 462 0 709 710
382 462 0 709 712
462 461 0 710 873
382 463 0 711 712
383 463 0 711 714
463 462 0 712 876
383 464 0 713 714
384 464 0 713 716
464 463 0 714 878
384 465 0 715 716
385 465 0 715 718
465 464 0 716 880
385 466 0 717 718
386 466 0 717 720
466 465 0 718 882
386 467 0 719 720
387 467 0 719 802
467 466 0 720 884
377 468 0 721 724
376 468 0 721 722
468 428 0 722 795
379 469 0 723 864
377 469 0 723 724
469 468 0 724 858
310 470 0 725 726
391 470 0 725 928
470 373 0 726 851
389 471 0 727 731
388 471 0 727 728
471 472 0 728 937
388 472 0 728 729
472 446 0 729 808
390 473 0 730 733
389 473 0 730 731
473 471 0 731 935
391 474 0 732 926
390 474 0 732 733
474 473 0 733 938
419 475 0 734 735
420 475 0 734 738
419 476 0 735 736
475 476 0 735 942
476 427 0 736 804
420 477 0 737 738
421 477 0 737 740
477 475 0 738 940
421 478 0 739 740
422 478 0 739 855
478 477 0 740 943
392 479 0 741 742
394 479 0 741 745
392 480 0 742 743
479 480 0 742 886
480 393 0 743 792
394 481 0 744 745
395 481 0 744 747
481 479 0 745 888
395 482 0 746 747
396 482 0 746 749
482 481 0 747 890
396 483 0 748 749
397 483 0 748 751
483 482 0 749 892
397 484 0 750 751
398 484 0 750 753
484 483 0 751 894
398 485 0 752 753
399 485 0 752 755
485 484 0 753 896
399 486 0 754 755
400 486 0 754 757
486 485 0 755 898
400 487 0 756 757
401 487 0 756 759
487 486 0 757 900
401 488 0 758 759
402 488 0 758 761
488 487 0 759 902
402 489 0 760 761
403 489 0 760 763
489 488 0 761 904
403 490 0 762 763
404 490 0 762 765
490 489 0 763 906
404 491 0 764 765
405 491 0 764 767
491 490 0 765 908
405 492 0 766 767
406 492 0 766 769
492 491 0 767 910
406 493 0 768 769
407 493 0 768 771
493 492 0 769 912
407 494 0 770 771
408 494 0 770 773
494 493 0 771 914
408 495 0 772 773
409 495 0 772 775
495 494 0 773 916
409 496 0 774 775
410 496 0 774 777
496 495 0 775 918
410 497 0 776 777
411 497 0 776 779
497 496 0 777 920
411 498 0 778 779
412 498 0 778 781
498 497 0 779 922
412 499 0 780 781
413 499 0 780 857
499 498 0 781 924
416 500 0 782 783
417 500 0 782 812
416 501 0 783 784
500 501 0 783 932
501 418 0 784 807
415 502 0 785 834
414 502 0 785 786
502 503 0 786 945
414 503 0 786 787
503 460 0 787 865
424 504 0 788 867
423 504 0 788 789
504 505 0 789 929
423 505 0 789 790
505 458 0 790 846
448 459 0 791 832
350 480 0 792 793
443 480 0 793 887
428 506 0 794 795
429 506 0 794 796
506 468 0 795 859
430 506 0 796 870
372 121 0 797 798
367 121 0 797 799
121 457 0 798 1037
454 121 0 799 1036
433 507 0 800 950
375 507 0 800 801
507 445 0 801 959
467 509 0 802 951
387 509 0 802 803
509 427 0 803 805
427 510 0 804 805
476 510 0 804 952
510 509 0 805 1066
446 511 0 806 808
418 511 0 806 807
511 501 0 807 976
472 511 0 808 957
425 512 0 809 810
431 512 0 809 849
512 358 0 810 811
458 512 0 811 847
500 513 0 812 934
417 513 0 812 813
513 426 0 813 814
435 513 0 814 816
435 514 0 815 816
436 514 0 815 818
514 513 0 816 948
436 515 0 817 818
437 515 0 817 820
515 514 0 818 962
437 516 0 819 820
438 516 0 819 822
516 515 0 820 989
438 517 0 821 822
439 517 0 821 824
517 516 0 822 991
439 518 0 823 824
440 518 0 823 826
518 517 0 824 993
440 519 0 825 826
441 519 0 825 828
519 518 0 826 995
441 520 0 827 828
442 520 0 827 830
520 519 0 828 997
442 521 0 829 830
443 521 0 829 887
521 520 0 830 999
449 522 0 831 837
448 522 0 831 832
522 459 0 832 833
461 522 0 833 875
415 523 0 834 835
502 523 0 834 947
523 444 0 835 854
450 524 0 836 839
449 524 0 836 837
524 522 0 837 949
451 525 0 838 841
450 525 0 838 839
525 524 0 839 965
452 526 0 840 843
451 526 0 840 841
526 525 0 841 974
453 527 0 842 845
452 527 0 842 843
527 526 0 843 978
454 528 0 844 1035
453 528 0 844 845
528 527 0 845 982
505 529 0 846 1043
458 529 0 846 847
529 512 0 847 953
431 530 0 848 849
432 530 0 848 850
530 512 0 849 953
433 530 0 850 950
373 531 0 851 852
470 531 0 851 1014
531 445 0 852 958
422 532 0 853 855
444 532 0 853 854
532 523 0 854 960
478 532 0 855 986
413 533 0 856 857
455 533 0 856 861
533 499 0 857 1013
469 534 0 858 1034
468 534 0 858 859
534 506 0 859 954
455 535 0 860 861
434 535 0 860 863
535 533 0 861 1020
434 536 0 862 863
379 536 0 862 864
536 535 0 863 1030
469 536 0 864 1032
503 537 0 865 1025
460 537 0 865 866
537 424 0 866 868
424 538 0 867 868
504 538 0 867 931
538 537 0 868 1026
430 539 0 869 870
456 539 0 869 872
539 506 0 870 955
456 540 0 871 872
457 540 0 871 1038
540 539 0 872 1022
461 541 0 873 874
462 541 0 873 877
461 542 0 874 875
541 542 0 874 967
542 522 0 875 949
462 543 0 876 877
463 543 0 876 879
543 541 0 877 968
463 544 0 878 879
464 544 0 878 881
544 543 0 879 970
464 545 0 880 881
465 545 0 880 883
545 544 0 881 972
465 546 0 882 883
466 546 0 882 885
546 545 0 883 980
466 547 0 884 885
467 547 0 884 951
547 546 0 885 984
480 521 0 886 887
479 521 0 886 889
479 548 0 888 889
481 548 0 888 891
548 521 0 889 1000
481 549 0 890 891
482 549 0 890 893
549 548 0 891 1002
482 550 0 892 893
483 550 0 892 895
550 549 0 893 1004
483 551 0 894 895
484 551 0 894 897
551 550 0 895 1006
484 552 0 896 897
485 552 0 896 899
552 551 0 897 1008
485 553 0 898 899
486 553 0 898 901
553 552 0 899 1010
486 554 0 900 901
487 554 0 900 903
554 553 0 901 1016
487 555 0 902 903
488 555 0 902 905
555 554 0 903 1018
488 556 0 904 905
489 556 0 904 907
556 555 0 905 1044
489 557 0 906 907
490 557 0 906 909
557 556 0 907 1046
490 558 0 908 909
491 558 0 908 911
558 557 0 909 1048
491 559 0 910 911
492 559 0 910 913
559 558 0 911 1050
492 560 0 912 913
493 560 0 912 915
560 559 0 913 1052
493 561 0 914 915
494 561 0 914 917
561 560 0 915 1054
494 562 0 916 917
495 562 0 916 919
562 561 0 917 1056
495 563 0 918 919
496 563 0 918 921
563 562 0 919 1058
496 564 0 920 921
497 564 0 920 923
564 563 0 921 1060
497 565 0 922 923
498 565 0 922 925
565 564 0 923 1062
498 566 0 924 925
499 566 0 924 1012
566 565 0 925 1064
391 567 0 926 927
474 567 0 926 1041
391 568 0 927 928
567 568 0 927 1068
568 470 0 928 1015
504 569 0 929 930
505 569 0 929 1042
504 570 0 930 931
569 570 0 930 1074
570 538 0 931 1028
501 571 0 932 977
500 571 0 932 933
571 572 0 933 964
500 572 0 933 934
572 513 0 934 948
473 573 0 935 939
471 573 0 935 936
573 574 0 936 1071
471 574 0 936 937
574 472 0 937 956
474 575 0 938 1040
473 575 0 938 939
575 573 0 939 1073
475 576 0 940 941
477 576 0 940 944
475 577 0 941 942
576 577 0 941 1077
577 476 0 942 952
477 578 0 943 944
478 578 0 943 988
578 576 0 944 1079
502 579 0 945 946
503 579 0 945 1024
502 580 0 946 947
579 580 0 946 1080
580 523 0 947 961
572 514 0 948 963
524 542 0 949 966
530 507 0 950 1087
547 509 0 951 1067
577 510 0 952 1192
530 529 0 953 1088
534 581 0 954 1104
506 581 0 954 955
581 539 0 955 1023
574 582 0 956 1126
472 582 0 956 957
582 511 0 957 1083
445 583 0 958 959
531 583 0 958 1094
583 507 0 959 1089
532 584 0 960 987
523 584 0 960 961
584 580 0 961 1128
514 508 0 962 963
515 508 0 962 990
508 572 0 963 964
571 508 0 964 1117
525 585 0 965 975
524 585 0 965 966
585 542 0 966 967
541 585 0 967 969
541 587 0 968 969
543 587 0 968 971
587 585 0 969 1084
543 588 0 970 971
544 588 0 970 973
588 587 0 971 1109
544 589 0 972 973
545 589 0 972 981
589 588 0 973 1112
526 590 0 974 979
525 590 0 974 975
590 585 0 975 1084
511 591 0 976 1083
501 591 0 976 977
591 571 0 977 1116
527 592 0 978 983
526 592 0 978 979
592 590 0 979 1111
545 593 0 980 981
546 593 0 980 985
593 589 0 981 1129
528 594 0 982 1134
527 594 0 982 983
594 592 0 983 1119
546 595 0 984 985
547 595 0 984 1086
595 593 0 985 1131
478 596 0 986 988
532 596 0 986 987
596 584 0 987 1107
578 596 0 988 1102
515 597 0 989 990
516 597 0 989 992
597 508 0 990 1118
516 598 0 991 992
517 598 0 991 994
598 597 0 992 1169
517 599 0 993 994
518 599 0 993 996
599 598 0 994 1167
518 600 0 995 996
519 600 0 995 998
600 599 0 996 1151
519 601 0 997 998
520 601 0 997 999
601 600 0 998 1148
521 601 0 999 1001
521 602 0 1000 1001
548 602 0 1000 1003
602 601 0 1001 1146
548 603 0 1002 1003
549 603 0 1002 1005
603 602 0 1003 1147
549 604 0 1004 1005
550 604 0 1004 1007
604 603 0 1005 1149
550 605 0 1006 1007
551 605 0 1006 1009
605 604 0 1007 1153
551 606 0 1008 1009
552 606 0 1008 1011
606 605 0 1009 1155
552 607 0 1010 1011
553 607 0 1010 1017
607 606 0 1011 1157
566 608 0 1012 1136
499 608 0 1012 1013
608 533 0 1013 1021
531 609 0 1014 1093
470 609 0 1014 1015
609 568 0 1015 1096
553 610 0 1016 1017
554 610 0 1016 1019
610 607 0 1017 1159
554 611 0 1018 1019
555 611 0 1018 1045
611 610 0 1019 1161
533 612 0 1020 1021
535 612 0 1020 1031
612 608 0 1021 1138
539 613 0 1022 1023
540 613 0 1022 1091
613 581 0 1023 1105
579 614 0 1024 1082
503 614 0 1024 1025
614 537 0 1025 1027
537 615 0 1026 1027
538 615 0 1026 1029
615 614 0 1027 1122
538 616 0 1028 1029
570 616 0 1028 1100
616 615 0 1029 1123
535 617 0 1030 1031
536 617 0 1030 1033
617 612 0 1031 1142
536 618 0 1032 1033
469 618 0 1032 1034
618 617 0 1033 1144
534 618 0 1034 1103
454 619 0 1035 1036
528 619 0 1035 1133
619 121 0 1036 1037
457 619 0 1037 1039
540 620 0 1038 1092
457 620 0 1038 1039
620 619 0 1039 1135
474 621 0 1040 1041
575 621 0 1040 1097
621 567 0 1041 1070
569 622 0 1042 1076
505 622 0 1042 1043
622 529 0 1043 1090
555 623 0 1044 1045
556 623 0 1044 1047
623 611 0 1045 1163
556 624 0 1046 1047
557 624 0 1046 1049
624 623 0 1047 1165
557 625 0 1048 1049
558 625 0 1048 1051
625 624 0 1049 1171
558 626 0 1050 1051
559 626 0 1050 1053
626 625 0 1051 1173
559 627 0 1052 1053
560 627 0 1052 1055
627 626 0 1053 1175
560 628 0 1054 1055
561 628 0 1054 1057
628 627 0 1055 1177
561 629 0 1056 1057
562 629 0 1056 1059
629 628 0 1057 1179
562 630 0 1058 1059
563 630 0 1058 1061
630 629 0 1059 1181
563 631 0 1060 1061
564 631 0 1060 1063
631 630 0 1061 1183
564 632 0 1062 1063
565 632 0 1062 1065
632 631 0 1063 1185
565 633 0 1064 1065
566 633 0 1064 1137
633 632 0 1065 1187
509 634 0 1066 1067
510 634 0 1066 1195
634 547 0 1067 1085
568 635 0 1068 1095
567 635 0 1068 1069
635 636 0 1069 1189
567 636 0 1069 1070
636 621 0 1070 1114
573 637 0 1071 1072
574 637 0 1071 1125
573 638 0 1072 1073
637 638 0 1072 1203
638 575 0 1073 1098
570 639 0 1074 1099
569 639 0 1074 1075
639 640 0 1075 1200
569 640 0 1075 1076
640 622 0 1076 1140
577 641 0 1077 1194
576 641 0 1077 1078
641 642 0 1078 1197
576 642 0 1078 1079
642 578 0 1079 1101
580 643 0 1080 1127
579 643 0 1080 1081
643 644 0 1081 1206
579 644 0 1081 1082
644 614 0 1082 1121
582 591 0 1083 1268
590 587 0 1084 1110
547 645 0 1085 1086
634 645 0 1085 1240
645 595 0 1086 1225
530 646 0 1087 1088
507 646 0 1087 1089
646 529 0 1088 1090
583 646 0 1089 1210
622 646 0 1090 1141
613 647 0 1091 1222
540 647 0 1091 1092
647 620 0 1092 1224
531 648 0 1093 1094
609 648 0 1093 1217
648 583 0 1094 1211
568 649 0 1095 1096
635 649 0 1095 1191
649 609 0 1096 1218
621 650 0 1097 1115
575 650 0 1097 1098
650 638 0 1098 1263
570 651 0 1099 1100
639 651 0 1099 1202
651 616 0 1100 1228
642 652 0 1101 1251
578 652 0 1101 1102
652 596 0 1102 1108
618 653 0 1103 1213
534 653 0 1103 1104
653 581 0 1104 1106
581 654 0 1105 1106
613 654 0 1105 1221
654 653 0 1106 1215
596 655 0 1107 1108
584 655 0 1107 1209
655 652 0 1108 1233
587 656 0 1109 1110
588 656 0 1109 1113
656 590 0 1110 1111
592 656 0 1111 1120
588 657 0 1112 1113
589 657 0 1112 1130
657 656 0 1113 1212
636 658 0 1114 1247
621 658 0 1114 1115
658 650 0 1115 1265
591 659 0 1116 1269
571 659 0 1116 1117
659 508 0 1117 1118
597 659 0 1118 1214
594 660 0 1119 1246
592 660 0 1119 1120
660 656 0 1120 1212
644 661 0 1121 1290
614 661 0 1121 1122
661 615 0 1122 1124
615 662 0 1123 1124
616 662 0 1123 1227
662 661 0 1124 1292
637 663 0 1125 1205
574 663 0 1125 1126
663 582 0 1126 1267
580 664 0 1127 1128
643 664 0 1127 1208
664 584 0 1128 1209
589 665 0 1129 1130
593 665 0 1129 1132
665 657 0 1130 1272
593 666 0 1131 1132
595 666 0 1131 1226
666 665 0 1132 1274
619 667 0 1133 1135
528 667 0 1133 1134
667 594 0 1134 1245
620 667 0 1135 1223
566 668 0 1136 1137
608 668 0 1136 1139
668 633 0 1137 1253
608 669 0 1138 1139
612 669 0 1138 1143
669 668 0 1139 1255
640 586 0 1140 1236
622 586 0 1140 1141
586 646 0 1141 1210
612 670 0 1142 1143
617 670 0 1142 1145
670 669 0 1143 1261
617 672 0 1144 1145
618 672 0 1144 1213
672 670 0 1145 1243
601 673 0 1146 1148
602 673 0 1146 1147
673 603 0 1147 1150
600 673 0 1148 1152
603 674 0 1149 1150
604 674 0 1149 1154
674 673 0 1150 1235
599 675 0 1151 1168
600 675 0 1151 1152
675 673 0 1152 1234
604 676 0 1153 1154
605 676 0 1153 1156
676 674 0 1154 1241
605 677 0 1155 1156
606 677 0 1155 1158
677 676 0 1156 1249
606 678 0 1157 1158
607 678 0 1157 1160
678 677 0 1158 1276
607 679 0 1159 1160
610 679 0 1159 1162
679 678 0 1160 1278
610 680 0 1161 1162
611 680 0 1161 1164
680 679 0 1162 1280
611 681 0 1163 1164
623 681 0 1163 1166
681 680 0 1164 1282
623 682 0 1165 1166
624 682 0 1165 1172
682 681 0 1166 1284
598 683 0 1167 1170
599 683 0 1167 1168
683 675 0 1168 1257
597 684 0 1169 1214
598 684 0 1169 1170
684 683 0 1170 1259
624 685 0 1171 1172
625 685 0 1171 1174
685 682 0 1172 1286
625 686 0 1173 1174
626 686 0 1173 1176
686 685 0 1174 1288
626 687 0 1175 1176
627 687 0 1175 1178
687 686 0 1176 1294
627 688 0 1177 1178
628 688 0 1177 1180
688 687 0 1178 1296
628 689 0 1179 1180
629 689 0 1179 1182
689 688 0 1180 1298
629 690 0 1181 1182
630 690 0 1181 1184
690 689 0 1182 1300
630 691 0 1183 1184
631 691 0 1183 1186
691 690 0 1184 1302
631 692 0 1185 1186
632 692 0 1185 1188
692 691 0 1186 1304
632 693 0 1187 1188
633 693 0 1187 1254
693 692 0 1188 1306
635 694 0 1189 1190
636 694 0 1189 1248
635 695 0 1190 1191
694 695 0 1190 1317
695 649 0 1191 1219
510 696 0 1192 1196
577 696 0 1192 1193
696 697 0 1193 1309
577 697 0 1193 1194
697 641 0 1194 1199
634 698 0 1195 1239
510 698 0 1195 1196
698 696 0 1196 1308
641 699 0 1197 1198
642 699 0 1197 1252
641 700 0 1198 1199
699 700 0 1198 1314
700 697 0 1199 1310
639 701 0 1200 1201
640 701 0 1200 1237
639 702 0 1201 1202
701 702 0 1201 1312
702 651 0 1202 1229
638 703 0 1203 1264
637 703 0 1203 1204
703 704 0 1204 1320
637 704 0 1204 1205
704 663 0 1205 1270
643 705 0 1206 1207
644 705 0 1206 1291
643 706 0 1207 1208
705 706 0 1207 1323
706 664 0 1208 1231
655 664 0 1209 1232
583 586 0 1210 1211
648 586 0 1211 1236
657 660 0 1212 1273
672 653 0 1213 1216
684 659 0 1214 1331
653 707 0 1215 1216
654 707 0 1215 1335
707 672 0 1216 1244
648 708 0 1217 1238
609 708 0 1217 1218
708 649 0 1218 1220
649 709 0 1219 1220
695 709 0 1219 1344
709 708 0 1220 1313
654 710 0 1221 1335
613 710 0 1221 1222
710 647 0 1222 1337
620 711 0 1223 1224
667 711 0 1223 1327
711 647 0 1224 1336
595 712 0 1225 1226
645 712 0 1225 1329
712 666 0 1226 1341
662 713 0 1227 1353
616 713 0 1227 1228
713 651 0 1228 1230
651 714 0 1229 1230
702 714 0 1229 1346
714 713 0 1230 1355
664 715 0 1231 1232
706 715 0 1231 1373
715 655 0 1232 1233
652 715 0 1233 1330
675 716 0 1234 1258
673 716 0 1234 1235
716 674 0 1235 1242
640 648 0 1236 1238
701 708 0 1237 1313
640 708 0 1237 1238
634 717 0 1239 1240
698 717 0 1239 1366
717 645 0 1240 1329
674 718 0 1241 1242
676 718 0 1241 1250
718 716 0 1242 1348
670 719 0 1243 1328
672 719 0 1243 1244
719 707 0 1244 1382
667 720 0 1245 1327
594 720 0 1245 1246
720 660 0 1246 1326
636 721 0 1247 1248
658 721 0 1247 1339
721 694 0 1248 1319
676 722 0 1249 1250
677 722 0 1249 1277
722 718 0 1250 1349
642 723 0 1251 1252
652 723 0 1251 1330
723 699 0 1252 1316
633 724 0 1253 1254
668 724 0 1253 1256
724 693 0 1254 1377
668 725 0 1255 1256
669 725 0 1255 1262
725 724 0 1256 1378
683 726 0 1257 1260
675 726 0 1257 1258
726 716 0 1258 1347
684 727 0 1259 1333
683 727 0 1259 1260
727 726 0 1260 1363
669 728 0 1261 1262
670 728 0 1261 1328
728 725 0 1262 1380
650 729 0 1263 1266
638 729 0 1263 1264
729 703 0 1264 1322
658 730 0 1265 1338
650 730 0 1265 1266
730 729 0 1266 1352
663 731 0 1267 1271
582 731 0 1267 1268
731 591 0 1268 1269
659 731 0 1269 1332
704 732 0 1270 1371
663 732 0 1270 1271
732 731 0 1271 1334
657 733 0 1272 1273
665 733 0 1272 1275
733 660 0 1273 1326
665 734 0 1274 1275
666 734 0 1274 1342
734 733 0 1275 1384
677 735 0 1276 1277
678 735 0 1276 1279
735 722 0 1277 1357
678 736 0 1278 1279
679 736 0 1278 1281
736 735 0 1279 1369
679 737 0 1280 1281
680 737 0 1280 1283
737 736 0 1281 1386
680 738 0 1282 1283
681 738 0 1282 1285
738 737 0 1283 1388
681 739 0 1284 1285
682 739 0 1284 1287
739 738 0 1285 1390
682 740 0 1286 1287
685 740 0 1286 1289
740 739 0 1287 1392
685 741 0 1288 1289
686 741 0 1288 1295
741 740 0 1289 1394
644 742 0 1290 1291
661 742 0 1290 1293
742 705 0 1291 1325
661 743 0 1292 1293
662 743 0 1292 1354
743 742 0 1293 1367
686 744 0 1294 1295
687 744 0 1294 1297
744 741 0 1295 1396
687 745 0 1296 1297
688 745 0 1296 1299
745 744 0 1297 1400
688 746 0 1298 1299
689 746 0 1298 1301
746 745 0 1299 1402
689 747 0 1300 1301
690 747 0 1300 1303
747 746 0 1301 1404
690 748 0 1302 1303
691 748 0 1302 1305
748 747 0 1303 1406
691 749 0 1304 1305
692 749 0 1304 1307
749 748 0 1305 1408
692 750 0 1306 1307
693 750 0 1306 1376
750 749 0 1307 1410
698 751 0 1308 1365
696 751 0 1308 1309
751 697 0 1309 1311
697 752 0 1310 1311
700 752 0 1310 1359
752 751 0 1311 1398
702 709 0 1312 1345
701 709 0 1312 1313
700 753 0 1314 1360
699 753 0 1314 1315
753 754 0 1315 1416
699 754 0 1315 1316
754 723 0 1316 1361
695 755 0 1317 1343
694 755 0 1317 1318
755 756 0 1318 1413
694 756 0 1318 1319
756 721 0 1319 1340
703 757 0 1320 1321
704 757 0 1320 1372
703 758 0 1321 1322
757 758 0 1321 1419
758 729 0 1322 1351
706 759 0 1323 1375
705 759 0 1323 1324
759 760 0 1324 1422
705 760 0 1324 1325
760 742 0 1325 1368
733 720 0 1326 1385
711 720 0 1327 1430
728 719 0 1328 1468
712 717 0 1329 1473
715 723 0 1330 1362
659 671 0 1331 1332
684 671 0 1331 1333
671 731 0 1332 1334
727 671 0 1333 1426
732 671 0 1334 1426
710 707 0 1335 1383
647 761 0 1336 1337
711 761 0 1336 1431
761 710 0 1337 1432
658 763 0 1338 1339
730 763 0 1338 1436
763 721 0 1339 1340
756 763 0 1340 1476
666 764 0 1341 1342
712 764 0 1341 1475
764 734 0 1342 1447
695 765 0 1343 1344
755 765 0 1343 1415
765 709 0 1344 1345
702 765 0 1345 1346
714 765 0 1346 1425
726 766 0 1347 1364
716 766 0 1347 1348
766 718 0 1348 1350
718 767 0 1349 1350
722 767 0 1349 1358
767 766 0 1350 1429
729 768 0 1351 1352
758 768 0 1351 1458
768 730 0 1352 1435
662 769 0 1353 1354
713 769 0 1353 1356
769 743 0 1354 1450
713 770 0 1355 1356
714 770 0 1355 1444
770 769 0 1356 1453
722 771 0 1357 1358
735 771 0 1357 1370
771 767 0 1358 1434
752 772 0 1359 1438
700 772 0 1359 1360
772 753 0 1360 1418
754 773 0 1361 1443
723 773 0 1361 1362
773 715 0 1362 1374
727 774 0 1363 1427
726 774 0 1363 1364
774 766 0 1364 1428
698 775 0 1365 1366
751 775 0 1365 1399
775 717 0 1366 1471
742 776 0 1367 1368
743 776 0 1367 1449
776 760 0 1368 1424
735 777 0 1369 1370
736 777 0 1369 1387
777 771 0 1370 1455
704 774 0 1371 1372
732 774 0 1371 1427
774 757 0 1372 1421
715 778 0 1373 1374
706 778 0 1373 1375
778 773 0 1374 1466
759 778 0 1375 1464
750 779 0 1376 1437
693 779 0 1376 1377
779 724 0 1377 1379
724 780 0 1378 1379
725 780 0 1378 1381
780 779 0 1379 1440
725 781 0 1380 1381
728 781 0 1380 1470
781 780 0 1381 1461
719 782 0 1382 1469
707 782 0 1382 1383
782 710 0 1383 1432
733 783 0 1384 1385
734 783 0 1384 1448
783 720 0 1385 1430
736 784 0 1386 1387
737 784 0 1386 1389
784 777 0 1387 1459
737 785 0 1388 1389
738 785 0 1388 1391
785 784 0 1389 1480
738 786 0 1390 1391
739 786 0 1390 1393
786 785 0 1391 1482
739 787 0 1392 1393
740 787 0 1392 1395
787 786 0 1393 1484
740 788 0 1394 1395
741 788 0 1394 1397
788 787 0 1395 1486
741 789 0 1396 1397
744 789 0 1396 1401
789 788 0 1397 1488
751 790 0 1398 1399
752 790 0 1398 1439
790 775 0 1399 1463
744 791 0 1400 1401
745 791 0 1400 1403
791 789 0 1401 1491
745 792 0 1402 1403
746 792 0 1402 1405
792 791 0 1403 1494
746 793 0 1404 1405
747 793 0 1404 1407
793 792 0 1405 1495
747 794 0 1406 1407
748 794 0 1406 1409
794 793 0 1407 1497
748 795 0 1408 1409
749 795 0 1408 1412
795 794 0 1409 1442
749 772 0 1410 1411
750 772 0 1410 1437
749 352 0 1411 1412
772 352 0 1411 1418
352 795 0 1412 1417
755 796 0 1413 1414
756 796 0 1413 1478
755 798 0 1414 1415
796 798 0 1414 1446
798 765 0 1415 1425
753 795 0 1416 1417
754 795 0 1416 1441
753 352 0 1417 1418
758 799 0 1419 1457
757 799 0 1419 1420
799 762 0 1420 1433
757 762 0 1420 1421
762 774 0 1421 1428
759 800 0 1422 1465
760 800 0 1422 1423
800 802 0 1423 1493
760 802 0 1423 1424
802 776 0 1424 1451
798 714 0 1425 1445
732 727 0 1426 1427
762 766 0 1428 1429
767 762 0 1429 1433
783 711 0 1430 1431
761 783 0 1431 1506
761 782 0 1432 1507
799 767 0 1433 1434
771 799 0 1434 1456
730 803 0 1435 1436
768 803 0 1435 1502
803 763 0 1436 1477
772 779 0 1437 1438
752 779 0 1438 1439
790 779 0 1439 1440
780 790 0 1440 1462
795 797 0 1441 1442
754 797 0 1441 1443
797 794 0 1442 1511
773 797 0 1443 1511
770 804 0 1444 1526
714 804 0 1444 1445
804 798 0 1445 1446
796 804 0 1446 1512
734 806 0 1447 1448
764 806 0 1447 1515
806 783 0 1448 1506
776 807 0 1449 1452
743 807 0 1449 1450
807 769 0 1450 1454
802 808 0 1451 1492
776 808 0 1451 1452
808 807 0 1452 1499
769 809 0 1453 1454
770 809 0 1453 1525
809 807 0 1454 1500
771 810 0 1455 1456
777 810 0 1455 1460
810 799 0 1456 1457
758 810 0 1457 1458
768 810 0 1458 1501
777 811 0 1459 1460
784 811 0 1459 1481
811 810 0 1460 1501
780 812 0 1461 1462
781 812 0 1461 1519
812 790 0 1462 1463
775 812 0 1463 1472
778 813 0 1464 1467
759 813 0 1464 1465
813 800 0 1465 1496
773 814 0 1466 1510
778 814 0 1466 1467
814 813 0 1467 1498
728 815 0 1468 1470
719 815 0 1468 1469
815 782 0 1469 1513
781 815 0 1470 1520
717 816 0 1471 1474
775 816 0 1471 1472
816 812 0 1472 1519
712 805 0 1473 1475
717 805 0 1473 1474
805 816 0 1474 1518
764 805 0 1475 1516
756 817 0 1476 1479
763 817 0 1476 1477
817 803 0 1477 1504
796 819 0 1478 1512
756 819 0 1478 1479
819 817 0 1479 1509
784 820 0 1480 1481
785 820 0 1480 1483
820 811 0 1481 1503
785 821 0 1482 1483
786 821 0 1482 1485
821 820 0 1483 1508
786 822 0 1484 1485
787 822 0 1484 1487
822 821 0 1485 1522
787 823 0 1486 1487
788 823 0 1486 1490
823 822 0 1487 1524
788 808 0 1488 1489
789 808 0 1488 1492
788 801 0 1489 1490
808 801 0 1489 1499
801 823 0 1490 1505
789 802 0 1491 1492
791 802 0 1491 1493
800 791 0 1493 1494
792 800 0 1494 1496
792 813 0 1495 1496
793 813 0 1495 1498
793 814 0 1497 1498
794 814 0 1497 1510
801 807 0 1499 1500
809 801 0 1500 1505
811 768 0 1501 1502
803 811 0 1502 1503
820 803 0 1503 1504
817 820 0 1504 1508
823 809 0 1505 1530
806 761 0 1506 1507
782 806 0 1507 1514
821 817 0 1508 1509
819 821 0 1509 1523
773 794 0 1510 1511
804 819 0 1512 1527
815 824 0 1513 1532
782 824 0 1513 1514
824 806 0 1514 1515
764 824 0 1515 1517
764 818 0 1516 1517
805 818 0 1516 1518
818 824 0 1517 1533
816 818 0 1518 1531
781 816 0 1519 1521
781 825 0 1520 1521
815 825 0 1520 1532
825 816 0 1521 1531
821 826 0 1522 1523
822 826 0 1522 1524
826 819 0 1523 1527
823 826 0 1524 1529
809 827 0 1525 1530
770 827 0 1525 1526
827 804 0 1526 1528
826 804 0 1527 1528
827 826 0 1528 1529
823 827 0 1529 1530
818 825 0 1531 1533
824 825 0 1532 1533
