4   0.037504   0.137480 583 4 770 364 1 10 13 3 
4   0.037504   0.162480 770 4 831 1188 2 5 8 0 
4   0.062506   0.162480 831 4 555 523 3 17 4 1 
4   0.062506   0.137480 555 4 583 640 0 15 18 2 
4   0.062506   0.187480 722 831 523 1085 2 147 165 5 
4   0.037504   0.187480 831 722 176 1188 6 7 1 4 
4   0.037504   0.212480 176 722 631 1249 165 169 172 5 
4   0.012501   0.187480 1094 1188 176 887 5 172 -1 8 
4   0.012501   0.162480 770 1188 1094 1131 7 -1 10 1 
4   0.037504   0.087480 1103 463 197 723 13 67 53 11 
4   0.012501   0.137480 770 1131 1215 364 -1 12 0 8 
4   0.062506   0.087480 707 16 463 1103 15 9 28 22 
4   0.012501   0.112480 197 364 1215 104 10 -1 67 13 
4   0.037504   0.112480 583 364 197 463 12 9 15 0 
4   0.087509   0.112480 551 1219 640 16 18 15 22 21 
4   0.062506   0.112480 583 463 16 640 11 14 3 13 
4   0.137514   0.112480 54 545 712 999 73 72 75 21 
4   0.087509   0.162480 523 555 767 1194 18 109 147 2 
4   0.087509   0.137480 767 555 640 1219 3 14 20 17 
4   0.112511   0.062480 444 346 332 605 84 23 26 78 
4   0.112511   0.137480 767 1219 54 388 21 75 109 18 
4   0.112511   0.112480 54 1219 551 545 14 23 16 20 
4   0.087509   0.087480 16 707 605 551 26 23 14 11 
4   0.112511   0.087480 332 545 551 605 21 22 19 73 
4   1.112611   0.337480 1174 1080 1224 1180 146 865 862 93 
4   1.087609   0.312480 1080 1092 337 308 27 653 146 93 
4   0.087509   0.062480 344 444 605 707 19 22 28 71 
4   1.062606   0.312480 337 1092 211 1099 106 834 831 25 
4   0.062506   0.062480 344 707 1103 1164 11 53 30 26 
4   1.137614   0.312480 650 155 414 1224 69 865 146 734 
4   0.062506   0.037480 344 1164 543 483 31 36 71 28 
4   0.037504   0.037480 543 1164 761 1115 53 56 33 30 
4   1.162616   0.287480 67 454 738 155 822 69 734 35 
4   0.037504   0.012480 543 1115 648 815 34 -1 36 31 
4   0.012501   0.012480 648 1115 12 145 56 -1 -1 33 
4   1.162616   0.262480 36 703 454 67 730 32 37 997 
4   0.062506   0.012480 543 815 709 483 -1 38 30 33 
4   1.137614   0.262480 36 67 338 758 734 98 39 35 
4   0.087509   0.012480 781 483 709 1218 36 -1 40 71 
4   1.137614   0.237480 726 870 36 758 997 37 59 135 
4   0.112511   0.012480 781 1218 561 1149 -1 41 78 38 
4   0.137514   0.012480 1149 561 398 1091 -1 76 43 40 
4   1.162616   0.212480 851 1192 558 870 1128 997 135 81 
4   0.137514   0.037480 1149 1091 1135 346 44 84 78 41 
4   0.162516   0.037480 1135 1091 403 1152 76 210 46 43 
4   1.237624   0.212480 100 1244 81 253 367 904 890 47 
4   0.162516   0.062480 37 1135 1152 1255 44 327 48 84 
4   1.212621   0.212480 484 1244 100 701 45 366 1128 50 
4   0.162516   0.087480 37 1255 1075 712 52 72 73 46 
3   0.281785   0.142174 1455 1450 1432 1445 1484 87 
4   1.212621   0.187480 484 1251 246 1244 362 367 47 891 
4   0.187509   0.112478 227 213 1075 222 72 52 1248 65 
4   0.187509   0.087477 1255 207 222 1075 1171 51 48 327 
4   0.037504   0.062480 761 1164 1103 723 28 9 62 31 
3   0.339762   0.119202 1460 1353 1413 1503 1504 1314 
3   0.271512   0.260822 1459 1458 1445 1563 1481 61 
4   0.012501   0.037480 12 1115 761 269 31 62 -1 34 
4   0.187509   0.162481 240 251 1172 655 110 145 65 1330 
3   0.285466   0.250232 1459 1397 1443 1558 61 1565 
4   1.112611   0.237480 506 242 726 758 64 39 98 970 
4   0.187509   0.212483 261 271 697 857 63 112 110 1328 
3   0.281385   0.258823 1458 1459 1443 58 1561 55 
4   0.012501   0.062480 761 723 286 269 67 -1 56 53 
4   0.187509   0.237484 271 272 324 697 108 153 60 1235 
4   1.112611   0.212480 502 726 242 891 59 686 683 135 
4   0.187509   0.137479 240 655 213 227 70 51 1326 57 
3   0.358697   0.103903 1460 1378 1426 1435 1433 1529 
4   0.012501   0.087480 286 723 197 104 9 12 -1 62 
3   0.305977   0.277899 1457 1434 1441 1466 1470 1465 
4   1.162616   0.312480 738 493 414 155 867 29 32 204 
4   0.162516   0.137480 213 655 961 999 145 75 72 65 
4   0.087509   0.037480 483 781 444 344 78 26 30 38 
4   0.162516   0.112480 213 999 712 1075 16 48 51 70 
4   0.137514   0.087480 545 332 37 712 84 48 16 23 
4   1.187619   0.237480 558 701 547 703 366 730 997 1128 
4   0.137514   0.137480 54 999 961 388 70 77 20 16 
4   0.162516   0.012480 403 1091 398 507 41 -1 337 44 
4   0.137514   0.162480 534 388 961 1035 75 145 79 109 
4   0.112511   0.037480 444 781 1149 346 40 43 19 71 
4   0.137514   0.187480 534 1035 373 564 80 150 143 77 
4   0.162516   0.187480 373 1035 1172 857 145 110 112 79 
4   1.162616   0.187480 1192 851 408 1201 347 532 891 42 
4   0.187509   0.337489 18 27 367 1197 388 128 383 1231 
3   0.435486   0.191475 1461 1373 1410 1526 1519 1290 
4   0.137514   0.062480 332 346 1135 37 43 46 73 19 
3   0.287334   0.276804 1458 1457 1442 1470 1480 1561 
3   0.443210   0.215461 1461 1386 1421 1512 1424 1449 
3   0.272688   0.137553 1450 1455 1431 1541 1535 49 
4   0.212511   0.037490 1112 1079 445 203 331 1212 210 333 
3   0.256512   0.184297 1462 1387 1433 1506 1477 1483 
4   0.462521   0.362490 167 1040 320 158 238 91 1240 124 
4   0.437519   0.362490 158 320 1074 140 503 103 1251 90 
3   0.418362   0.139711 1451 1449 1425 693 1493 718 
4   1.087609   0.337480 1133 1092 1080 1174 25 24 860 106 
4   0.387514   0.362490 128 1231 511 94 215 95 1226 103 
4   0.362511   0.362490 94 511 907 92 214 96 1344 94 
4   0.337509   0.362490 92 907 1003 88 209 460 1346 95 
3   0.433951   0.251758 1452 1417 1419 1516 104 219 
4   1.112611   0.262480 506 758 338 279 37 151 340 59 
3   0.292190   0.131936 1450 1454 1429 1536 1445 832 
3   0.408862   0.268410 1453 1456 1420 377 1515 242 
4   1.187619   0.162480 201 814 1251 1201 362 891 532 205 
3   0.264301   0.208206 1462 1398 1416 1479 1451 1509 
4   0.412516   0.362490 140 1074 1231 128 217 94 1252 91 
3   0.426851   0.262483 1453 1452 1419 97 1458 1515 
4   0.187509   0.287487 298 3 477 334 383 158 108 1356 
4   1.062606   0.337480 1092 1133 144 211 638 650 27 93 
4   0.237499   0.362490 46 374 575 32 198 825 1173 893 
4   0.187509   0.262486 272 298 334 324 105 155 63 1234 
4   0.112511   0.162480 767 388 534 1194 77 143 17 20 
4   0.187509   0.187482 251 261 857 1172 60 80 57 1338 
3   0.296293   0.264502 1457 1443 1440 1507 1465 1561 
4   0.162516   0.212480 373 857 697 1173 60 153 150 80 
4   1.637664   0.262480 237 489 787 495 115 148 294 385 
4   1.187619   0.087480 834 901 384 239 914 232 833 917 
4   1.662666   0.262480 787 489 402 878 119 226 1017 113 
4   1.162616   0.062480 834 417 1055 1243 665 920 917 833 
4   0.737574   0.112480 210 375 536 635 162 449 446 244 
4   1.187619   0.037480 215 1009 348 1243 166 917 920 129 
4   1.662666   0.237480 670 402 489 1252 115 385 1013 125 
4   1.262626   0.112480 593 941 195 232 408 911 937 570 
4   0.562556   0.287480 429 563 24 1184 695 258 255 699 
4   1.687669   0.212480 393 833 670 76 125 1013 1022 144 
4   0.512544   0.362472 273 380 465 185 269 124 1575 450 
4   0.487524   0.362490 185 465 1040 167 239 90 1166 123 
4   1.687669   0.237480 670 833 55 402 160 226 119 122 
4   1.112611   0.037480 586 827 281 695 922 663 660 925 
4   0.162516   0.312480 477 1197 968 515 128 131 158 383 
4   0.162516   0.337480 968 1197 367 538 82 156 130 127 
4   1.187619   0.012480 1009 215 321 1061 919 -1 929 118 
4   0.137514   0.337480 252 968 538 411 128 192 293 131 
4   0.137514   0.312480 515 968 252 356 130 159 133 127 
4   1.262626   0.037480 633 584 846 357 932 183 188 935 
4   0.137514   0.287480 515 356 75 784 134 157 158 131 
4   0.112511   0.287480 75 356 662 847 159 299 136 133 
4   1.137614   0.212480 726 502 851 870 347 42 39 64 
4   0.112511   0.262480 289 75 847 1007 134 168 138 157 
4   1.612661   0.287480 468 495 927 526 148 776 305 294 
4   0.112511   0.237480 289 1007 660 204 139 142 152 136 
4   0.087509   0.237480 660 1007 397 307 168 167 141 138 
4   1.737674   0.212480 569 965 837 187 144 1025 218 199 
4   0.087509   0.212480 702 660 307 1085 139 165 147 142 
4   0.112511   0.212480 660 702 564 204 143 150 138 141 
4   0.112511   0.187480 534 564 702 1194 142 147 109 79 
4   1.712671   0.212480 837 965 833 393 160 122 1023 140 
4   0.162516   0.162480 1172 1035 961 655 77 70 57 80 
4   1.112611   0.312480 1080 308 650 1224 151 29 24 25 
4   0.087509   0.187480 523 1194 702 1085 143 141 4 17 
4   1.637664   0.287480 787 909 927 495 908 137 113 1017 
4   0.287504   0.362490 70 582 562 62 206 893 1268 460 
4   0.137514   0.212480 204 564 373 1173 79 112 152 142 
4   1.112611   0.287480 308 279 338 650 98 734 146 653 
4   0.137514   0.237480 204 1173 352 289 153 157 138 150 
4   0.162516   0.237480 352 1173 697 324 112 63 155 152 
4   1.087609   0.012480 59 486 586 1096 925 660 657 -1 
4   0.162516   0.262480 352 324 334 784 108 158 157 153 
4   0.162516   0.362480 370 538 367 565 128 388 195 192 
4   0.137514   0.262480 352 784 75 289 133 136 152 155 
4   0.162516   0.287480 515 784 334 477 155 105 127 133 
4   0.112511   0.312480 662 356 252 884 131 293 288 134 
4   1.712671   0.237480 965 1235 55 833 161 125 144 199 
4   1.712671   0.262480 55 1235 130 544 164 835 226 160 
4   0.762576   0.112480 375 615 148 536 613 222 117 379 
3   0.334369   0.293144 1463 1393 1439 1560 1552 1463 
4   1.737674   0.262480 1235 1067 1185 130 374 760 161 199 
4   0.062506   0.212480 722 1085 307 631 141 167 6 4 
4   1.212621   0.037480 560 348 1009 1102 118 929 932 343 
4   0.062506   0.237480 631 307 397 1047 139 170 169 165 
4   0.087509   0.262480 397 1007 847 509 136 299 170 139 
4   0.037504   0.237480 631 1047 1240 1249 175 173 6 167 
4   0.062506   0.262480 679 1047 397 509 167 168 280 175 
4   1.212621   0.137480 0 899 609 814 909 362 205 690 
4   0.012501   0.212480 176 1249 378 887 173 -1 7 6 
4   0.012501   0.237480 378 1249 1240 687 169 174 -1 172 
4   0.012501   0.262480 686 687 1240 1247 173 175 176 -1 
4   0.037504   0.262480 679 1247 1240 1047 174 169 170 177 
4   0.012501   0.287480 686 1247 1236 110 177 181 -1 174 
4   0.037504   0.287480 1236 1247 679 1212 175 280 179 176 
4   0.062506   0.312480 556 1212 48 585 280 288 272 179 
4   0.037504   0.312480 1236 1212 556 1087 178 216 181 177 
4   1.312631   0.037480 998 1151 406 173 194 946 186 188 
4   0.012501   0.312480 1236 1087 160 110 182 -1 176 179 
4   0.012501   0.337480 151 160 1087 1026 181 216 184 -1 
4   1.262626   0.012480 846 1160 435 357 -1 190 132 227 
4   0.012501   0.362480 151 1026 58 1158 185 578 -1 182 
4   0.037504   0.362480 58 1026 216 450 216 256 187 184 
4   1.312631   0.062480 923 998 173 409 180 944 941 381 
4   0.037504   0.387480 754 58 450 1109 185 259 -1 578 
4   1.287629   0.037480 998 633 357 1151 132 190 180 381 
4   0.112511   0.387480 159 1170 314 852 586 295 191 -1 
4   1.287629   0.012480 57 1151 357 435 188 183 -1 194 
4   0.137514   0.387480 159 852 370 1181 192 195 -1 189 
4   0.137514   0.362480 370 852 411 538 295 130 156 191 
4   1.387639   0.012480 164 1139 198 1010 957 949 -1 951 
4   1.312631   0.012480 57 924 406 1151 481 180 190 -1 
4   0.162516   0.387480 178 1181 370 565 191 156 348 -1 
4   0.212521   0.387480 394 820 1206 575 348 825 198 -1 
4   1.412641   0.062480 283 792 724 40 955 1060 1063 958 
4   0.237524   0.387480 394 575 374 579 107 455 -1 196 
4   1.737674   0.237480 569 1067 1235 965 164 160 140 212 
4   1.212621   0.312480 571 940 138 17 204 885 882 472 
4   0.787579   0.137480 462 354 148 1140 222 613 610 229 
4   1.237624   0.062480 1049 843 560 584 343 932 935 913 
3   0.308081   0.135809 1430 1382 1429 1393 1536 1488 
4   1.187619   0.312480 493 738 138 940 822 200 324 69 
4   1.187619   0.137480 201 527 0 814 232 171 101 671 
4   0.287529   0.387480 562 582 479 1176 207 -1 455 149 
4   0.312531   0.387480 226 479 582 1003 206 460 209 -1 
4   1.287629   0.137480 941 969 174 1089 211 901 408 570 
4   0.337534   0.387480 226 1003 907 44 96 214 -1 207 
4   0.187519   0.037480 1112 203 1152 403 327 44 337 88 
4   1.312631   0.137480 969 983 900 174 968 900 208 213 
4   1.762676   0.237480 569 658 1134 1067 1155 374 199 218 
4   1.312631   0.112480 693 983 969 306 211 570 941 465 
4   0.362536   0.387480 907 511 191 44 215 -1 209 95 
4   0.387539   0.387480 191 511 1231 644 94 217 -1 214 
4   0.037504   0.337480 1087 556 216 1026 272 185 182 179 
4   0.412541   0.387480 644 1231 1074 1163 103 503 -1 215 
4   1.762676   0.212480 441 658 569 187 212 140 369 223 
3   0.427959   0.243852 1452 1409 1417 1496 97 1495 
3   0.412750   0.120940 1451 1448 1407 1523 1501 1493 
4   0.912591   0.037480 698 849 608 790 773 634 639 643 
4   0.762576   0.137480 148 354 438 536 1012 449 162 201 
4   1.787679   0.212480 309 933 658 441 1155 218 603 225 
4   1.037604   0.012480 125 1116 659 1138 746 654 -1 657 
4   1.812681   0.212480 920 933 309 400 223 573 233 228 
4   1.687669   0.262480 55 544 878 402 953 115 125 161 
4   1.237624   0.012480 488 1160 846 1102 183 932 929 -1 
4   1.812681   0.237480 920 170 328 933 286 1155 225 235 
4   0.787579   0.162480 462 1046 838 354 605 1012 201 608 
4   0.837584   0.362480 418 433 258 619 536 489 447 1118 
4   0.762576   0.187480 838 1062 262 926 602 326 1012 605 
4   1.187619   0.112480 0 527 239 384 669 114 690 205 
4   1.837684   0.212480 421 1248 920 400 235 225 496 462 
4   0.662566   0.012480 937 1029 580 903 426 424 -1 429 
4   1.837684   0.237480 920 1248 296 170 236 283 228 233 
4   1.862686   0.237480 331 1058 296 1248 276 235 462 249 
4   1.012601   0.237480 1001 906 602 1050 694 691 826 1145 
4   0.462546   0.387480 320 1040 625 829 239 -1 503 90 
4   0.487549   0.387480 625 1040 465 1242 124 269 -1 238 
4   0.712571   0.062480 265 440 228 952 445 435 432 391 
4   0.587559   0.387480 42 1056 721 260 564 243 253 -1 
3   0.410847   0.278278 1456 1453 1436 1517 1460 100 
4   0.587559   0.362480 260 721 708 1195 431 704 245 241 
4   0.737574   0.087480 375 210 440 1127 445 391 379 117 
4   0.612561   0.362480 996 260 1195 385 243 252 247 253 
4   0.462546   0.012480 1159 811 21 782 373 407 -1 409 
4   0.637564   0.362480 996 385 6 713 248 524 530 245 
4   0.637564   0.337480 6 385 1123 567 252 250 526 247 
4   1.887689   0.237480 731 1058 331 268 236 452 376 273 
4   0.637564   0.312480 567 1123 274 184 251 498 510 248 
4   0.612561   0.312480 274 1123 466 1137 252 702 254 250 
4   0.612561   0.337480 1195 466 1123 385 251 248 245 704 
4   0.612561   0.387480 42 260 996 1117 245 530 -1 241 
4   0.612561   0.287480 274 1137 1004 957 255 495 498 251 
4   0.587559   0.287480 1004 1137 429 1184 702 121 257 254 
4   0.062506   0.362480 202 450 216 86 185 272 263 259 
4   0.587559   0.262480 1004 1184 407 451 258 261 495 255 
4   0.562556   0.262480 407 1184 24 73 121 794 260 257 
4   0.062506   0.387480 997 1109 450 202 187 256 586 -1 
4   0.562556   0.237480 749 407 73 1161 258 763 589 261 
4   0.587559   0.237480 407 749 498 451 262 494 257 260 
4   0.587559   0.212480 803 498 749 1142 261 589 264 491 
4   0.087509   0.362480 86 481 314 202 295 586 256 290 
4   0.587559   0.187480 803 1142 610 311 265 487 464 262 
4   0.562556   0.187480 610 1142 382 967 589 595 267 264 
4   0.762576   0.062480 620 639 1179 1127 617 379 391 620 
4   0.562556   0.162480 610 967 361 824 268 484 487 265 
4   0.537554   0.162480 392 361 967 789 267 595 270 386 
4   0.512551   0.387480 478 1242 465 380 239 123 506 -1 
4   0.512526   0.162496 392 789 594 821 271 1183 384 268 
4   0.512526   0.187497 594 789 387 491 595 601 1182 270 
4   0.062506   0.337480 86 216 556 585 216 178 290 256 
4   1.887689   0.262480 607 1058 731 1238 249 370 346 276 
4   0.737574   0.312480 497 363 598 1145 507 275 282 329 
4   0.737574   0.287480 29 1145 598 700 274 505 593 499 
4   1.862686   0.262480 607 592 296 1058 283 236 273 279 
4   0.712571   0.012480 257 688 533 916 883 432 429 -1 
4   1.962696   0.237480 456 813 220 746 647 1006 655 848 
4   1.862686   0.287480 63 592 607 681 276 346 325 281 
4   0.062506   0.287480 679 509 48 1212 299 178 177 170 
4   1.837684   0.287480 141 592 63 131 279 684 292 283 
4   0.762576   0.312480 1145 1156 885 497 322 1067 274 499 
4   1.837684   0.262480 141 170 296 592 235 276 281 286 
4   0.787579   0.287480 470 1156 694 645 499 673 583 322 
4   1.687669   0.087480 548 323 979 739 1033 1131 1110 1036 
4   1.812681   0.262480 141 476 328 170 287 228 283 292 
4   1.787679   0.262480 328 476 299 1134 291 374 1155 286 
4   0.087509   0.312480 662 884 585 48 290 178 299 159 
4   1.262626   0.287480 603 734 897 964 1161 485 884 488 
4   0.087509   0.337480 86 585 884 481 288 293 263 272 
4   1.787679   0.287480 476 522 171 299 357 910 287 292 
4   1.812681   0.287480 131 522 476 141 291 286 281 296 
4   0.112511   0.337480 411 481 884 252 290 159 130 295 
4   1.612661   0.262480 237 495 468 319 137 918 1144 113 
4   0.112511   0.362480 314 481 411 852 293 192 189 263 
4   1.812681   0.312480 108 865 522 131 357 292 684 726 
4   1.487649   0.362480 750 785 524 1071 928 983 947 403 
4   1.437644   0.037480 221 663 724 573 1060 955 339 1057 
4   0.087509   0.287480 509 847 662 48 134 288 280 168 
4   1.137614   0.162480 408 460 431 89 681 672 532 347 
3   0.270659   0.156937 1455 1447 1414 1572 1541 1484 
4   1.787679   0.337480 442 642 826 865 355 357 726 989 
4   1.412641   0.262480 200 304 142 65 1050 981 812 382 
4   1.687669   0.012480 877 962 673 621 757 -1 829 611 
4   1.587659   0.287480 468 526 64 277 393 942 918 137 
4   1.712671   0.037480 193 859 877 1097 611 829 815 1035 
4   1.812681   0.362480 442 1066 99 139 352 425 989 726 
4   1.887689   0.387480 539 590 169 1084 422 720 430 -1 
4   1.787679   0.012480 313 471 432 177 -1 899 803 809 
4   1.562656   0.312480 725 677 112 64 398 942 393 863 
4   0.362526   0.037490 33 630 520 244 358 313 336 1294 
4   1.812681   0.037480 771 177 214 868 899 896 556 803 
4   0.362536   0.012480 716 244 520 904 311 359 -1 360 
4   1.787679   0.087480 1020 641 284 510 553 779 789 801 
4   0.312531   0.012480 123 614 795 802 359 354 317 -1 
4   1.737674   0.062480 264 864 646 193 606 1035 815 356 
4   0.287529   0.012480 123 802 577 1012 318 335 -1 315 
4   0.287519   0.037490 434 577 802 1162 317 354 1207 353 
4   0.512526   0.312503 938 1052 570 133 1575 1165 737 338 
4   1.837684   0.337480 108 1171 535 1066 427 352 726 684 
4   1.362636   0.237480 626 1196 436 976 1043 1163 1056 1160 
4   0.787579   0.312480 885 1156 470 38 284 582 1064 282 
4   1.537654   0.337480 250 677 691 744 863 905 328 398 
4   1.187619   0.337480 493 940 457 183 472 549 867 204 
4   1.862686   0.312480 63 681 954 1171 344 427 684 279 
4   0.737574   0.187480 926 262 446 1100 596 454 451 231 
4   0.187502   0.062483 203 207 1255 1152 52 46 210 1170 
4   1.512651   0.337480 219 250 744 1071 323 947 983 400 
4   0.737574   0.337480 363 497 91 928 1067 516 513 274 
3   0.358274   0.285404 1463 1388 1437 1457 1555 1459 
4   0.237514   0.037490 445 1079 636 978 332 353 1316 88 
4   0.237524   0.012480 636 1079 553 1036 333 -1 335 331 
4   0.212521   0.012480 553 1079 1112 918 88 337 -1 332 
4   1.262626   0.337480 5 935 72 925 880 485 1095 1134 
4   0.262526   0.012480 636 1036 1012 577 -1 317 353 332 
4   0.387529   0.037490 161 848 33 244 1292 311 360 363 
4   0.187519   0.012480 507 918 1112 403 333 210 76 -1 
4   0.537554   0.312480 706 1052 938 563 319 695 699 728 
4   1.437644   0.012480 736 822 221 573 1055 298 951 -1 
4   1.087609   0.262480 513 506 279 989 98 653 697 970 
4   0.712571   0.262480 1147 256 700 632 593 505 502 598 
4   1.237624   0.362480 935 19 945 1217 1135 877 880 1134 
4   1.212621   0.062480 348 560 843 901 202 914 917 166 
4   1.887689   0.312480 681 912 467 954 433 345 325 346 
4   1.887689   0.337480 776 954 467 572 344 819 720 427 
4   1.887689   0.287480 1238 912 681 607 344 279 273 349 
4   1.137614   0.187480 502 460 408 851 300 81 135 683 
4   0.187519   0.387480 178 565 1206 820 388 196 -1 195 
4   1.912691   0.287480 1238 671 1045 912 365 433 346 370 
4   1.287629   0.262480 455 566 622 734 1115 1161 488 894 
4   0.637564   0.037480 115 120 182 580 401 424 426 441 
4   1.837684   0.362480 99 1066 535 259 320 468 490 307 
4   0.262516   0.037490 434 978 636 577 331 335 318 1309 
4   0.312521   0.037490 56 1162 802 795 318 315 358 1205 
4   1.762676   0.337480 353 826 642 958 302 1157 845 744 
4   1.762676   0.062480 864 264 993 1020 933 801 789 316 
4   1.787679   0.312480 826 171 522 865 291 296 302 744 
4   0.337524   0.037490 56 795 520 630 359 311 1200 354 
4   0.337534   0.012480 520 795 614 904 315 -1 313 358 
4   0.387539   0.012480 716 233 161 244 361 336 313 -1 
4   0.412541   0.012480 161 233 1105 944 -1 407 363 360 
4   1.212621   0.162480 609 246 1251 814 50 101 171 907 
4   0.412531   0.037490 848 161 944 1038 361 371 1244 336 
4   1.762676   0.162480 372 11 825 1169 369 1026 664 614 
4   1.937694   0.287480 671 267 1000 1045 842 820 349 368 
4   1.212621   0.237480 100 960 547 701 887 74 47 890 
4   1.237624   0.187480 246 1226 81 1244 903 45 50 907 
4   1.937694   0.262480 671 1246 456 267 848 655 365 370 
4   1.762676   0.187480 11 441 187 825 218 1025 364 603 
4   1.912691   0.262480 731 1246 671 1238 368 349 273 376 
4   0.437534   0.037490 653 1038 944 21 363 407 373 1169 
4   0.762576   0.362480 13 41 78 91 1070 516 1067 916 
4   0.462536   0.037490 653 21 811 842 246 411 1194 371 
4   1.762676   0.262480 1134 299 1185 1067 910 164 212 287 
4   0.962596   0.037480 947 657 714 975 649 646 643 652 
4   1.912691   0.237480 731 268 1054 1246 380 848 370 249 
3   0.400266   0.264317 1456 1367 1420 1486 100 1547 
4   0.812581   0.337480 229 619 107 38 489 1064 582 447 
4   0.762576   0.087480 1127 1179 615 375 615 162 244 266 
4   1.912691   0.212480 268 661 715 1054 537 642 376 452 
4   1.287629   0.062480 633 998 923 791 186 939 935 188 
4   1.412641   0.287480 521 763 304 200 1162 303 992 1159 
4   0.187509   0.312488 3 18 1197 477 82 127 105 1353 
4   0.512526   0.137494 392 821 799 683 1188 967 386 270 
4   1.637664   0.237480 489 237 157 1252 1144 1011 119 113 
4   0.537554   0.137480 392 683 350 361 387 484 268 384 
4   0.537554   0.112480 654 350 683 1130 386 967 389 486 
4   0.187509   0.362490 1206 565 367 27 156 82 825 348 
4   0.537554   0.087480 654 1130 991 254 390 415 392 387 
4   0.512526   0.087492 991 1130 530 369 967 1193 912 389 
4   0.737574   0.062480 620 1127 440 265 244 240 1000 266 
4   0.562556   0.087480 424 654 254 150 389 418 394 486 
4   1.587659   0.312480 526 1209 725 64 782 310 305 776 
4   0.587559   0.087480 862 424 150 984 392 419 397 395 
4   0.587559   0.112480 424 862 741 559 396 482 486 394 
4   0.612561   0.112480 741 862 10 1017 397 478 480 395 
4   0.612561   0.087480 294 10 862 984 396 394 399 440 
4   1.537654   0.312480 250 914 112 677 945 310 323 400 
4   0.612561   0.062480 120 294 984 427 397 419 401 441 
4   1.512651   0.312480 250 219 647 914 956 950 398 328 
4   0.612561   0.037480 120 427 119 182 402 423 351 399 
4   0.587559   0.037480 119 427 793 1113 419 417 404 401 
4   1.487649   0.387480 430 785 750 395 297 869 -1 470 
4   0.587559   0.012480 119 1113 494 122 405 -1 423 402 
4   0.562556   0.012480 494 1113 882 1088 417 420 -1 404 
4   1.562656   0.362480 1028 823 1057 691 934 905 863 861 
4   0.437544   0.012480 1105 782 21 944 246 371 361 -1 
4   1.262626   0.137480 326 195 941 1089 120 208 906 909 
4   0.487549   0.012480 811 1159 612 20 -1 421 411 246 
4   1.587659   0.387480 1225 118 7 823 -1 934 861 858 
4   0.487531   0.037483 811 20 347 842 412 1197 373 409 
4   0.512534   0.037497 69 347 20 83 411 421 414 912 
4   1.612661   0.362480 1101 760 234 1225 851 858 861 965 
4   0.537554   0.037480 676 69 83 882 412 420 417 415 
4   0.537554   0.062480 69 676 254 991 418 389 912 414 
4   1.662666   0.387480 845 705 1128 1193 856 772 753 -1 
4   0.562556   0.037480 793 676 882 1113 414 405 402 418 
4   0.562556   0.062480 676 793 150 254 419 392 415 417 
4   0.587559   0.062480 984 150 793 427 418 402 399 394 
4   0.537554   0.012480 882 83 147 1088 421 -1 405 414 
4   0.512551   0.012480 147 83 20 612 412 409 -1 420 
4   1.862686   0.387480 169 590 301 259 -1 490 468 308 
4   0.612561   0.012480 122 519 182 119 424 401 404 -1 
4   0.637564   0.012480 580 182 519 903 423 -1 234 351 
4   1.812681   0.387480 139 99 236 764 490 -1 474 307 
4   0.662566   0.037480 948 115 580 1029 351 234 428 437 
4   1.862686   0.337480 954 776 535 1171 468 320 325 345 
4   0.687569   0.037480 948 1029 916 952 429 432 435 426 
4   0.687569   0.012480 916 1029 937 257 234 -1 277 428 
4   1.912691   0.387480 61 587 539 1084 -1 308 808 667 
4   0.562556   0.362480 902 708 721 1025 243 564 450 707 
4   0.712571   0.037480 916 533 265 952 1000 240 428 277 
4   1.912691   0.312480 1045 1213 467 912 819 344 349 820 
4   0.687569   0.087480 876 1014 228 797 435 445 443 438 
4   0.687569   0.062480 948 952 228 1014 240 434 437 428 
4   1.962696   0.387480 886 1002 854 156 1032 1125 -1 667 
4   0.662566   0.062480 948 1014 856 115 438 441 426 435 
4   0.662566   0.087480 856 1014 876 218 434 442 440 437 
4   1.987599   0.337480 25 1044 911 181 -1 444 879 661 
4   0.637564   0.087480 294 856 218 10 438 478 397 441 
4   0.637564   0.062480 115 856 294 120 440 399 351 437 
4   0.662566   0.112480 218 876 765 90 443 471 478 438 
4   0.687569   0.112480 765 876 797 775 434 446 473 442 
4   1.987599   0.362480 854 181 911 517 439 -1 1125 1032 
4   0.712571   0.087480 210 797 228 440 434 240 244 446 
4   0.712571   0.112480 775 797 210 635 445 117 448 443 
4   0.837584   0.337480 229 1141 418 619 555 230 378 580 
4   0.712571   0.137480 775 635 1241 966 449 453 473 446 
4   0.737574   0.137480 1241 635 536 438 117 222 451 448 
4   0.537554   0.362480 902 1025 380 273 506 123 728 431 
4   0.737574   0.162480 1241 438 926 1100 1012 326 453 449 
4   1.887689   0.212480 331 1082 661 268 1076 380 249 462 
4   0.712571   0.162480 1241 1100 71 966 454 475 448 451 
4   0.712571   0.187480 71 1100 446 1230 326 597 456 453 
4   0.262526   0.387480 562 1176 579 374 -1 198 893 206 
4   0.687569   0.187480 905 71 1230 710 454 600 458 475 
4   1.012601   0.337480 1107 1200 60 908 836 650 847 844 
4   0.662566   0.187480 905 710 255 616 459 463 469 456 
4   0.662566   0.212480 255 710 335 15 600 1019 461 458 
4   0.312506   0.362490 88 1003 582 70 207 149 1348 96 
4   0.637564   0.212480 255 15 748 1065 492 491 463 459 
4   1.862686   0.212480 421 1082 331 1248 452 236 233 477 
4   0.637564   0.187480 255 1065 508 616 464 467 458 461 
4   0.612561   0.187480 508 1065 803 311 491 264 466 463 
4   1.337634   0.112480 459 983 693 98 213 943 964 968 
4   0.612561   0.162480 192 508 311 420 464 487 480 467 
4   0.637564   0.162480 508 192 529 616 476 469 463 466 
4   1.862686   0.362480 535 776 169 259 720 422 352 427 
4   0.662566   0.162480 616 529 209 905 471 475 458 467 
4   1.462646   0.387480 430 1031 669 785 799 928 403 -1 
4   0.662566   0.137480 209 529 90 765 476 442 473 469 
4   1.212621   0.337480 1217 457 940 571 324 200 880 877 
4   0.687569   0.137480 209 765 775 966 443 448 475 471 
4   1.787679   0.387480 139 764 389 778 -1 742 989 425 
4   0.687569   0.162480 209 966 71 905 453 456 469 473 
4   0.637564   0.137480 90 529 192 1017 467 480 478 471 
4   1.862686   0.187480 421 14 410 1082 483 1076 462 496 
4   0.637564   0.112480 90 1017 10 218 396 440 442 476 
4   1.937694   0.137480 35 1168 674 452 873 975 535 632 
4   0.612561   0.137480 741 1017 192 420 476 466 482 396 
4   1.337634   0.012480 412 898 406 924 946 194 -1 949 
4   0.587559   0.137480 559 741 420 824 480 487 484 395 
4   1.862686   0.162480 410 14 8 464 493 1148 542 477 
4   0.562556   0.137480 559 824 361 350 267 386 486 482 
4   1.262626   0.312480 72 964 897 925 289 1087 334 882 
4   0.562556   0.112480 424 559 350 654 484 387 392 395 
4   0.587559   0.162480 610 824 420 311 482 466 264 267 
4   1.262626   0.262480 455 734 603 52 289 889 892 350 
4   0.812581   0.362480 258 415 107 619 916 378 230 534 
4   1.837684   0.387480 236 99 259 301 352 422 -1 425 
4   0.612561   0.212480 803 1065 748 498 461 494 262 464 
4   0.637564   0.237480 748 15 516 921 1019 497 494 461 
4   1.837684   0.162480 14 1211 199 8 670 886 483 496 
4   0.612561   0.237480 748 921 451 498 495 261 491 492 
4   0.612561   0.262480 451 921 957 1004 497 254 257 494 
4   1.837684   0.187480 400 1211 14 421 493 477 233 573 
4   0.637564   0.262480 487 957 921 516 495 492 501 498 
4   0.637564   0.287480 274 957 487 184 497 500 250 254 
4   0.762576   0.287480 694 1156 1145 29 282 275 591 284 
4   0.662566   0.287480 184 487 777 1233 501 504 510 498 
4   0.662566   0.262480 419 777 487 516 500 497 1019 502 
4   0.687569   0.262480 777 419 1147 632 599 341 504 501 
4   0.437544   0.387480 1074 320 829 1163 238 -1 217 91 
4   0.687569   0.287480 777 632 1039 1233 505 508 500 502 
4   0.712571   0.287480 1039 632 700 598 341 275 507 504 
4   0.537554   0.387480 812 478 380 1025 269 450 564 -1 
4   0.712571   0.312480 949 1039 598 363 505 274 513 508 
4   0.687569   0.312480 1039 949 627 1233 512 510 504 507 
4   1.987599   0.137480 126 1121 531 143 -1 618 873 807 
4   0.662566   0.312480 184 1233 627 567 508 526 250 500 
4   1.637664   0.037480 753 1214 1027 678 1042 1039 1107 1137 
4   0.687569   0.337480 627 949 773 759 513 523 526 508 
4   0.712571   0.337480 773 949 363 928 507 329 515 512 
4   1.987599   0.087480 132 1220 894 371 -1 807 1037 687 
4   0.712571   0.362480 773 928 841 1207 516 520 523 513 
4   0.737574   0.362480 841 928 91 78 329 372 518 515 
4   1.987599   0.037480 675 1069 263 651 -1 687 715 1151 
4   0.737574   0.387480 841 78 1022 1098 1070 -1 520 516 
4   1.962696   0.012480 50 675 711 913 715 723 -1 1151 
4   0.712571   0.387480 841 1098 102 1207 -1 521 515 518 
4   0.687569   0.387480 1207 102 405 817 -1 528 523 520 
4   1.887689   0.037480 391 919 212 1034 804 533 616 870 
4   0.687569   0.362480 1207 817 759 773 524 512 515 521 
4   0.662566   0.362480 759 817 713 6 528 247 526 523 
4   1.912691   0.087480 49 34 365 832 817 1038 629 531 
4   0.662566   0.337480 627 759 6 567 524 248 510 512 
4   1.862686   0.062480 1060 936 919 1232 804 870 1122 581 
4   0.662566   0.387480 713 817 405 873 521 -1 530 524 
4   1.887689   0.112480 34 1037 844 699 545 1081 817 531 
4   0.637564   0.387480 996 713 873 1117 528 -1 253 247 
4   1.912691   0.112480 35 1037 34 49 529 525 632 535 
4   1.162616   0.162480 201 1201 408 89 81 300 671 101 
4   1.887689   0.012480 212 1068 266 1034 -1 621 522 561 
4   0.812581   0.387480 971 1015 415 258 1072 489 536 -1 
4   1.912691   0.137480 452 1129 1037 35 545 531 479 876 
4   0.837584   0.387480 971 258 433 1146 230 538 -1 534 
4   1.912691   0.187480 661 453 359 715 876 859 380 1076 
4   0.862586   0.387480 917 1146 433 310 536 1118 1078 -1 
4   0.912591   0.387480 249 1076 114 1041 1078 551 541 -1 
4   1.212621   0.387480 945 168 245 1228 -1 874 877 1135 
4   0.937594   0.387480 196 249 1041 720 539 548 543 -1 
4   1.887689   0.162480 464 1129 453 410 876 1076 483 545 
4   0.962596   0.387480 196 720 1 807 544 855 -1 541 
4   0.962596   0.362480 1 720 729 109 548 546 846 543 
4   1.887689   0.137480 464 844 1037 1129 529 535 542 1148 
4   0.962596   0.337480 109 729 224 970 547 841 844 544 
4   0.937594   0.337480 224 729 872 287 548 550 562 546 
4   0.937594   0.362480 1041 872 729 720 547 544 541 551 
4   1.187619   0.362480 318 183 457 1228 324 877 874 868 
4   0.912591   0.337480 287 872 129 690 551 554 560 547 
4   0.912591   0.362480 114 129 872 1041 550 548 539 552 
4   0.887589   0.362480 129 114 310 248 1078 1118 554 551 
4   1.812681   0.087480 26 284 641 796 314 556 584 1149 
4   0.887589   0.337480 129 248 1223 690 555 558 550 552 
4   0.862586   0.337480 1223 248 418 1141 1118 447 557 554 
4   1.812681   0.062480 771 868 796 641 581 553 801 312 
4   0.862586   0.312480 1155 1223 1141 1227 555 580 577 558 
4   0.887589   0.312480 690 1223 1155 80 557 568 560 554 
4   1.837684   0.012480 574 214 97 1093 899 -1 561 896 
4   0.912591   0.312480 287 690 80 879 558 567 562 550 
4   1.862686   0.012480 574 1093 1068 212 -1 533 804 559 
4   0.937594   0.312480 287 879 482 224 563 841 547 560 
4   0.937594   0.287480 482 879 1019 839 567 565 843 562 
4   0.562556   0.387480 721 1056 812 1025 -1 506 431 241 
4   0.937594   0.262480 839 1019 664 293 566 701 823 563 
4   0.912591   0.262480 664 1019 448 682 567 569 703 565 
4   0.912591   0.287480 80 448 1019 879 566 563 560 568 
4   0.887589   0.287480 981 448 80 1155 567 558 577 569 
4   0.887589   0.262480 682 448 981 1078 568 576 571 566 
4   1.287629   0.112480 306 969 941 593 208 120 939 213 
4   0.887589   0.237480 682 1078 755 1222 572 706 703 569 
4   0.862586   0.237480 755 1078 1073 1005 576 574 818 571 
4   1.812681   0.187480 400 309 772 1211 603 670 496 225 
4   0.837584   0.237480 1005 1073 124 1008 575 587 813 572 
4   0.837584   0.262480 124 1073 871 282 576 579 585 574 
4   0.862586   0.262480 981 871 1073 1078 575 572 569 577 
4   0.862586   0.287480 871 981 1155 1227 568 557 579 576 
4   0.012501   0.387480 58 754 1106 1158 -1 -1 184 187 
4   0.837584   0.287480 871 1227 667 282 580 583 575 577 
4   0.837584   0.312480 667 1227 1141 229 557 447 582 579 
4   1.837684   0.062480 936 1060 796 868 584 556 896 527 
4   0.812581   0.312480 470 667 229 38 580 378 322 583 
4   0.812581   0.287480 282 667 470 645 582 284 585 579 
4   1.837684   0.087480 796 1060 745 26 1122 1113 553 581 
4   0.812581   0.262480 124 282 645 889 583 673 587 575 
4   0.087509   0.387480 314 1170 997 202 -1 259 263 189 
4   0.812581   0.237480 124 889 154 1008 588 814 574 585 
4   0.787579   0.237480 992 154 889 190 587 673 590 604 
4   0.562556   0.212480 382 1142 749 1161 262 260 740 265 
4   0.762576   0.237480 992 190 728 766 591 594 602 588 
4   0.762576   0.262480 728 190 694 29 673 499 593 590 
4   1.162616   0.387480 318 786 1234 863 -1 871 868 874 
4   0.737574   0.262480 256 728 29 700 591 275 341 594 
4   0.737574   0.237480 766 728 256 1132 593 598 596 590 
4   0.537554   0.187480 387 789 967 382 268 265 740 271 
4   0.737574   0.212480 766 1132 446 262 597 326 602 594 
4   0.712571   0.212480 446 1132 1229 1230 598 600 454 596 
4   0.712571   0.237480 1147 1229 1132 256 597 594 341 599 
4   0.687569   0.237480 335 1229 1147 419 598 502 1019 600 
4   0.687569   0.212480 1230 1229 335 710 599 459 456 597 
4   0.512526   0.212498 134 491 387 858 271 740 766 1261 
4   0.762576   0.212480 992 766 262 1062 596 231 604 590 
4   1.787679   0.187480 11 772 309 441 573 223 369 614 
4   0.787579   0.212480 992 1062 396 154 605 814 588 602 
4   0.787579   0.187480 396 1062 838 1046 231 229 607 604 
4   1.737674   0.087480 501 290 646 864 1033 316 789 1030 
4   0.812581   0.187480 396 1046 360 1033 608 811 814 605 
4   0.812581   0.162480 360 1046 462 93 229 610 712 607 
4   1.662666   0.062480 678 1011 548 345 1036 1110 1107 1039 
4   0.812581   0.137480 208 93 462 1140 608 201 612 788 
4   1.687669   0.037480 962 877 859 1011 306 1036 1039 304 
4   0.812581   0.112480 208 1140 390 329 613 783 785 610 
4   0.787579   0.112480 390 1140 148 615 201 162 615 612 
4   1.787679   0.162480 652 772 11 372 603 364 679 670 
4   0.787579   0.087480 386 390 615 1179 613 379 617 783 
4   1.912691   0.037480 576 391 1034 1190 522 621 623 1038 
4   0.787579   0.062480 932 386 1179 639 615 266 619 784 
4   1.987599   0.162480 143 531 103 472 -1 849 1153 509 
4   0.787579   0.037480 932 639 1006 349 620 624 627 617 
4   0.762576   0.037480 1006 639 620 180 266 1000 622 619 
4   1.912691   0.012480 230 1190 1034 266 616 533 -1 723 
4   0.762576   0.012480 1006 180 514 1154 883 -1 624 620 
4   1.937694   0.037480 576 1190 711 1023 723 715 710 616 
4   0.787579   0.012480 1006 1154 600 349 -1 625 619 622 
4   0.812581   0.012480 349 600 1070 1216 -1 1058 627 624 
4   1.962696   0.062480 883 1023 651 132 715 687 1037 710 
4   0.812581   0.037480 349 1216 742 932 628 784 619 625 
4   0.837584   0.037480 742 1216 888 866 1058 1061 630 627 
4   1.937694   0.087480 832 883 496 49 1037 632 525 710 
4   0.837584   0.062480 742 866 800 449 631 781 784 628 
4   0.862586   0.062480 800 866 1118 816 1061 633 780 630 
4   1.937694   0.112480 496 1168 35 49 479 531 629 1009 
4   0.887589   0.062480 816 1118 608 774 634 773 775 631 
4   0.887589   0.037480 790 608 1118 275 633 1061 636 221 
4   1.112611   0.387480 1063 68 322 1086 862 871 -1 640 
4   0.887589   0.012480 790 275 383 861 637 -1 639 634 
4   0.862586   0.012480 383 275 888 973 1061 1058 -1 636 
4   1.062606   0.362480 144 1133 743 512 860 857 850 106 
4   0.912591   0.012480 790 861 480 698 -1 641 221 636 
4   1.087609   0.387480 68 1063 649 743 -1 857 860 635 
4   0.937594   0.012480 698 480 931 947 -1 652 643 639 
4   1.937694   0.212480 715 377 813 1054 647 848 380 859 
4   0.937594   0.037480 849 698 947 975 641 375 645 221 
4   0.987599   0.287480 458 1144 869 330 843 824 837 839 
4   0.937594   0.062480 849 975 425 270 646 768 773 643 
4   0.962596   0.062480 149 425 975 714 645 375 648 767 
4   1.962696   0.212480 377 568 220 813 1047 278 642 1040 
4   0.987599   0.062480 149 714 1077 946 649 743 759 646 
4   0.987599   0.037480 942 1077 714 657 648 375 651 745 
4   1.037604   0.337480 60 211 144 908 106 850 457 834 
4   0.987599   0.012480 942 657 82 988 652 -1 654 649 
4   0.962596   0.012480 82 657 947 931 375 641 -1 651 
4   1.087609   0.287480 337 989 279 308 340 151 25 831 
4   1.012601   0.012480 659 942 988 1138 651 -1 224 745 
4   1.962696   0.262480 746 855 267 456 842 368 278 1052 
4   1.737674   0.362480 958 704 733 45 1133 754 845 1157 
4   1.062606   0.012480 1116 125 59 1096 -1 154 659 224 
4   1.987599   0.287480 552 867 855 618 842 1052 -1 661 
4   1.062606   0.037480 1116 1096 188 23 660 749 746 657 
4   1.087609   0.037480 188 1096 586 695 154 126 662 659 
4   1.987599   0.312480 552 1044 25 867 439 978 658 -1 
4   1.087609   0.062480 188 695 135 1189 663 752 749 660 
4   1.112611   0.062480 135 695 281 85 126 665 1024 662 
4   1.762676   0.137480 372 1169 327 757 1029 786 679 364 
4   1.137614   0.062480 417 85 281 1055 663 922 116 666 
4   1.137614   0.087480 381 85 417 1237 665 833 668 1024 
4   1.937694   0.387480 61 1002 886 587 436 -1 430 940 
4   1.137614   0.112480 381 1237 850 1182 669 672 675 666 
4   1.162616   0.112480 850 1237 239 527 833 232 671 668 
4   1.812681   0.162480 772 652 199 1211 676 493 573 614 
4   1.162616   0.137480 89 850 527 201 669 205 532 672 
4   1.137614   0.137480 850 89 431 1182 300 674 668 671 
4   0.787579   0.262480 889 645 694 190 284 591 588 585 
4   1.112611   0.137480 890 1182 431 977 672 681 678 675 
4   1.112611   0.112480 381 1182 890 74 674 677 1024 668 
4   1.812681   0.137480 652 1043 801 199 1149 886 670 679 
4   1.087609   0.112480 74 890 247 474 678 756 752 675 
4   1.087609   0.137480 426 247 890 977 677 674 680 795 
4   1.787679   0.137480 757 1043 652 372 676 614 664 779 
4   1.087609   0.162480 426 977 499 312 681 685 800 678 
4   1.112611   0.162480 499 977 431 460 674 300 683 680 
4   0.512526   0.262501 611 995 751 333 766 794 737 1237 
4   1.112611   0.187480 499 460 502 891 347 64 685 681 
4   1.837684   0.312480 108 131 63 1171 281 325 320 296 
4   1.087609   0.187480 499 891 379 312 686 798 680 683 
4   1.087609   0.212480 379 891 242 1148 64 970 688 685 
4   1.987599   0.062480 132 651 263 1220 517 -1 514 626 
4   1.062606   0.212480 379 1148 982 423 689 692 798 686 
4   1.062606   0.237480 982 1148 513 684 970 697 691 688 
4   1.212621   0.112480 899 0 384 666 232 914 911 171 
4   1.037604   0.237480 602 982 684 1050 689 828 237 692 
4   1.037604   0.212480 423 982 602 528 691 694 797 688 
3   0.413949   0.148314 1449 1375 1425 1492 92 1528 
4   1.012601   0.212480 302 528 602 906 692 237 696 732 
4   0.537554   0.287480 333 24 563 938 121 338 737 794 
4   0.987599   0.212480 355 302 906 963 694 1145 698 731 
4   1.062606   0.262480 989 1143 684 513 828 689 340 831 
4   0.962596   0.212480 437 355 963 987 696 821 700 724 
4   0.562556   0.312480 706 563 429 994 121 702 707 338 
4   0.937594   0.212480 437 987 737 47 701 705 725 698 
4   0.937594   0.237480 737 987 293 664 821 565 703 700 
4   0.587559   0.312480 466 994 429 1137 699 255 251 704 
4   0.912591   0.237480 737 664 682 1222 566 571 705 701 
4   0.587559   0.337480 708 994 466 1195 702 252 243 707 
4   0.912591   0.212480 737 1222 874 47 706 727 700 703 
4   0.887589   0.212480 874 1222 755 1090 571 818 708 705 
4   0.562556   0.337480 708 902 706 994 728 699 704 431 
4   0.887589   0.187480 874 1090 401 540 709 714 727 706 
4   0.862586   0.187480 401 1090 30 1198 818 811 711 708 
4   1.937694   0.062480 576 1023 883 832 626 629 1038 623 
4   0.862586   0.162480 401 1198 2 895 712 787 714 709 
4   0.837584   0.162480 2 1198 360 93 811 608 788 711 
4   1.337634   0.362480 1030 278 166 376 1164 875 1111 1034 
4   0.887589   0.162480 540 401 895 1221 711 790 716 708 
4   1.962696   0.037480 711 675 651 1023 517 626 623 519 
4   0.912591   0.162480 540 1221 972 537 717 721 727 714 
4   0.912591   0.137480 972 1221 1018 117 790 771 719 716 
3   0.428213   0.137860 1449 1451 1412 1527 1525 92 
4   0.937594   0.137480 972 117 818 629 791 792 721 717 
4   1.887689   0.362480 776 572 1084 169 808 308 468 345 
4   0.937594   0.162480 972 629 1136 537 722 725 716 719 
4   0.962596   0.162480 1136 629 172 752 792 729 724 721 
4   1.937694   0.012480 230 913 711 1190 519 623 621 -1 
4   0.962596   0.187480 437 1136 752 355 722 731 698 725 
4   0.937594   0.187480 537 1136 437 47 724 700 727 721 
4   1.812681   0.337480 442 865 108 1066 296 320 307 302 
4   0.912591   0.187480 540 537 47 874 725 705 708 716 
4   0.537554   0.337480 706 902 273 1052 450 1575 338 707 
4   0.987599   0.162480 752 172 217 930 764 733 731 722 
4   1.187619   0.262480 547 628 454 703 822 35 74 887 
4   0.987599   0.187480 752 930 302 355 732 696 724 729 
4   1.012601   0.187480 302 930 113 528 733 797 694 731 
4   1.012601   0.162480 113 930 217 475 729 793 735 732 
4   1.137614   0.287480 67 155 650 338 29 151 37 32 
4   1.037604   0.162480 113 475 163 343 736 800 797 733 
4   1.037604   0.137480 238 163 475 601 735 793 738 795 
4   0.512526   0.287502 133 611 333 938 682 695 319 1238 
4   1.037604   0.112480 238 601 541 623 739 755 756 736 
4   1.012601   0.112480 541 601 735 740 793 762 741 738 
4   0.537554   0.212480 858 387 382 1161 595 589 763 601 
4   1.012601   0.087480 285 541 740 946 739 759 743 755 
4   1.762676   0.387480 778 389 875 704 -1 1133 1157 474 
4   1.012601   0.062480 243 285 946 1077 741 648 745 748 
4   1.762676   0.312480 171 826 353 974 355 840 910 357 
4   1.012601   0.037480 659 243 1077 942 743 649 654 746 
4   1.037604   0.037480 23 243 659 1116 745 224 659 748 
4   1.687669   0.312480 404 922 624 840 838 1041 758 953 
4   1.037604   0.062480 243 23 121 285 749 755 743 746 
4   1.062606   0.062480 121 23 188 1189 659 662 751 748 
4   1.662666   0.337480 1205 1208 116 840 774 758 1041 772 
4   1.062606   0.087480 121 1189 474 623 752 756 755 749 
4   1.087609   0.087480 474 1189 135 74 662 1024 677 751 
4   1.687669   0.387480 845 1193 77 956 769 854 -1 416 
4   1.712671   0.362480 45 733 77 1053 854 769 761 656 
4   1.037604   0.087480 121 623 541 285 738 741 748 751 
4   1.062606   0.112480 238 623 474 247 751 677 795 738 
4   1.662666   0.012480 780 673 962 1027 304 1039 1042 -1 
4   1.662666   0.312480 116 909 404 840 1017 747 750 908 
4   0.987599   0.087480 149 946 740 105 741 762 767 648 
4   1.737674   0.287480 974 806 130 1185 835 164 910 840 
4   1.712671   0.337480 45 1053 624 1175 1041 838 845 754 
4   0.987599   0.112480 105 740 735 165 739 764 765 759 
4   0.537554   0.237480 858 1161 73 751 260 794 766 740 
4   0.987599   0.137480 165 735 217 172 793 729 792 762 
4   0.962596   0.112480 105 165 818 860 792 791 767 762 
4   0.512526   0.237499 751 995 134 858 1260 601 763 682 
4   0.962596   0.087480 105 860 425 149 768 646 759 765 
4   0.937594   0.087480 270 425 860 1177 767 791 770 645 
4   1.687669   0.362480 1193 1205 1053 77 1041 754 753 772 
4   0.912591   0.087480 270 1177 111 774 771 775 773 768 
4   0.912591   0.112480 111 1177 117 1018 791 717 777 770 
4   1.662666   0.362480 1128 1208 1205 1193 750 769 416 851 
4   0.912591   0.062480 270 774 608 849 633 221 645 770 
4   1.637664   0.337480 116 1208 760 416 851 965 908 750 
4   0.887589   0.087480 774 111 696 816 777 780 633 770 
4   1.612661   0.312480 416 1209 526 927 393 137 908 965 
4   0.887589   0.112480 672 696 111 1018 775 771 790 778 
4   0.862586   0.112480 696 672 292 1166 787 785 780 777 
4   1.787679   0.112480 757 510 284 1043 314 1149 679 786 
4   0.862586   0.087480 696 1166 800 816 781 631 775 778 
4   0.837584   0.087480 800 1166 329 449 785 783 630 780 
4   1.587659   0.337480 725 1209 1101 1028 965 861 863 393 
4   0.812581   0.087480 386 449 329 390 781 612 615 784 
4   0.812581   0.062480 742 449 386 932 783 617 627 630 
4   0.837584   0.112480 329 1166 292 208 778 788 612 781 
4   1.762676   0.112480 501 510 757 327 779 664 1030 789 
4   0.862586   0.137480 2 292 672 895 778 790 711 788 
4   0.837584   0.137480 292 2 93 208 712 610 785 787 
4   1.762676   0.087480 501 864 1020 510 356 314 786 606 
4   0.887589   0.137480 895 672 1018 1221 777 717 714 787 
4   0.937594   0.112480 117 1177 860 818 768 765 719 771 
4   0.962596   0.137480 818 165 172 629 764 722 719 765 
4   1.012601   0.137480 217 735 601 475 739 736 733 764 
4   0.537554   0.262480 333 751 73 24 763 258 695 682 
4   1.062606   0.137480 163 238 247 426 756 678 800 736 
4   1.362636   0.312480 798 638 303 422 1119 1138 1142 881 
4   1.037604   0.187480 113 343 423 528 798 692 732 735 
4   1.062606   0.187480 379 423 343 312 797 800 685 688 
4   1.437644   0.387480 503 669 1031 1153 470 -1 872 1139 
4   1.062606   0.162480 426 312 343 163 798 735 795 680 
4   1.787679   0.062480 993 771 641 1020 556 314 356 803 
4   1.387639   0.387480 951 53 805 1125 872 -1 806 827 
4   1.787679   0.037480 313 177 771 993 312 801 933 309 
4   1.862686   0.037480 919 936 574 212 896 561 522 527 
4   1.412641   0.362480 53 804 443 503 980 1139 872 827 
4   1.362636   0.387480 1032 166 951 1125 1164 802 -1 875 
4   1.987599   0.112480 126 371 894 1121 514 -1 509 1009 
4   1.912691   0.362480 588 61 1084 572 430 720 819 940 
4   1.762676   0.012480 471 313 730 783 933 923 -1 309 
4   1.512651   0.237480 39 1210 162 1119 936 921 948 993 
4   0.837584   0.187480 360 1198 30 1033 709 813 607 712 
4   1.437644   0.262480 719 200 65 1111 303 982 926 992 
4   0.837584   0.212480 1008 1033 30 1005 811 818 574 814 
4   0.812581   0.212480 396 1033 1008 154 813 587 604 607 
4   1.737674   0.037480 193 1097 730 264 923 933 316 306 
4   1.337634   0.287480 194 422 637 469 1138 1084 1090 1142 
4   1.887689   0.087480 699 1232 365 34 870 525 529 1122 
4   0.862586   0.212480 30 1090 755 1005 706 572 813 709 
4   1.912691   0.337480 467 1213 588 572 1021 808 345 433 
4   1.937694   0.312480 358 1213 1045 1000 433 365 978 1021 
4   0.962596   0.237480 293 987 963 1245 698 1145 823 701 
4   1.187619   0.287480 454 628 138 738 885 204 32 730 
4   0.962596   0.262480 293 1245 869 839 824 843 565 821 
4   0.987599   0.262480 869 1245 1001 330 1145 826 644 823 
4   0.212504   0.362497 32 575 1206 27 196 388 1172 107 
4   1.012601   0.262480 95 330 1001 1050 824 237 828 837 
4   1.387639   0.362480 950 804 53 951 805 802 1164 878 
4   1.037604   0.262480 95 1050 684 1143 691 697 830 826 
4   1.712671   0.012480 877 621 604 1097 -1 923 306 304 
4   1.037604   0.287480 95 1143 1099 643 831 834 837 828 
4   1.062606   0.287480 1099 1143 989 337 697 653 27 830 
3   0.287762   0.122868 1454 1450 1428 1534 1441 99 
4   1.162616   0.087480 417 834 239 1237 114 669 666 116 
4   1.037604   0.312480 643 1099 211 60 27 650 836 830 
4   1.712671   0.287480 130 806 922 544 838 953 161 760 
4   1.012601   0.312480 458 643 60 1200 834 457 839 837 
4   1.012601   0.287480 95 643 458 330 836 644 826 830 
4   1.712671   0.312480 624 922 806 1175 835 840 761 747 
4   0.987599   0.312480 1144 458 1200 970 836 844 841 644 
4   1.737674   0.312480 353 1175 806 974 838 760 744 845 
4   0.962596   0.312480 1144 970 224 482 546 562 843 839 
4   1.962696   0.287480 267 855 867 1000 658 978 365 655 
4   0.962596   0.287480 869 1144 482 839 841 563 823 644 
4   0.987599   0.337480 109 970 1200 1107 839 457 846 546 
4   1.737674   0.337480 353 958 45 1175 656 761 840 355 
4   0.987599   0.362480 109 1107 591 1 847 855 544 844 
4   1.012601   0.362480 591 1107 908 1165 457 850 853 846 
4   1.937694   0.237480 1054 813 456 1246 278 368 376 642 
4   1.987599   0.187480 103 959 568 472 1047 1040 618 -1 
4   1.037604   0.362480 908 144 512 1165 638 852 847 650 
4   1.637664   0.362480 1128 234 760 1208 413 774 772 856 
4   1.037604   0.387480 634 1165 512 692 850 857 -1 853 
4   1.012601   0.387480 591 1165 634 1186 852 -1 855 847 
4   1.712671   0.387480 77 733 915 956 1133 -1 753 754 
4   0.987599   0.387480 591 1186 807 1 -1 543 846 853 
4   1.637664   0.387480 705 525 234 1128 858 851 416 -1 
4   1.062606   0.387480 649 692 512 743 852 638 640 -1 
4   1.612661   0.387480 118 1225 234 525 413 856 -1 410 
4   1.937694   0.187480 377 715 359 362 537 975 1040 642 
4   1.087609   0.362480 68 743 1133 1174 638 93 862 640 
4   1.587659   0.362480 1028 1101 1225 823 413 410 406 782 
4   1.112611   0.362480 322 68 1174 1180 860 24 864 635 
4   1.562656   0.337480 725 1028 691 677 406 323 310 782 
4   1.137614   0.362480 322 1180 1204 863 865 868 871 862 
4   1.137614   0.337480 1204 1180 1224 414 24 29 867 864 
4   1.537654   0.387480 680 300 288 1057 869 905 934 -1 
4   1.162616   0.337480 183 1204 414 493 865 69 324 868 
4   1.162616   0.362480 863 1204 183 318 867 549 592 864 
4   1.512651   0.387480 395 750 288 300 947 866 -1 403 
4   1.887689   0.062480 365 1232 919 391 527 522 1038 817 
4   1.137614   0.387480 863 1234 1086 322 -1 635 864 592 
4   1.412641   0.387480 805 53 503 1153 805 799 -1 802 
4   1.962696   0.137480 126 143 674 1168 1153 479 1009 509 
4   1.187619   0.387480 245 786 318 1228 592 549 540 -1 
4   1.337634   0.387480 376 166 1032 1114 806 -1 1101 713 
4   1.912691   0.162480 453 1129 452 359 535 975 537 542 
4   1.212621   0.362480 945 1228 457 1217 549 472 342 540 
4   1.387639   0.337480 804 950 638 656 1119 881 980 827 
4   1.962696   0.337480 358 25 181 399 439 1032 1021 978 
4   1.237624   0.337480 72 935 1217 571 342 472 882 334 
4   1.387639   0.312480 638 798 763 656 1162 1159 878 796 
4   1.237624   0.312480 964 72 571 17 880 200 884 485 
4   0.737574   0.012480 180 533 688 514 277 -1 622 1000 
4   1.237624   0.287480 964 17 893 603 885 889 289 882 
4   1.212621   0.287480 893 17 138 628 200 822 887 884 
4   1.837684   0.137480 595 8 199 801 493 676 1113 1148 
4   1.212621   0.262480 893 628 547 960 730 366 889 885 
4   1.387639   0.087480 283 1042 490 505 1066 962 958 1063 
4   1.237624   0.262480 893 960 52 603 890 488 884 887 
4   1.237624   0.237480 52 960 100 253 366 45 892 889 
4   1.187619   0.187480 484 1192 1201 1251 81 101 50 1128 
4   1.262626   0.237480 455 52 253 809 890 904 894 488 
4   0.262501   0.362490 62 562 374 46 455 107 1228 149 
4   1.287629   0.237480 455 809 87 566 895 1109 350 892 
4   1.287629   0.212480 87 809 1110 1016 904 902 897 894 
4   1.837684   0.037480 574 936 868 214 581 312 559 804 
4   1.312631   0.212480 87 1016 554 769 898 1045 1109 895 
4   1.312631   0.187480 554 1016 1250 339 902 900 971 897 
4   1.812681   0.012480 97 214 177 432 312 309 -1 559 
4   1.312631   0.162480 339 1250 174 900 901 211 969 898 
4   1.287629   0.162480 174 1250 985 1089 902 906 208 900 
4   1.287629   0.187480 1110 985 1250 1016 901 898 895 903 
4   1.262626   0.187480 985 1110 81 1226 904 367 906 902 
4   1.262626   0.212480 253 81 1110 809 903 895 892 45 
4   1.537654   0.362480 691 1057 288 744 866 947 323 406 
4   1.262626   0.162480 985 1226 326 1089 907 408 901 903 
4   1.237624   0.162480 326 1226 246 609 367 362 909 906 
4   1.637664   0.312480 909 116 416 927 774 776 148 758 
4   1.237624   0.137480 195 326 609 899 907 171 911 408 
4   1.762676   0.287480 974 1185 299 171 374 291 744 760 
4   1.237624   0.112480 232 195 899 666 909 690 913 120 
4   0.512526   0.062491 369 347 69 991 412 415 390 1168 
4   1.237624   0.087480 232 666 843 1049 914 202 937 911 
4   1.212621   0.087480 843 666 384 901 690 114 343 913 
4   1.587659   0.237480 892 319 152 461 918 938 1001 1144 
4   0.787579   0.362480 41 13 107 415 1064 489 1072 372 
4   1.187619   0.062480 348 901 834 1243 114 116 118 343 
4   1.587659   0.262480 468 277 152 319 995 915 294 305 
4   1.162616   0.012480 321 215 665 1150 920 924 -1 129 
4   1.162616   0.037480 215 1243 1055 665 116 922 919 118 
4   1.512651   0.262480 542 1119 162 492 810 927 950 930 
4   1.137614   0.037480 665 1055 281 827 665 126 924 920 
4   1.737674   0.012480 730 1097 604 783 829 -1 809 815 
4   1.137614   0.012480 665 827 127 1150 925 -1 919 922 
4   1.112611   0.012480 127 827 586 486 126 154 -1 924 
4   1.462646   0.262480 186 794 719 1111 1154 812 984 930 
4   1.537654   0.262480 162 881 518 492 995 945 921 936 
4   1.462646   0.362480 669 929 524 785 1062 297 470 1139 
4   1.212621   0.012480 1009 1061 488 1102 -1 227 166 129 
4   1.487649   0.262480 186 1119 542 794 921 952 926 948 
4   1.362636   0.037480 198 1064 96 898 960 946 949 957 
4   1.237624   0.037480 560 1102 846 584 227 132 202 166 
4   1.762676   0.037480 313 993 264 730 356 815 809 803 
4   1.562656   0.387480 1057 823 7 680 410 -1 866 406 
4   1.262626   0.062480 1049 584 633 791 132 381 937 202 
4   1.537654   0.237480 315 881 162 1210 927 810 998 938 
4   1.262626   0.087480 232 1049 791 593 935 939 120 913 
4   1.562656   0.237480 152 881 315 461 936 999 915 995 
4   1.287629   0.087480 306 593 791 923 937 381 941 570 
4   1.937694   0.362480 399 1002 61 588 667 808 1021 1032 
4   1.312631   0.087480 693 306 923 409 939 186 943 213 
4   1.562656   0.287480 112 518 277 64 995 305 310 945 
4   1.337634   0.087480 693 409 136 98 944 962 465 941 
4   1.337634   0.062480 136 409 173 96 186 946 960 943 
4   1.537654   0.287480 112 914 492 518 950 927 942 398 
4   1.337634   0.037480 96 173 406 898 180 481 931 944 
4   1.512651   0.362480 750 1071 744 288 328 905 869 297 
4   1.487649   0.237480 39 1119 186 685 930 984 991 810 
4   1.362636   0.012480 198 898 412 1010 481 -1 193 931 
4   1.512651   0.287480 647 542 492 914 921 945 400 952 
4   1.412641   0.012480 573 1139 164 736 193 -1 339 955 
4   1.487649   0.287480 542 647 179 794 956 1154 930 950 
4   1.687669   0.287480 878 544 922 404 835 747 1017 226 
4   1.612661   0.012480 295 717 1214 597 1042 1137 1140 -1 
4   1.412641   0.037480 1139 573 724 792 298 197 957 951 
4   1.487649   0.312480 219 1167 179 647 963 952 400 983 
4   1.387639   0.037480 1139 792 1064 198 958 931 193 955 
4   1.387639   0.062480 1064 792 283 505 197 888 960 957 
4   1.437644   0.337480 428 986 929 443 1062 1139 980 961 
4   1.362636   0.062480 96 1064 505 136 958 962 944 931 
4   1.437644   0.312480 986 428 521 1083 1159 992 963 959 
4   1.362636   0.087480 136 505 490 98 888 964 943 960 
4   1.462646   0.312480 986 1083 179 1167 1154 956 1062 961 
4   1.362636   0.112480 459 98 490 1178 962 1066 966 465 
4   1.612661   0.337480 1101 1209 416 760 776 774 413 782 
4   1.362636   0.137480 459 1178 1183 1199 1156 973 968 964 
4   0.512526   0.112493 683 799 530 1130 1190 390 387 384 
4   1.337634   0.137480 459 1199 900 983 969 211 465 966 
4   1.337634   0.162480 900 1199 241 339 973 971 900 968 
4   1.087609   0.237480 513 1148 242 506 686 59 340 689 
4   1.337634   0.187480 339 241 225 554 972 1045 898 969 
4   1.362636   0.187480 225 241 175 206 973 976 1163 971 
4   1.362636   0.162480 1183 175 241 1199 972 969 966 974 
4   1.387639   0.162480 175 1183 43 732 1156 1073 976 973 
4   1.937694   0.162480 362 359 452 674 876 479 1153 859 
4   1.387639   0.187480 175 732 22 206 977 1054 972 974 
4   1.412641   0.187480 22 732 1187 1021 1073 987 979 976 
4   1.962696   0.312480 867 25 358 1000 879 820 842 661 
4   1.412641   0.212480 779 22 1021 79 977 986 981 1054 
4   1.412641   0.337480 656 428 443 804 959 805 878 1159 
4   1.412641   0.237480 779 79 65 142 982 303 1056 979 
4   1.437644   0.237480 65 79 1239 1111 986 984 812 981 
4   1.487649   0.337480 524 1167 219 1071 956 328 297 1062 
4   1.462646   0.237480 1111 1239 685 186 985 948 926 982 
4   1.462646   0.212480 685 1239 153 1024 986 988 991 984 
4   1.437644   0.212480 1021 153 1239 79 985 982 979 987 
4   1.437644   0.187480 504 153 1021 1187 986 977 1071 988 
4   1.462646   0.187480 153 504 768 1024 1074 990 985 987 
4   1.787679   0.362480 139 778 642 442 1157 302 307 474 
4   1.487649   0.187480 990 1024 768 84 988 1152 994 991 
4   1.487649   0.212480 685 1024 990 39 990 993 948 985 
4   1.437644   0.287480 521 200 719 1083 812 1154 961 382 
4   1.512651   0.212480 39 990 896 1210 994 998 810 991 
4   1.512651   0.187480 896 990 84 280 990 1150 996 993 
4   1.562656   0.262480 152 277 518 881 942 927 938 918 
4   1.537654   0.187480 896 280 28 1013 1127 1003 998 994 
4   1.162616   0.237480 36 870 558 703 42 74 35 39 
4   1.537654   0.212480 896 1013 315 1210 999 936 993 996 
4   1.562656   0.212480 315 1013 596 461 1003 1001 938 998 
4   0.737574   0.037480 265 533 180 620 883 620 391 432 
4   1.587659   0.212480 461 596 66 892 1002 1010 915 999 
4   1.587659   0.187480 66 596 325 1203 1003 1005 1008 1001 
4   1.562656   0.187480 28 325 596 1013 1002 999 996 1004 
4   1.562656   0.162480 1048 325 28 317 1003 1127 1124 1005 
4   1.587659   0.162480 325 1048 1072 1203 1123 1007 1002 1004 
4   1.987599   0.237480 220 599 550 746 -1 1052 278 1047 
4   1.612661   0.162480 589 1203 1072 546 1005 1117 1016 1008 
4   1.612661   0.187480 66 1203 589 305 1007 1015 1010 1002 
4   1.962696   0.112480 126 1168 496 371 632 1037 807 873 
4   1.612661   0.212480 66 305 157 892 1011 1144 1001 1008 
4   1.637664   0.212480 157 305 1254 1252 1015 1013 385 1010 
4   0.762576   0.162480 838 926 438 354 451 222 229 231 
4   1.662666   0.212480 1252 1254 76 670 1014 122 119 1011 
4   1.662666   0.187480 76 1254 205 1081 1015 1018 1022 1013 
4   1.637664   0.187480 589 205 1254 305 1014 1011 1008 1016 
4   1.637664   0.162480 205 589 546 137 1007 1129 1018 1015 
4   1.662666   0.287480 787 878 404 909 953 758 148 115 
4   1.662666   0.162480 205 137 578 1081 1130 1020 1014 1016 
4   0.662566   0.237480 15 335 419 516 599 501 492 459 
4   1.687669   0.162480 1081 578 316 939 1132 1027 1022 1018 
4   1.937694   0.337480 399 588 1213 358 819 820 879 940 
4   1.687669   0.187480 1081 939 393 76 1023 122 1014 1020 
4   1.712671   0.187480 393 939 1059 837 1027 1025 144 1022 
4   1.112611   0.087480 85 381 74 135 675 752 663 666 
4   1.737674   0.187480 837 1059 825 187 1026 369 140 1023 
4   1.737674   0.162480 825 1059 9 1169 1027 1029 364 1025 
4   1.712671   0.162480 316 9 1059 939 1026 1023 1020 1028 
4   1.712671   0.137480 413 9 316 689 1027 1132 1031 1029 
4   1.737674   0.137480 9 413 327 1169 1030 664 1026 1028 
4   1.737674   0.112480 327 413 290 501 1031 606 786 1029 
4   1.712671   0.112480 290 413 689 979 1028 1131 1033 1030 
4   1.962696   0.362480 399 181 854 1002 444 436 940 879 
4   1.712671   0.087480 646 290 979 323 1031 285 1035 606 
4   1.337634   0.337480 1030 788 303 278 1138 1119 713 1136 
4   1.712671   0.062480 646 323 859 193 1036 306 316 1033 
4   1.687669   0.062480 859 323 548 1011 285 609 611 1035 
4   1.962696   0.087480 496 883 132 371 626 514 1009 629 
4   1.912691   0.062480 365 391 576 832 616 710 525 870 
4   1.662666   0.037480 962 1011 678 1027 609 511 757 611 
4   1.962696   0.187480 472 568 377 362 647 859 1153 849 
4   1.687669   0.337480 840 624 1053 1205 761 769 750 747 
4   1.637664   0.012480 780 1027 1214 717 511 954 -1 757 
4   1.337634   0.237480 953 769 436 1196 1045 321 1090 1109 
4   1.562656   0.012480 51 439 557 617 1140 1100 1046 -1 
4   1.337634   0.212480 554 225 436 769 1163 1043 897 971 
4   1.537654   0.012480 934 51 617 943 1044 1099 1048 -1 
4   1.987599   0.212480 599 220 568 959 647 849 -1 1006 
4   1.512651   0.012480 934 943 366 819 1049 1053 -1 1046 
4   1.512651   0.037480 366 943 235 336 1099 1146 1051 1048 
4   1.387639   0.262480 447 626 142 304 1056 303 1162 1160 
4   1.487649   0.037480 366 336 756 835 1085 1057 1053 1049 
4   1.987599   0.262480 618 855 746 550 655 1006 -1 658 
4   1.487649   0.012480 819 366 835 836 1051 1055 -1 1048 
4   1.387639   0.212480 779 976 206 22 1163 976 979 1056 
4   1.462646   0.012480 822 836 835 221 1053 1057 339 -1 
4   1.387639   0.237480 626 976 779 142 1054 981 1050 321 
4   1.462646   0.037480 221 835 756 663 1051 1059 298 1055 
4   0.837584   0.012480 1070 973 888 1216 637 628 625 -1 
4   1.462646   0.062480 668 663 756 500 1057 1085 1086 1060 
4   1.437644   0.062480 724 663 668 40 1059 1158 197 298 
4   0.862586   0.037480 888 275 1118 866 634 631 628 637 
4   1.462646   0.337480 524 929 986 1167 959 963 983 928 
4   1.412641   0.087480 283 40 980 1042 1158 1065 888 197 
4   0.787579   0.337480 38 107 13 885 916 1067 322 378 
4   1.412641   0.112480 231 1042 980 828 1063 1089 1068 1066 
4   1.387639   0.112480 490 1042 231 1178 1065 1156 964 888 
4   0.762576   0.337480 497 885 13 91 1064 372 329 282 
4   1.412641   0.137480 231 828 1126 43 1069 1073 1156 1065 
4   1.437644   0.137480 1126 828 31 830 1089 1075 1071 1068 
4   0.762576   0.387480 532 1022 78 41 518 372 1072 -1 
4   1.437644   0.162480 1126 830 504 1187 1074 987 1073 1069 
4   0.787579   0.387480 415 1015 532 41 -1 1070 916 534 
4   1.412641   0.162480 43 1126 1187 732 1071 977 974 1068 
4   1.462646   0.162480 504 830 297 768 1075 1152 988 1071 
4   1.462646   0.137480 297 830 31 485 1069 1088 1077 1074 
4   1.887689   0.187480 410 453 661 1082 537 452 477 542 
4   1.487649   0.137480 189 297 485 955 1075 1147 1079 1152 
4   0.887589   0.387480 114 1076 917 310 -1 538 552 539 
4   1.512651   0.137480 189 955 223 1253 1080 1126 1150 1077 
4   1.512651   0.112480 853 223 955 762 1079 1147 1082 1092 
4   1.862686   0.112480 595 745 699 844 1122 529 1148 1113 
4   1.512651   0.087480 853 762 1095 747 1083 1146 1091 1080 
4   1.487649   0.087480 1095 762 368 500 1147 1086 1085 1082 
4   1.312631   0.287480 637 1104 622 469 1161 1115 816 1143 
4   1.487649   0.062480 1095 500 756 336 1059 1051 1146 1083 
4   1.462646   0.087480 668 500 368 276 1083 1088 1158 1059 
4   1.287629   0.312480 897 1104 606 925 1143 1095 485 1161 
4   1.462646   0.112480 31 276 368 485 1086 1147 1075 1089 
4   1.437644   0.112480 980 276 31 828 1088 1069 1065 1158 
4   1.337634   0.262480 194 469 953 1196 1115 1043 1160 816 
4   1.537654   0.087480 1124 853 747 340 1082 1097 1094 1092 
4   1.537654   0.112480 853 1124 473 223 1093 1126 1080 1091 
4   1.562656   0.112480 473 1124 146 1202 1094 1120 1124 1092 
4   1.562656   0.087480 1051 146 1124 340 1093 1091 1096 1121 
4   1.287629   0.337480 5 925 606 351 1087 1136 1098 334 
4   1.562656   0.062480 1051 340 1108 810 1097 1100 1102 1094 
4   1.537654   0.062480 1108 340 747 235 1091 1146 1099 1096 
4   1.287629   0.362480 341 5 351 549 1095 1111 1108 1134 
4   1.537654   0.037480 617 1108 235 943 1097 1049 1046 1100 
4   1.562656   0.037480 810 1108 617 557 1099 1044 1141 1096 
4   1.312631   0.387480 101 549 376 1114 1111 875 -1 1108 
4   1.587659   0.062480 1051 810 613 1120 1141 1104 1121 1096 
4   1.262626   0.387480 106 19 341 808 1134 1108 -1 1135 
4   1.612661   0.062480 727 1120 613 753 1102 1137 1107 1105 
4   1.612661   0.087480 1120 727 581 1122 1106 1116 1121 1104 
4   1.637664   0.087480 581 727 345 880 1107 1110 1114 1105 
4   1.637664   0.062480 678 345 727 753 1106 1104 511 609 
4   1.287629   0.387480 341 549 101 808 1101 -1 1103 1098 
4   1.312631   0.237480 769 953 566 87 1115 894 897 1043 
4   1.662666   0.087480 345 548 739 880 285 1112 1106 609 
4   1.312631   0.362480 376 549 351 1030 1098 1136 713 1101 
4   1.662666   0.112480 880 739 718 910 1131 1130 1114 1110 
4   1.837684   0.112480 595 801 26 745 1149 584 1081 886 
4   1.637664   0.112480 581 880 910 1157 1112 1129 1116 1106 
4   1.312631   0.262480 469 622 566 953 350 1109 1090 1084 
4   1.612661   0.112480 581 1157 342 1122 1117 1120 1105 1114 
4   1.612661   0.137480 342 1157 546 1072 1129 1007 1123 1116 
4   0.862586   0.362480 418 248 310 433 552 538 230 555 
4   1.362636   0.337480 303 638 950 278 878 1164 1034 796 
4   1.587659   0.112480 146 1122 342 1202 1116 1123 1093 1121 
4   1.587659   0.087480 1120 1122 146 1051 1120 1094 1102 1105 
4   1.862686   0.087480 1060 1232 699 745 817 1081 584 527 
4   1.587659   0.137480 1048 1202 342 1072 1120 1117 1005 1124 
4   1.562656   0.137480 473 1202 1048 317 1123 1004 1126 1093 
4   1.987599   0.387480 854 517 291 156 -1 -1 436 444 
4   1.537654   0.137480 473 317 1253 223 1127 1079 1092 1124 
4   1.537654   0.162480 1253 317 28 280 1004 996 1150 1126 
4   1.187619   0.212480 558 1192 484 701 891 47 74 42 
4   1.637664   0.137480 546 1157 910 137 1114 1130 1016 1117 
4   1.662666   0.137480 137 910 718 578 1112 1132 1018 1129 
4   1.687669   0.112480 689 718 739 979 1112 285 1031 1132 
4   1.687669   0.137480 578 718 689 316 1131 1028 1020 1130 
4   1.737674   0.387480 875 915 733 704 854 656 742 -1 
4   1.262626   0.362480 5 341 19 935 1103 342 334 1098 
4   1.237624   0.387480 168 945 19 106 342 1103 -1 540 
4   1.312631   0.337480 351 606 788 1030 1143 1034 1111 1095 
4   1.612661   0.037480 753 613 597 1214 1141 954 511 1104 
4   1.337634   0.312480 303 788 637 422 1143 816 796 1034 
4   1.437644   0.362480 443 929 669 503 928 799 805 959 
4   1.587659   0.012480 295 597 557 439 1141 1044 -1 954 
4   1.587659   0.037480 557 597 613 810 1137 1102 1100 1140 
4   1.362636   0.287480 194 447 798 422 1162 796 816 1160 
4   1.312631   0.312480 606 1104 637 788 1084 1138 1136 1087 
4   1.612661   0.237480 237 319 892 157 915 1010 385 294 
4   0.987599   0.237480 963 906 1001 1245 237 824 821 696 
4   1.512651   0.062480 747 1095 336 235 1085 1049 1097 1082 
4   1.487649   0.112480 368 762 955 485 1080 1077 1088 1083 
4   1.862686   0.137480 595 844 464 8 545 483 886 1081 
4   1.812681   0.112480 284 26 801 1043 1113 676 779 553 
4   1.512651   0.162480 189 1253 280 84 1127 994 1152 1079 
4   1.987599   0.012480 1069 675 50 1191 519 -1 -1 517 
4   1.487649   0.162480 297 189 84 768 1150 990 1074 1077 
4   1.962696   0.162480 362 674 143 472 873 618 1040 975 
4   1.462646   0.287480 719 794 179 1083 952 963 992 926 
4   1.787679   0.237480 328 1134 658 933 212 223 228 287 
4   1.387639   0.137480 1178 231 43 1183 1068 974 966 1066 
4   1.762676   0.362480 958 642 778 704 989 742 656 355 
4   1.437644   0.087480 276 980 40 668 1063 1060 1086 1089 
4   1.412641   0.312480 521 428 656 763 980 881 382 961 
4   1.362636   0.262480 194 1196 626 447 321 1050 1142 1090 
4   1.287629   0.287480 622 1104 897 734 1087 289 350 1084 
4   1.387639   0.287480 447 304 763 798 382 881 1142 1050 
4   1.362636   0.212480 206 976 436 225 321 1045 972 1054 
4   1.362636   0.362480 166 278 950 951 1119 827 806 713 
3   0.493756   0.312526 1280 133 570 319 1366 1241 
3   0.487499   0.346198 1344 185 167 124 1167 1178 
3   0.472378   0.338164 1344 167 1281 1240 1365 1166 
3   0.496252   0.062501 1362 347 369 912 1245 1197 
3   0.437524   0.057085 1284 1038 653 371 1286 1198 
3   0.203884   0.062486 1356 207 203 327 1212 1390 
3   0.206266   0.087474 1285 222 207 52 1390 1315 
3   0.212486   0.346154 1363 32 27 825 1231 1404 
3   0.237474   0.343750 1286 46 32 107 1404 1185 
3   0.356945   0.252749 1277 1276 1302 1253 1192 -1 
3   0.425946   0.335653 1290 140 1287 1252 1176 1251 
3   0.425530   0.322113 1345 1290 1287 1175 1342 1399 
3   0.390845   0.231341 1289 1274 1273 -1 1222 1242 
3   0.496152   0.337514 1344 570 185 1575 1166 1366 
3   0.450546   0.335846 1281 158 1290 1251 1368 1240 
3   0.472737   0.198285 1370 1294 1293 1265 1450 1376 
3   0.469786   0.223942 1293 1292 1386 1336 1450 1263 
3   0.493562   0.187514 1294 594 491 271 1265 1273 
3   0.493779   0.162511 1298 821 594 270 1273 1202 
3   0.308394   0.231925 1296 1257 1256 -1 1186 1275 
3   0.249417   0.335727 1337 46 1286 1173 1232 1228 
3   0.309777   0.240841 1296 1256 1295 1267 1410 1184 
3   0.321048   0.249051 1279 1297 1295 1396 1267 1271 
3   0.493472   0.137509 1300 799 821 384 1202 1277 
3   0.297144   0.206959 1328 1259 1258 -1 1334 1332 
3   0.492944   0.112506 1303 530 799 967 1277 1243 
3   0.333627   0.254636 1278 1301 1297 1224 1271 1280 
3   0.347734   0.257494 1277 1302 1301 1339 1280 1174 
3   0.493932   0.087504 1283 369 530 390 1243 1245 
3   0.462526   0.056103 653 842 1304 1402 1286 373 
3   0.406020   0.241840 1404 1364 1348 1367 1511 1489 
3   0.416080   0.213558 1349 1346 1305 1370 1375 1417 
3   0.487514   0.053779 842 347 1362 1168 1402 411 
3   0.426383   0.064264 1307 1038 1284 1169 1285 1244 
3   0.401398   0.063829 1308 848 1307 1244 1415 1292 
3   0.337514   0.057245 1313 56 630 358 1303 1307 
3   0.400380   0.179132 1310 1270 1269 -1 1246 1274 
3   0.486107   0.148954 1300 821 1298 1183 1420 1188 
3   0.472301   0.124241 1300 1350 1303 1414 1277 1297 
3   0.391737   0.167974 1311 1269 1268 -1 1291 1246 
3   0.312511   0.057427 1315 1162 56 354 1307 1310 
3   0.381587   0.158835 1312 1268 1267 -1 1293 1291 
3   0.287509   0.057233 1316 434 1162 318 1310 1211 
3   0.235585   0.085591 1285 1320 1351 1380 1318 1389 
3   0.400957   0.154875 1375 1311 1377 1377 1492 1428 
3   0.364555   0.137898 1379 1314 1317 1296 1299 1311 
3   0.274624   0.064719 1319 434 1316 1207 1388 1309 
3   0.212501   0.053864 1356 203 445 88 1217 1170 
3   0.336601   0.134125 1354 1353 1318 1383 1385 1503 
3   0.260093   0.087946 1355 1351 1319 1380 1388 1514 
3   0.320579   0.151180 1263 1322 1321 1392 1319 1322 
3   0.309685   0.159730 1323 1322 1262 1322 1323 1325 
3   0.227728   0.061895 1356 445 1320 1316 1389 1212 
3   0.301180   0.170598 1261 1325 1323 1331 1323 1327 
3   0.276095   0.106990 1418 1355 1428 1440 1534 1514 
3   0.295388   0.183334 1260 1327 1325 1478 1327 1221 
3   0.298032   0.193158 1259 1327 1260 1220 -1 1332 
3   0.399089   0.228883 1273 1329 1289 1369 1177 1288 
3   0.236969   0.164243 1387 1330 1384 1394 1337 1446 
3   0.332046   0.259078 1359 1297 1301 1191 1341 1279 
3   0.400880   0.336089 1332 1287 128 1252 1226 1282 
3   0.387489   0.343737 1332 128 94 94 1227 1225 
3   0.376127   0.336171 1332 94 1333 1344 1343 1226 
3   0.262476   0.342572 1337 62 46 893 1185 1230 
3   0.325745   0.335299 88 1335 1334 1464 1346 1348 
3   0.274289   0.335299 1336 62 1337 1228 1397 1268 
3   0.203791   0.337499 1363 27 18 82 1249 1172 
3   0.248272   0.319318 1360 1337 1286 1185 1355 1469 
3   0.310336   0.252431 1395 1295 1366 1396 1546 1410 
3   0.206519   0.262491 1340 298 272 108 1276 1269 
3   0.206176   0.237489 1341 272 271 63 1236 1276 
3   0.213782   0.226137 1341 271 1342 1328 1482 1235 
3   0.492772   0.262521 1291 995 611 682 1255 1262 
3   0.492585   0.287524 1282 611 133 737 1241 1255 
3   0.469339   0.301678 1361 1282 1280 1241 1257 1258 
3   0.462496   0.343869 1281 167 158 90 1179 1167 
3   0.485725   0.300542 1282 133 1280 1165 1239 1238 
3   0.390888   0.240147 1288 1274 1289 1177 1374 1254 
3   0.485908   0.099242 1303 1283 530 1193 1190 1378 
3   0.412521   0.056535 1307 848 1038 363 1198 1199 
3   0.488202   0.077480 1362 369 1283 1193 1401 1168 
3   0.401112   0.170003 1310 1269 1311 1204 1428 1201 
3   0.214671   0.124522 1326 227 1324 1248 1379 1326 
3   0.207408   0.112476 1324 227 222 51 1315 1247 
3   0.211826   0.322385 1363 18 1338 1353 1403 1231 
3   0.300160   0.335306 1335 70 1336 1268 1349 1348 
3   0.437494   0.342873 1290 158 140 91 1175 1179 
3   0.412491   0.343413 1287 140 128 103 1225 1175 
3   0.364151   0.257546 1302 1276 1331 1281 1412 1174 
3   0.381899   0.241572 1288 1275 1274 -1 1242 1340 
3   0.485302   0.275657 1291 611 1282 1238 1400 1237 
3   0.393755   0.251558 1367 1288 1364 1374 1486 1406 
3   0.464604   0.314758 1361 1280 1281 1365 1368 1239 
3   0.462173   0.290484 1365 1282 1361 1239 1259 1400 
3   0.449077   0.289174 1361 1406 1365 1490 1258 1405 
3   0.492598   0.237519 1292 134 995 766 1262 1263 
3   0.492837   0.212516 1293 491 134 601 1263 1265 
3   0.485316   0.249781 1292 995 1291 1237 1372 1260 
3   0.485312   0.224192 1293 134 1292 1260 1181 1261 
3   0.401847   0.206826 1305 1272 1271 -1 1266 1335 
3   0.485758   0.198849 1294 491 1293 1261 1180 1182 
3   0.407545   0.202167 1305 1271 1306 1289 1375 1264 
3   0.318641   0.240867 1295 1256 1279 -1 1187 1186 
3   0.287479   0.342754 1336 70 62 149 1230 1250 
3   0.214321   0.275947 1339 298 1340 1234 1475 1356 
3   0.299576   0.220887 1299 1258 1257 -1 1275 1334 
3   0.330263   0.247650 1297 1279 1278 -1 1191 1187 
3   0.351070   0.335745 1333 92 1334 1346 1345 1344 
3   0.486183   0.173756 1298 594 1294 1182 1418 1183 
3   0.407611   0.185601 1306 1270 1310 1201 1419 1289 
3   0.298689   0.229338 1299 1257 1296 1184 1468 1270 
3   0.213874   0.250882 1340 272 1341 1235 1360 1234 
3   0.485689   0.123844 1303 799 1300 1188 1203 1190 
3   0.403033   0.102356 1407 1411 1374 1500 1491 1523 
3   0.322470   0.259946 1366 1297 1359 1224 1455 1396 
3   0.343174   0.251850 1301 1278 1277 -1 1192 1191 
3   0.370854   0.250347 1276 1275 1331 1340 1253 -1 
3   0.400626   0.323448 1390 1287 1332 1225 1454 1342 
3   0.465038   0.085011 1368 1304 1283 1401 1378 1413 
3   0.439509   0.099867 1369 1368 1408 1422 1494 1416 
3   0.425962   0.077718 1369 1307 1284 1198 1416 1382 
3   0.450868   0.064078 1304 1284 653 1169 1194 1413 
3   0.415397   0.230552 1409 1348 1346 1371 1520 1511 
3   0.397636   0.219732 1329 1273 1272 -1 1335 1222 
3   0.402741   0.193057 1306 1271 1270 -1 1274 1266 
3   0.428585   0.198395 1461 1349 1373 1298 83 1424 
3   0.389520   0.158166 1311 1268 1312 1206 1377 1204 
3   0.387519   0.056251 1308 33 848 336 1199 1295 
3   0.377286   0.149330 1312 1267 1314 1305 1381 1206 
3   0.362516   0.056526 1309 630 33 311 1295 1303 
3   0.376687   0.063779 1309 33 1308 1292 1426 1294 
3   0.363133   0.143765 1314 1266 1317 1312 1210 1305 
3   0.465486   0.135817 1350 1300 1372 1420 1502 1203 
3   0.419536   0.197070 1373 1349 1306 1375 1419 1290 
3   0.354923   0.130518 1379 1317 1353 1383 1314 1210 
3   0.419096   0.178274 1373 1310 1424 1521 1526 1419 
3   0.387012   0.131739 1423 1352 1427 1531 1436 1425 
3   0.444409   0.124735 1408 1350 1412 1502 1527 1422 
3   0.351607   0.064259 1313 630 1309 1294 1429 1200 
3   0.347961   0.142477 1317 1265 1318 1313 1383 1312 
3   0.369963   0.151806 1314 1267 1266 -1 1296 1293 
3   0.366476   0.084024 1378 1309 1376 1426 1435 1429 
3   0.326203   0.064717 1315 56 1313 1200 1434 1205 
3   0.333456   0.145312 1318 1264 1321 1319 1385 1313 
3   0.262506   0.057436 1319 978 434 353 1211 1317 
3   0.300539   0.064693 1316 1162 1315 1205 1438 1207 
3   0.373199   0.134932 1379 1352 1314 1381 1210 1531 
3   0.356830   0.148122 1317 1266 1265 -1 1304 1296 
3   0.343228   0.148560 1318 1265 1264 -1 1308 1304 
3   0.354514   0.122827 1460 1379 1353 1299 54 1433 
3   0.214305   0.099648 1324 222 1285 1171 1318 1248 
3   0.237504   0.056272 1320 445 978 331 1317 1217 
3   0.249690   0.064322 1320 978 1319 1309 1380 1316 
3   0.230723   0.098539 1351 1324 1285 1315 1208 1387 
3   0.330337   0.152530 1321 1264 1263 -1 1215 1308 
3   0.309108   0.148750 1382 1322 1357 1325 1393 1392 
3   0.321691   0.140338 1382 1354 1321 1385 1392 1488 
3   0.318899   0.159469 1322 1263 1262 -1 1216 1215 
3   0.309408   0.168852 1323 1262 1261 -1 1218 1216 
3   0.214604   0.150318 1330 240 1326 1326 1394 1330 
3   0.307396   0.157411 1357 1322 1323 1216 1329 1320 
3   0.207162   0.137479 1326 240 227 65 1247 1324 
3   0.302292   0.180239 1325 1261 1260 -1 1220 1218 
3   0.206365   0.212486 1342 271 261 60 1364 1236 
3   0.298613   0.159125 1357 1323 1383 1331 1505 1325 
3   0.207297   0.162481 1330 251 240 57 1324 1363 
3   0.298062   0.168584 1383 1323 1325 1218 1362 1329 
3   0.292468   0.197601 1327 1259 1328 1189 1474 1221 
3   0.233413   0.239440 1401 1341 1402 1482 1566 1360 
3   0.292404   0.214084 1328 1258 1299 1270 1472 1189 
3   0.404677   0.216302 1329 1272 1305 1264 1370 1288 
3   0.462706   0.235858 1386 1292 1347 1372 1407 1181 
3   0.248026   0.163103 1414 1387 1384 1223 1444 1506 
3   0.207066   0.187484 1343 261 251 110 1363 1364 
3   0.347010   0.263401 1389 1301 1302 1192 1456 1341 
3   0.379415   0.251236 1331 1275 1288 1254 1406 1281 
3   0.336310   0.266012 1359 1301 1389 1339 1461 1224 
3   0.413734   0.315396 1390 1345 1287 1176 1282 1411 
3   0.376258   0.323696 1391 1332 1333 1227 1395 1454 
3   0.362486   0.343530 1333 94 92 95 1272 1227 
3   0.351631   0.322666 1392 1333 1334 1272 1347 1395 
3   0.337484   0.342812 1334 92 88 96 1229 1272 
3   0.339266   0.313246 1393 1392 1334 1345 1464 1463 
3   0.312481   0.342577 1335 88 70 460 1250 1229 
3   0.300020   0.321555 1394 1335 1336 1250 1351 1409 
3   0.260718   0.299056 1415 1396 1360 1469 1467 1557 
3   0.286868   0.313861 1396 1394 1336 1349 1397 1508 
3   0.298269   0.243707 1397 1296 1395 1410 1558 1468 
3   0.206104   0.312496 1338 18 3 383 1354 1249 
3   0.214136   0.300552 1338 3 1339 1356 1398 1353 
3   0.235189   0.314613 1360 1286 1338 1403 1398 1232 
3   0.207080   0.287494 1339 3 298 105 1269 1354 
3   0.280762   0.221269 1398 1299 1444 1564 1479 1472 
3   0.237158   0.290383 1399 1360 1339 1398 1475 1467 
3   0.280335   0.202597 1400 1328 1398 1472 1509 1474 
3   0.226385   0.250617 1401 1340 1341 1276 1333 1471 
3   0.245558   0.215997 1416 1402 1385 1473 1451 1510 
3   0.290109   0.171495 1383 1325 1403 1478 1571 1331 
3   0.214610   0.175822 1343 251 1330 1330 1446 1338 
3   0.214191   0.201099 1343 1342 261 1328 1338 1447 
3   0.474819   0.324945 1344 1281 1280 1257 1366 1167 
3   0.488132   0.322414 1344 1280 570 1165 1178 1365 
3   0.402477   0.239518 1364 1289 1348 1369 1195 1374 
3   0.451491   0.319697 1361 1281 1290 1179 1399 1257 
3   0.402214   0.230725 1348 1289 1329 1222 1371 1367 
3   0.409097   0.217878 1346 1329 1305 1335 1196 1371 
3   0.409999   0.227402 1348 1329 1346 1370 1287 1369 
3   0.471601   0.249917 1347 1292 1291 1262 1408 1336 
3   0.414554   0.253528 1452 1420 1404 1489 1495 1515 
3   0.393941   0.242692 1364 1288 1289 1242 1367 1256 
3   0.413418   0.202878 1349 1305 1306 1266 1298 1196 
3   0.466029   0.184466 1371 1294 1370 1180 1498 1418 
3   0.392128   0.155026 1311 1312 1377 1432 1209 1291 
3   0.469867   0.098314 1368 1283 1303 1243 1414 1283 
3   0.228744   0.124715 1358 1326 1324 1247 1387 1443 
3   0.248560   0.080731 1351 1320 1319 1317 1214 1208 
3   0.379107   0.146142 1352 1312 1314 1293 1311 1432 
3   0.414709   0.084368 1374 1307 1369 1285 1491 1415 
3   0.347587   0.137693 1353 1317 1318 1304 1213 1299 
3   0.340301   0.086904 1380 1313 1378 1429 1529 1434 
3   0.332143   0.141462 1354 1318 1321 1308 1321 1213 
3   0.287551   0.086091 1355 1316 1381 1438 1440 1388 
3   0.237870   0.110020 1358 1324 1351 1318 1391 1379 
3   0.274782   0.078821 1355 1319 1316 1211 1386 1214 
3   0.225192   0.075181 1356 1320 1285 1208 1390 1217 
3   0.211889   0.077711 1356 1285 207 1171 1170 1389 
3   0.251298   0.111471 1358 1351 1418 1514 1539 1387 
3   0.318786   0.148306 1382 1321 1322 1215 1320 1321 
3   0.305519   0.144357 1429 1382 1357 1320 1542 203 
3   0.228169   0.150216 1384 1330 1326 1324 1443 1223 
3   0.365322   0.315982 1391 1333 1392 1345 1551 1343 
3   0.319194   0.252202 1366 1295 1297 1187 1279 1233 
3   0.274421   0.321185 1396 1336 1337 1230 1469 1351 
3   0.230224   0.301473 1360 1338 1339 1354 1358 1355 
3   0.440389   0.312759 1361 1290 1345 1176 1405 1368 
3   0.471215   0.275519 1365 1291 1282 1255 1258 1408 
3   0.474999   0.075066 1362 1283 1304 1283 1402 1245 
3   0.472558   0.061803 1362 1304 842 1194 1197 1401 
3   0.225025   0.324807 1363 1338 1286 1355 1404 1249 
3   0.227564   0.338133 1363 1286 32 1173 1172 1403 
3   0.438730   0.299784 1406 1361 1345 1399 1550 1259 
3   0.382898   0.255306 1367 1331 1288 1340 1256 1518 
3   0.451384   0.237021 1417 1386 1347 1336 1516 1512 
3   0.463890   0.263022 1365 1347 1291 1372 1400 1485 
3   0.314024   0.312665 1393 1335 1394 1349 1545 1464 
3   0.307207   0.243929 1395 1296 1295 1186 1233 1352 
3   0.412720   0.303111 1436 1345 1390 1342 1554 1550 
3   0.364835   0.264115 1388 1302 1331 1253 1453 1456 
3   0.451796   0.080228 1368 1284 1304 1286 1283 1416 
3   0.462942   0.109067 1368 1303 1350 1203 1422 1378 
3   0.401164   0.076389 1374 1308 1307 1199 1382 1430 
3   0.441187   0.087021 1369 1284 1368 1413 1284 1285 
3   0.423552   0.216277 1421 1346 1349 1196 1424 1520 
3   0.473788   0.173618 1371 1298 1294 1273 1376 1421 
3   0.414054   0.184908 1373 1306 1310 1274 1300 1298 
3   0.473576   0.149193 1372 1300 1298 1202 1421 1297 
3   0.466485   0.160237 1372 1298 1371 1418 1423 1420 
3   0.450252   0.110650 1408 1368 1350 1414 1302 1284 
3   0.454644   0.160428 1422 1372 1371 1421 1497 1522 
3   0.431399   0.211086 1461 1421 1349 1417 1290 86 
3   0.390154   0.141849 1423 1377 1352 1432 1301 1524 
3   0.376859   0.076305 1376 1309 1308 1295 1430 1306 
3   0.436632   0.170281 1422 1410 1424 1526 1431 1497 
3   0.405220   0.166483 1375 1310 1311 1246 1209 1521 
3   0.352186   0.077498 1378 1313 1309 1303 1306 1384 
3   0.390556   0.083375 1376 1308 1374 1415 1500 1426 
3   0.430255   0.158420 1422 1424 1449 1528 1525 1427 
3   0.387978   0.145048 1377 1312 1352 1381 1425 1377 
3   0.360556   0.116619 1426 1379 1460 1314 66 1530 
3   0.326418   0.080299 1380 1315 1313 1307 1384 1439 
3   0.367307   0.096139 1426 1378 1376 1306 1499 66 
3   0.393238   0.126139 1448 1423 1427 1301 1574 1573 
3   0.321764   0.107448 1380 1413 1405 1442 1487 1504 
3   0.300396   0.078343 1381 1316 1315 1310 1439 1386 
3   0.314804   0.087339 1381 1315 1380 1434 1487 1438 
3   0.287901   0.098329 1428 1355 1381 1386 1533 1219 
3   0.299063   0.114033 1454 1428 1405 1533 1537 832 
3   0.317715   0.118845 1405 1413 1430 1538 1537 1437 
3   0.235902   0.137314 1384 1326 1358 1379 1513 1394 
3   0.254785   0.148743 1384 1431 1414 1541 1337 1513 
3   0.289623   0.139589 1429 1432 1450 49 99 1542 
3   0.229957   0.176057 1387 1343 1330 1363 1223 1452 
3   0.227086   0.201637 1385 1342 1343 1364 1452 1473 
3   0.283803   0.185934 1403 1327 1400 1474 1544 1478 
3   0.451835   0.208683 1386 1461 1370 1519 1450 86 
3   0.463287   0.210588 1386 1370 1293 1180 1181 1449 
3   0.253278   0.206806 1462 1416 1385 1361 1483 102 
3   0.236491   0.189334 1387 1385 1343 1447 1446 1483 
3   0.371329   0.269045 1388 1331 1435 1518 1457 1412 
3   0.389441   0.316433 1390 1332 1391 1343 1548 1282 
3   0.319316   0.265363 1434 1366 1359 1279 1556 1559 
3   0.352734   0.269460 1389 1302 1388 1412 1459 1339 
3   0.370883   0.280237 1437 1388 1435 1453 1553 330 
3   0.431194   0.272849 1419 1406 1453 1517 104 1490 
3   0.351381   0.278549 1463 1389 1388 1456 330 1552 
3   0.400384   0.285919 1456 1436 1438 1554 1549 242 
3   0.333580   0.273507 1439 1359 1389 1341 1552 1556 
3   0.379121   0.297763 1437 1438 1391 1548 1551 1553 
3   0.341169   0.301766 1393 1463 1392 1555 1347 163 
3   0.325989   0.319734 1393 1334 1335 1229 1409 1347 
3   0.305360   0.270238 1440 1434 1457 68 111 1559 
3   0.317288   0.281164 1434 1439 1441 1560 68 1556 
3   0.250061   0.288708 1415 1360 1399 1358 1476 1350 
3   0.294563   0.232879 1397 1299 1296 1275 1352 1564 
3   0.259414   0.312166 1396 1337 1360 1232 1350 1397 
3   0.298082   0.283904 1457 1441 1442 1562 85 68 
3   0.234481   0.263729 1399 1340 1401 1360 1567 1475 
3   0.285675   0.214776 1398 1328 1299 1334 1357 1359 
3   0.233824   0.215337 1402 1342 1385 1447 1361 1482 
3   0.286424   0.196841 1400 1327 1328 1332 1359 1448 
3   0.227757   0.275518 1399 1339 1340 1269 1471 1358 
3   0.255566   0.274307 1445 1415 1399 1467 1567 1563 
3   0.268331   0.188566 1400 1462 1433 89 1544 1509 
3   0.290880   0.181670 1403 1325 1327 1220 1448 1362 
3   0.269499   0.220832 1416 1398 1444 1357 1569 102 
3   0.276983   0.281163 1442 1415 1458 1563 85 1557 
3   0.263855   0.250355 1459 1445 1446 1570 1568 55 
3   0.226103   0.226252 1402 1341 1342 1236 1473 1333 
3   0.247889   0.191177 1462 1385 1387 1452 89 1451 
3   0.280786   0.154289 1455 1432 1447 1540 301 49 
3   0.451547   0.262727 1419 1347 1365 1408 1490 1516 
3   0.399386   0.255417 1420 1367 1364 1256 1489 377 
3   0.313613   0.098247 1405 1381 1380 1439 1437 1533 
3   0.318779   0.135134 1430 1354 1382 1321 203 1538 
3   0.406802   0.250770 1420 1364 1404 1195 1373 1486 
3   0.443050   0.274852 1406 1419 1365 1485 1259 1458 
3   0.413694   0.096454 1407 1374 1369 1382 1494 1278 
3   0.404944   0.149226 1425 1375 1377 1209 1524 693 
3   0.410194   0.130486 1425 1448 1451 220 92 1573 
3   0.425684   0.105414 1408 1407 1369 1491 1284 1501 
3   0.420282   0.244471 1452 1404 1409 1511 219 1373 
3   0.431218   0.232564 1409 1421 1417 1512 219 1520 
3   0.447797   0.170441 1410 1422 1371 1423 1498 1427 
3   0.454257   0.183769 1410 1371 1370 1376 1519 1497 
3   0.380973   0.101974 1411 1426 1376 1435 1500 1532 
3   0.390441   0.095122 1411 1376 1374 1430 1278 1499 
3   0.423057   0.117071 1451 1407 1408 1494 1527 220 
3   0.453335   0.136775 1412 1350 1372 1297 1522 1302 
3   0.334404   0.127064 1413 1353 1354 1213 1538 54 
3   0.335765   0.107033 1413 1380 1460 1529 54 1437 
3   0.294233   0.155388 1432 1357 1383 1329 1540 1542 
3   0.256837   0.171086 1414 1433 1387 89 1337 1572 
3   0.299035   0.256755 1443 1395 1440 1546 111 1558 
3   0.287154   0.301503 1442 1394 1396 1351 1557 1562 
3   0.271192   0.201244 1462 1400 1398 1359 102 1477 
3   0.251997   0.229109 1416 1446 1402 1566 1361 1569 
3   0.414503   0.238781 1404 1348 1409 1287 1495 1195 
3   0.442684   0.228945 1417 1421 1386 86 1407 1496 
3   0.248211   0.137742 1431 1384 1358 1443 1539 1444 
3   0.261482   0.101295 1418 1351 1355 1214 1219 1391 
3   0.417302   0.260564 1453 1420 1452 1373 104 100 
3   0.444546   0.251591 1419 1417 1347 1407 1485 97 
3   0.421798   0.282448 1453 1406 1436 1550 242 1458 
3   0.382105   0.264272 1435 1331 1367 1406 1547 1453 
3   0.446495   0.192899 1461 1410 1370 1498 1449 83 
3   0.423702   0.227245 1421 1409 1346 1287 1417 1496 
3   0.414038   0.167144 1424 1310 1375 1428 1528 1300 
3   0.447141   0.147943 1422 1412 1372 1502 1423 1525 
3   0.402065   0.112935 1448 1411 1407 1278 220 1574 
3   0.399846   0.140903 1423 1425 1377 1492 1425 1573 
3   0.436025   0.148873 1449 1412 1422 1522 1431 718 
3   0.430218   0.178680 1424 1410 1373 83 1300 1427 
3   0.432762   0.127078 1451 1408 1412 1302 718 1501 
3   0.420129   0.158827 1449 1424 1375 1521 693 1431 
3   0.342206   0.098831 1460 1380 1378 1384 66 1504 
3   0.373532   0.120175 1426 1427 1379 1531 1433 1532 
3   0.375951   0.130310 1427 1352 1379 1311 1530 1301 
3   0.381548   0.112770 1427 1426 1411 1499 1574 1530 
3   0.299099   0.105131 1428 1381 1405 1487 1441 1440 
3   0.278667   0.120110 1450 1418 1428 1219 832 1535 
3   0.270095   0.128674 1431 1418 1450 1534 87 1539 
3   0.304558   0.131026 1454 1430 1429 203 99 1537 
3   0.307239   0.121058 1430 1454 1405 1441 1442 1536 
3   0.322480   0.126473 1430 1413 1354 1503 1488 1442 
3   0.256851   0.125962 1431 1358 1418 1391 1535 1513 
3   0.285530   0.157951 1383 1447 1432 1484 1505 1571 
3   0.263895   0.148796 1455 1414 1431 1444 87 301 
3   0.295942   0.146036 1432 1429 1357 1393 1505 1445 
3   0.275966   0.171993 1433 1447 1403 1571 1544 1572 
3   0.276305   0.183199 1433 1403 1400 1448 1477 1543 
3   0.312855   0.301314 1441 1393 1394 1409 1562 1560 
3   0.308016   0.255979 1440 1395 1366 1233 1559 1507 
3   0.390357   0.270179 1435 1367 1456 377 1549 1518 
3   0.389229   0.304515 1438 1390 1391 1454 1462 1554 
3   0.390765   0.280341 1438 1435 1456 1547 1460 1553 
3   0.424323   0.294273 1436 1406 1345 1405 1411 1517 
3   0.366018   0.304161 1437 1391 1392 1395 1555 1462 
3   0.338752   0.281323 1463 1439 1389 1461 1459 163 
3   0.379279   0.286559 1438 1437 1435 1457 1549 1462 
3   0.401372   0.297096 1438 1436 1390 1411 1548 1460 
3   0.356844   0.296439 1463 1437 1392 1551 1463 330 
3   0.322606   0.273641 1439 1434 1359 1455 1461 1466 
3   0.274990   0.293016 1442 1396 1415 1350 1480 1508 
3   0.294414   0.249349 1443 1397 1395 1352 1507 58 
3   0.311049   0.264450 1440 1366 1434 1455 1465 1546 
3   0.320904   0.292632 1441 1439 1393 163 1545 1466 
3   0.289241   0.267269 1458 1443 1457 111 85 61 
3   0.298257   0.294494 1442 1441 1394 1545 1508 1470 
3   0.267354   0.271766 1458 1415 1445 1476 55 1480 
3   0.285513   0.232057 1444 1299 1397 1468 1565 1357 
3   0.279612   0.240318 1444 1397 1459 58 1568 1564 
3   0.245250   0.239211 1446 1401 1402 1333 1510 1570 
3   0.246690   0.262699 1445 1399 1401 1471 1570 1476 
3   0.269422   0.240737 1446 1444 1459 1565 1481 1569 
3   0.263189   0.229241 1446 1416 1444 1479 1568 1510 
3   0.252701   0.251358 1446 1445 1401 1567 1566 1481 
3   0.284744   0.168294 1447 1383 1403 1362 1543 1540 
3   0.268494   0.167032 1447 1433 1414 1506 301 1543 
3   0.403081   0.133009 1448 1425 1423 1524 1436 1493 
3   0.393451   0.118202 1448 1427 1411 1532 1523 1436 
4   0.512533   0.337497 570 1052 273 185 728 123 1178 319 
