202
-0.500000 0.866025 0
0.500000 0.866025 0
1.500000 0.866025 0
2.500000 0.866025 0
3.500000 0.866025 0
4.500000 0.866025 0
5.500000 0.866025 0
6.500000 0.866025 0
7.500000 0.866025 0
8.500000 0.866025 0
9.500000 0.866025 0
10.500000 0.866025 0
11.500000 0.866025 0
12.500000 0.866025 0
13.500000 0.866025 0
14.500000 0.866025 0
15.500000 0.866025 0
16.500000 0.866025 0
17.500000 0.866025 0
18.500000 0.866025 0
19.500000 0.866025 0
20.500000 0.866025 0
21.500000 0.866025 0
22.500000 0.866025 0
23.500000 0.866025 0
24.500000 0.866025 0
25.500000 0.866025 0
26.500000 0.866025 0
27.500000 0.866025 0
28.500000 0.866025 0
29.500000 0.866025 0
30.500000 0.866025 0
31.500000 0.866025 0
32.500000 0.866025 0
33.500000 0.866025 0
34.500000 0.866025 0
35.500000 0.866025 0
36.500000 0.866025 0
37.500000 0.866025 0
38.500000 0.866025 0
39.500000 0.866025 0
40.500000 0.866025 0
41.500000 0.866025 0
42.500000 0.866025 0
43.500000 0.866025 0
44.500000 0.866025 0
45.500000 0.866025 0
46.500000 0.866025 0
47.500000 0.866025 0
48.500000 0.866025 0
49.500000 0.866025 0
50.500000 0.866025 0
51.500000 0.866025 0
52.500000 0.866025 0
53.500000 0.866025 0
54.500000 0.866025 0
55.500000 0.866025 0
56.500000 0.866025 0
57.500000 0.866025 0
58.500000 0.866025 0
59.500000 0.866025 0
60.500000 0.866025 0
61.500000 0.866025 0
62.500000 0.866025 0
63.500000 0.866025 0
64.500000 0.866025 0
65.500000 0.866025 0
66.500000 0.866025 0
67.500000 0.866025 0
68.500000 0.866025 0
69.500000 0.866025 0
70.500000 0.866025 0
71.500000 0.866025 0
72.500000 0.866025 0
73.500000 0.866025 0
74.500000 0.866025 0
75.500000 0.866025 0
76.500000 0.866025 0
77.500000 0.866025 0
78.500000 0.866025 0
79.500000 0.866025 0
80.500000 0.866025 0
81.500000 0.866025 0
82.500000 0.866025 0
83.500000 0.866025 0
84.500000 0.866025 0
85.500000 0.866025 0
86.500000 0.866025 0
87.500000 0.866025 0
88.500000 0.866025 0
89.500000 0.866025 0
90.500000 0.866025 0
91.500000 0.866025 0
92.500000 0.866025 0
93.500000 0.866025 0
94.500000 0.866025 0
95.500000 0.866025 0
96.500000 0.866025 0
97.500000 0.866025 0
98.500000 0.866025 0
99.500000 0.866025 0
100.000000 0.000000 0
99.000000 0.000000 0
98.000000 0.000000 0
97.000000 0.000000 0
96.000000 0.000000 0
95.000000 0.000000 0
94.000000 0.000000 0
93.000000 0.000000 0
92.000000 0.000000 0
91.000000 0.000000 0
90.000000 0.000000 0
89.000000 0.000000 0
88.000000 0.000000 0
87.000000 0.000000 0
86.000000 0.000000 0
85.000000 0.000000 0
84.000000 0.000000 0
83.000000 0.000000 0
82.000000 0.000000 0
81.000000 0.000000 0
80.000000 0.000000 0
79.000000 0.000000 0
78.000000 0.000000 0
77.000000 0.000000 0
76.000000 0.000000 0
75.000000 0.000000 0
74.000000 0.000000 0
73.000000 0.000000 0
72.000000 0.000000 0
71.000000 0.000000 0
70.000000 0.000000 0
69.000000 0.000000 0
68.000000 0.000000 0
67.000000 0.000000 0
66.000000 0.000000 0
65.000000 0.000000 0
64.000000 0.000000 0
63.000000 0.000000 0
62.000000 0.000000 0
61.000000 0.000000 0
60.000000 0.000000 0
59.000000 0.000000 0
58.000000 0.000000 0
57.000000 0.000000 0
56.000000 0.000000 0
55.000000 0.000000 0
54.000000 0.000000 0
53.000000 0.000000 0
52.000000 0.000000 0
51.000000 0.000000 0
50.000000 0.000000 0
49.000000 0.000000 0
48.000000 0.000000 0
47.000000 0.000000 0
46.000000 0.000000 0
45.000000 0.000000 0
44.000000 0.000000 0
43.000000 0.000000 0
42.000000 0.000000 0
41.000000 0.000000 0
40.000000 0.000000 0
39.000000 0.000000 0
38.000000 0.000000 0
37.000000 0.000000 0
36.000000 0.000000 0
35.000000 0.000000 0
34.000000 0.000000 0
33.000000 0.000000 0
32.000000 0.000000 0
31.000000 0.000000 0
30.000000 0.000000 0
29.000000 0.000000 0
28.000000 0.000000 0
27.000000 0.000000 0
26.000000 0.000000 0
25.000000 0.000000 0
24.000000 0.000000 0
23.000000 0.000000 0
22.000000 0.000000 0
21.000000 0.000000 0
20.000000 0.000000 0
19.000000 0.000000 0
18.000000 0.000000 0
17.000000 0.000000 0
16.000000 0.000000 0
15.000000 0.000000 0
14.000000 0.000000 0
13.000000 0.000000 0
12.000000 0.000000 0
11.000000 0.000000 0
10.000000 0.000000 0
9.000000 0.000000 0
8.000000 0.000000 0
7.000000 0.000000 0
6.000000 0.000000 0
5.000000 0.000000 0
4.000000 0.000000 0
3.000000 0.000000 0
2.000000 0.000000 0
1.000000 0.000000 0
0.000000 0.000000 0
202
0 1 0
1 2 0
2 3 0
3 4 0
4 5 0
5 6 0
6 7 0
7 8 0
8 9 0
9 10 0
10 11 0
11 12 0
12 13 0
13 14 0
14 15 0
15 16 0
16 17 0
17 18 0
18 19 0
19 20 0
20 21 0
21 22 0
22 23 0
23 24 0
24 25 0
25 26 0
26 27 0
27 28 0
28 29 0
29 30 0
30 31 0
31 32 0
32 33 0
33 34 0
34 35 0
35 36 0
36 37 0
37 38 0
38 39 0
39 40 0
40 41 0
41 42 0
42 43 0
43 44 0
44 45 0
45 46 0
46 47 0
47 48 0
48 49 0
49 50 0
50 51 0
51 52 0
52 53 0
53 54 0
54 55 0
55 56 0
56 57 0
57 58 0
58 59 0
59 60 0
60 61 0
61 62 0
62 63 0
63 64 0
64 65 0
65 66 0
66 67 0
67 68 0
68 69 0
69 70 0
70 71 0
71 72 0
72 73 0
73 74 0
74 75 0
75 76 0
76 77 0
77 78 0
78 79 0
79 80 0
80 81 0
81 82 0
82 83 0
83 84 0
84 85 0
85 86 0
86 87 0
87 88 0
88 89 0
89 90 0
90 91 0
91 92 0
92 93 0
93 94 0
94 95 0
95 96 0
96 97 0
97 98 0
98 99 0
99 100 0
100 101 1
101 102 0
102 103 0
103 104 0
104 105 0
105 106 0
106 107 0
107 108 0
108 109 0
109 110 0
110 111 0
111 112 0
112 113 0
113 114 0
114 115 0
115 116 0
116 117 0
117 118 0
118 119 0
119 120 0
120 121 0
121 122 0
122 123 0
123 124 0
124 125 0
125 126 0
126 127 0
127 128 0
128 129 0
129 130 0
130 131 0
131 132 0
132 133 0
133 134 0
134 135 0
135 136 0
136 137 0
137 138 0
138 139 0
139 140 0
140 141 0
141 142 0
142 143 0
143 144 0
144 145 0
145 146 0
146 147 0
147 148 0
148 149 0
149 150 0
150 151 0
151 152 0
152 153 0
153 154 0
154 155 0
155 156 0
156 157 0
157 158 0
158 159 0
159 160 0
160 161 0
161 162 0
162 163 0
163 164 0
164 165 0
165 166 0
166 167 0
167 168 0
168 169 0
169 170 0
170 171 0
171 172 0
172 173 0
173 174 0
174 175 0
175 176 0
176 177 0
177 178 0
178 179 0
179 180 0
180 181 0
181 182 0
182 183 0
183 184 0
184 185 0
185 186 0
186 187 0
187 188 0
188 189 0
189 190 0
190 191 0
191 192 0
192 193 0
193 194 0
194 195 0
195 196 0
196 197 0
197 198 0
198 199 0
199 200 0
200 201 0
201 0 1
0
0.866025
