1.0000000000e+00 1.0000000000e+00 0
0.0000000000e+00 1.0000000000e+00 0
0.0000000000e+00 0.0000000000e+00 0
1.0000000000e+00 0.0000000000e+00 0
1.1374820000e-02 0.0000000000e+00 0
0.0000000000e+00 1.1374820000e-02 0
7.3859900000e-03 7.8519300000e-03 0
0.0000000000e+00 2.0587460000e-02 0
2.0470450000e-02 0.0000000000e+00 0
1.0000000000e+00 1.1374820000e-02 0
9.8862518000e-01 0.0000000000e+00 0
9.9261401000e-01 7.8519300000e-03 0
9.7919891000e-01 0.0000000000e+00 0
1.0000000000e+00 2.0688170000e-02 0
0.0000000000e+00 9.8862518000e-01 0
1.1374820000e-02 1.0000000000e+00 0
7.3859900000e-03 9.9214807000e-01 0
2.0482750000e-02 1.0000000000e+00 0
0.0000000000e+00 9.7931183000e-01 0
9.8862518000e-01 1.0000000000e+00 0
1.0000000000e+00 9.8862518000e-01 0
9.9261401000e-01 9.9214807000e-01 0
1.0000000000e+00 9.7941254000e-01 0
9.7919891000e-01 1.0000000000e+00 0
8.6278700000e-03 9.8289053000e-01 0
0.0000000000e+00 9.6965668000e-01 0
9.9131160000e-01 1.7144460000e-02 0
1.0000000000e+00 3.0343320000e-02 0
9.9158276000e-01 9.8422783000e-01 0
1.0000000000e+00 9.7000000000e-01 0
8.5351900000e-03 1.6381870000e-02 0
0.0000000000e+00 3.0000000000e-02 0
1.6311440000e-02 9.9053794000e-01 0
2.9592160000e-02 1.0000000000e+00 0
1.6272460000e-02 9.4380800000e-03 0
2.9566600000e-02 0.0000000000e+00 0
9.8294759000e-01 9.4727200000e-03 0
9.6948654000e-01 0.0000000000e+00 0
9.8305070000e-01 9.9035562000e-01 0
9.6948654000e-01 1.0000000000e+00 0
9.5379500000e-03 9.7312491000e-01 0
0.0000000000e+00 9.5982910000e-01 0
9.4527700000e-03 9.6324738000e-01 0
0.0000000000e+00 9.5000000000e-01 0
1.0147650000e-02 9.5291703000e-01 0
0.0000000000e+00 9.4000000000e-01 0
8.4287700000e-03 9.4302730000e-01 0
0.0000000000e+00 9.3000000000e-01 0
1.0231010000e-02 9.3320705000e-01 0
0.0000000000e+00 9.2000000000e-01 0
1.0127530000e-02 9.2324588000e-01 0
0.0000000000e+00 9.1000000000e-01 0
9.4282300000e-03 9.1332866000e-01 0
0.0000000000e+00 9.0000000000e-01 0
9.3799500000e-03 9.0336389000e-01 0
0.0000000000e+00 8.9000000000e-01 0
1.0161410000e-02 8.9296282000e-01 0
0.0000000000e+00 8.8000000000e-01 0
1.0361210000e-02 8.8253446000e-01 0
0.0000000000e+00 8.7000000000e-01 0
9.2799100000e-03 8.7294801000e-01 0
0.0000000000e+00 8.6000000000e-01 0
9.4378800000e-03 8.6332921000e-01 0
0.0000000000e+00 8.5000000000e-01 0
9.4312700000e-03 8.5332791000e-01 0
0.0000000000e+00 8.4000000000e-01 0
9.4325000000e-03 8.4332122000e-01 0
0.0000000000e+00 8.3000000000e-01 0
9.4327200000e-03 8.3332057000e-01 0
0.0000000000e+00 8.2000000000e-01 0
9.4314800000e-03 8.2331379000e-01 0
0.0000000000e+00 8.1000000000e-01 0
9.4306300000e-03 8.1331359000e-01 0
0.0000000000e+00 8.0000000000e-01 0
9.4303800000e-03 8.0331575000e-01 0
0.0000000000e+00 7.9000000000e-01 0
9.4212600000e-03 7.9332295000e-01 0
0.0000000000e+00 7.8000000000e-01 0
9.4207400000e-03 7.8332776000e-01 0
0.0000000000e+00 7.7000000000e-01 0
9.4228100000e-03 7.7332775000e-01 0
0.0000000000e+00 7.6000000000e-01 0
9.4286600000e-03 7.6332016000e-01 0
0.0000000000e+00 7.5000000000e-01 0
9.4184800000e-03 7.5332250000e-01 0
0.0000000000e+00 7.4000000000e-01 0
9.4200100000e-03 7.4331898000e-01 0
0.0000000000e+00 7.3000000000e-01 0
9.4182000000e-03 7.3332097000e-01 0
0.0000000000e+00 7.2000000000e-01 0
9.4234300000e-03 7.2331341000e-01 0
0.0000000000e+00 7.1000000000e-01 0
9.4313900000e-03 7.1331393000e-01 0
0.0000000000e+00 7.0000000000e-01 0
9.4220800000e-03 7.0332131000e-01 0
0.0000000000e+00 6.9000000000e-01 0
9.4131400000e-03 6.9333640000e-01 0
0.0000000000e+00 6.8000000000e-01 0
9.4148200000e-03 6.8331697000e-01 0
0.0000000000e+00 6.7000000000e-01 0
9.4196100000e-03 6.7331344000e-01 0
0.0000000000e+00 6.6000000000e-01 0
9.4244600000e-03 6.6331917000e-01 0
0.0000000000e+00 6.5000000000e-01 0
9.4259100000e-03 6.5332282000e-01 0
0.0000000000e+00 6.4000000000e-01 0
9.4223900000e-03 6.4331889000e-01 0
0.0000000000e+00 6.3000000000e-01 0
9.4169700000e-03 6.3331770000e-01 0
0.0000000000e+00 6.2000000000e-01 0
9.4243500000e-03 6.2330593000e-01 0
0.0000000000e+00 6.1000000000e-01 0
9.4174900000e-03 6.1331994000e-01 0
0.0000000000e+00 6.0000000000e-01 0
9.4165700000e-03 6.0332060000e-01 0
0.0000000000e+00 5.9000000000e-01 0
9.4214700000e-03 5.9331988000e-01 0
0.0000000000e+00 5.8000000000e-01 0
9.4261200000e-03 5.8331981000e-01 0
0.0000000000e+00 5.7000000000e-01 0
9.4187000000e-03 5.7332773000e-01 0
0.0000000000e+00 5.6000000000e-01 0
9.4180500000e-03 5.6331093000e-01 0
0.0000000000e+00 5.5000000000e-01 0
9.4255400000e-03 5.5331595000e-01 0
0.0000000000e+00 5.4000000000e-01 0
9.4199600000e-03 5.4332319000e-01 0
0.0000000000e+00 5.3000000000e-01 0
9.4292900000e-03 5.3331485000e-01 0
0.0000000000e+00 5.2000000000e-01 0
9.4292500000e-03 5.2331102000e-01 0
0.0000000000e+00 5.1000000000e-01 0
9.4221500000e-03 5.1331973000e-01 0
0.0000000000e+00 5.0000000000e-01 0
9.4151900000e-03 5.0332112000e-01 0
0.0000000000e+00 4.9000000000e-01 0
9.4215600000e-03 4.9331381000e-01 0
0.0000000000e+00 4.8000000000e-01 0
9.4248800000e-03 4.8331047000e-01 0
0.0000000000e+00 4.7000000000e-01 0
9.4278200000e-03 4.7331082000e-01 0
0.0000000000e+00 4.6000000000e-01 0
9.4270700000e-03 4.6331391000e-01 0
0.0000000000e+00 4.5000000000e-01 0
9.4277700000e-03 4.5331766000e-01 0
0.0000000000e+00 4.4000000000e-01 0
9.4277900000e-03 4.4331501000e-01 0
0.0000000000e+00 4.3000000000e-01 0
9.4257500000e-03 4.3331771000e-01 0
0.0000000000e+00 4.2000000000e-01 0
9.4265500000e-03 4.2331370000e-01 0
0.0000000000e+00 4.1000000000e-01 0
9.4300600000e-03 4.1331535000e-01 0
0.0000000000e+00 4.0000000000e-01 0
9.4298600000e-03 4.0331519000e-01 0
0.0000000000e+00 3.9000000000e-01 0
9.4255200000e-03 3.9331854000e-01 0
0.0000000000e+00 3.8000000000e-01 0
9.4243900000e-03 3.8332135000e-01 0
0.0000000000e+00 3.7000000000e-01 0
9.4186600000e-03 3.7332921000e-01 0
0.0000000000e+00 3.6000000000e-01 0
9.4187400000e-03 3.6332889000e-01 0
0.0000000000e+00 3.5000000000e-01 0
9.4233300000e-03 3.5332554000e-01 0
0.0000000000e+00 3.4000000000e-01 0
9.4232900000e-03 3.4332605000e-01 0
0.0000000000e+00 3.3000000000e-01 0
9.4238400000e-03 3.3331866000e-01 0
0.0000000000e+00 3.2000000000e-01 0
9.4276800000e-03 3.2331516000e-01 0
0.0000000000e+00 3.1000000000e-01 0
9.4290800000e-03 3.1331827000e-01 0
0.0000000000e+00 3.0000000000e-01 0
9.4300300000e-03 3.0331472000e-01 0
0.0000000000e+00 2.9000000000e-01 0
9.4311100000e-03 2.9331402000e-01 0
0.0000000000e+00 2.8000000000e-01 0
9.4299600000e-03 2.8331609000e-01 0
0.0000000000e+00 2.7000000000e-01 0
9.4302300000e-03 2.7331941000e-01 0
0.0000000000e+00 2.6000000000e-01 0
9.4255300000e-03 2.6332215000e-01 0
0.0000000000e+00 2.5000000000e-01 0
9.4196600000e-03 2.5332648000e-01 0
0.0000000000e+00 2.4000000000e-01 0
9.4247300000e-03 2.4331857000e-01 0
0.0000000000e+00 2.3000000000e-01 0
9.4289300000e-03 2.3331813000e-01 0
0.0000000000e+00 2.2000000000e-01 0
9.4227400000e-03 2.2332605000e-01 0
0.0000000000e+00 2.1000000000e-01 0
9.4299700000e-03 2.1331055000e-01 0
0.0000000000e+00 2.0000000000e-01 0
9.4271800000e-03 2.0331679000e-01 0
0.0000000000e+00 1.9000000000e-01 0
9.4339200000e-03 1.9330788000e-01 0
0.0000000000e+00 1.8000000000e-01 0
9.4272900000e-03 1.8331449000e-01 0
0.0000000000e+00 1.7000000000e-01 0
9.4254100000e-03 1.7331667000e-01 0
0.0000000000e+00 1.6000000000e-01 0
9.4239800000e-03 1.6331935000e-01 0
0.0000000000e+00 1.5000000000e-01 0
9.4278200000e-03 1.5331641000e-01 0
0.0000000000e+00 1.4000000000e-01 0
9.4294300000e-03 1.4331816000e-01 0
0.0000000000e+00 1.3000000000e-01 0
9.4301500000e-03 1.3331764000e-01 0
0.0000000000e+00 1.2000000000e-01 0
9.4268600000e-03 1.2331950000e-01 0
0.0000000000e+00 1.1000000000e-01 0
9.4283400000e-03 1.1331912000e-01 0
0.0000000000e+00 1.0000000000e-01 0
9.4308000000e-03 1.0331689000e-01 0
0.0000000000e+00 9.0000000000e-02 0
9.4302800000e-03 9.3317240000e-02 0
0.0000000000e+00 8.0000000000e-02 0
9.4256000000e-03 8.3321070000e-02 0
0.0000000000e+00 6.9707030000e-02 0
1.0345000000e-02 7.3570510000e-02 0
0.0000000000e+00 5.9176410000e-02 0
8.1527000000e-03 6.4025080000e-02 0
0.0000000000e+00 5.0000000000e-02 0
1.0504540000e-02 5.5583370000e-02 0
0.0000000000e+00 4.0000000000e-02 0
1.2143450000e-02 4.5685520000e-02 0
6.7052200000e-03 3.4635970000e-02 0
9.8364200000e-03 2.5251110000e-02 0
9.9064682000e-01 2.6881160000e-02 0
1.0000000000e+00 4.0170900000e-02 0
9.9050037000e-01 3.6745210000e-02 0
1.0000000000e+00 5.0000000000e-02 0
9.9058036000e-01 4.6675310000e-02 0
1.0000000000e+00 6.0000000000e-02 0
9.9058629000e-01 5.6662670000e-02 0
1.0000000000e+00 7.0000000000e-02 0
9.9058847000e-01 6.6652080000e-02 0
1.0000000000e+00 8.0000000000e-02 0
9.9057047000e-01 7.6656200000e-02 0
1.0000000000e+00 9.0000000000e-02 0
9.9056882000e-01 8.6655520000e-02 0
1.0000000000e+00 1.0000000000e-01 0
9.9056736000e-01 9.6664410000e-02 0
1.0000000000e+00 1.1000000000e-01 0
9.9056824000e-01 1.0667059000e-01 0
1.0000000000e+00 1.2000000000e-01 0
9.9057458000e-01 1.1667492000e-01 0
1.0000000000e+00 1.3000000000e-01 0
9.9057320000e-01 1.2667554000e-01 0
1.0000000000e+00 1.4000000000e-01 0
9.9057112000e-01 1.3668412000e-01 0
1.0000000000e+00 1.5000000000e-01 0
9.9057062000e-01 1.4668402000e-01 0
1.0000000000e+00 1.6000000000e-01 0
9.9057151000e-01 1.5668531000e-01 0
1.0000000000e+00 1.7000000000e-01 0
9.9057019000e-01 1.6668525000e-01 0
1.0000000000e+00 1.8000000000e-01 0
9.9057077000e-01 1.7668579000e-01 0
1.0000000000e+00 1.9000000000e-01 0
9.9057223000e-01 1.8668679000e-01 0
1.0000000000e+00 2.0000000000e-01 0
9.9057531000e-01 1.9668526000e-01 0
1.0000000000e+00 2.1000000000e-01 0
9.9057368000e-01 2.0668663000e-01 0
1.0000000000e+00 2.2000000000e-01 0
9.9059199000e-01 2.1666803000e-01 0
1.0000000000e+00 2.3000000000e-01 0
9.9058069000e-01 2.2667221000e-01 0
1.0000000000e+00 2.4000000000e-01 0
9.9057589000e-01 2.3667186000e-01 0
1.0000000000e+00 2.5000000000e-01 0
9.9057586000e-01 2.4667548000e-01 0
1.0000000000e+00 2.6000000000e-01 0
9.9057633000e-01 2.5667680000e-01 0
1.0000000000e+00 2.7000000000e-01 0
9.9057493000e-01 2.6668076000e-01 0
1.0000000000e+00 2.8000000000e-01 0
9.9056526000e-01 2.7668184000e-01 0
1.0000000000e+00 2.9000000000e-01 0
9.9056855000e-01 2.8668142000e-01 0
1.0000000000e+00 3.0000000000e-01 0
9.9057288000e-01 2.9667714000e-01 0
1.0000000000e+00 3.1000000000e-01 0
9.9057304000e-01 3.0667950000e-01 0
1.0000000000e+00 3.2000000000e-01 0
9.9058014000e-01 3.1667483000e-01 0
1.0000000000e+00 3.3000000000e-01 0
9.9058575000e-01 3.2666732000e-01 0
1.0000000000e+00 3.4000000000e-01 0
9.9057877000e-01 3.3668726000e-01 0
1.0000000000e+00 3.5000000000e-01 0
9.9057853000e-01 3.4668331000e-01 0
1.0000000000e+00 3.6000000000e-01 0
9.9058051000e-01 3.5668514000e-01 0
1.0000000000e+00 3.7000000000e-01 0
9.9057385000e-01 3.6668703000e-01 0
1.0000000000e+00 3.8000000000e-01 0
9.9057008000e-01 3.7668313000e-01 0
1.0000000000e+00 3.9000000000e-01 0
9.9058126000e-01 3.8667255000e-01 0
1.0000000000e+00 4.0000000000e-01 0
9.9058036000e-01 3.9667942000e-01 0
1.0000000000e+00 4.1000000000e-01 0
9.9057593000e-01 4.0668104000e-01 0
1.0000000000e+00 4.2000000000e-01 0
9.9057183000e-01 4.1667748000e-01 0
1.0000000000e+00 4.3000000000e-01 0
9.9057686000e-01 4.2667788000e-01 0
1.0000000000e+00 4.4000000000e-01 0
9.9057380000e-01 4.3667943000e-01 0
1.0000000000e+00 4.5000000000e-01 0
9.9057366000e-01 4.4667835000e-01 0
1.0000000000e+00 4.6000000000e-01 0
9.9056928000e-01 4.5668288000e-01 0
1.0000000000e+00 4.7000000000e-01 0
9.9057152000e-01 4.6667921000e-01 0
1.0000000000e+00 4.8000000000e-01 0
9.9056976000e-01 4.7667886000e-01 0
1.0000000000e+00 4.9000000000e-01 0
9.9057348000e-01 4.8668013000e-01 0
1.0000000000e+00 5.0000000000e-01 0
9.9057600000e-01 4.9667716000e-01 0
1.0000000000e+00 5.1000000000e-01 0
9.9057737000e-01 5.0667614000e-01 0
1.0000000000e+00 5.2000000000e-01 0
9.9056579000e-01 5.1668071000e-01 0
1.0000000000e+00 5.3000000000e-01 0
9.9057461000e-01 5.2667954000e-01 0
1.0000000000e+00 5.4000000000e-01 0
9.9057229000e-01 5.3668734000e-01 0
1.0000000000e+00 5.5000000000e-01 0
9.9057276000e-01 5.4668186000e-01 0
1.0000000000e+00 5.6000000000e-01 0
9.9057295000e-01 5.5668319000e-01 0
1.0000000000e+00 5.7000000000e-01 0
9.9057147000e-01 5.6668390000e-01 0
1.0000000000e+00 5.8000000000e-01 0
9.9057357000e-01 5.7668191000e-01 0
1.0000000000e+00 5.9000000000e-01 0
9.9057240000e-01 5.8668139000e-01 0
1.0000000000e+00 6.0000000000e-01 0
9.9056747000e-01 5.9668194000e-01 0
1.0000000000e+00 6.1000000000e-01 0
9.9056962000e-01 6.0668532000e-01 0
1.0000000000e+00 6.2000000000e-01 0
9.9057131000e-01 6.1668113000e-01 0
1.0000000000e+00 6.3000000000e-01 0
9.9057706000e-01 6.2667441000e-01 0
1.0000000000e+00 6.4000000000e-01 0
9.9058164000e-01 6.3667178000e-01 0
1.0000000000e+00 6.5000000000e-01 0
9.9057682000e-01 6.4667482000e-01 0
1.0000000000e+00 6.6000000000e-01 0
9.9057785000e-01 6.5667245000e-01 0
1.0000000000e+00 6.7000000000e-01 0
9.9057733000e-01 6.6667721000e-01 0
1.0000000000e+00 6.8000000000e-01 0
9.9057436000e-01 6.7668017000e-01 0
1.0000000000e+00 6.9000000000e-01 0
9.9057988000e-01 6.8667807000e-01 0
1.0000000000e+00 7.0000000000e-01 0
9.9057100000e-01 6.9668646000e-01 0
1.0000000000e+00 7.1000000000e-01 0
9.9057012000e-01 7.0668746000e-01 0
1.0000000000e+00 7.2000000000e-01 0
9.9057114000e-01 7.1668493000e-01 0
1.0000000000e+00 7.3000000000e-01 0
9.9057159000e-01 7.2668200000e-01 0
1.0000000000e+00 7.4000000000e-01 0
9.9058338000e-01 7.3667016000e-01 0
1.0000000000e+00 7.5000000000e-01 0
9.9057991000e-01 7.4668385000e-01 0
1.0000000000e+00 7.6000000000e-01 0
9.9058802000e-01 7.5667297000e-01 0
1.0000000000e+00 7.7000000000e-01 0
9.9057834000e-01 7.6668672000e-01 0
1.0000000000e+00 7.8000000000e-01 0
9.9057209000e-01 7.7668656000e-01 0
1.0000000000e+00 7.9000000000e-01 0
9.9057138000e-01 7.8668546000e-01 0
1.0000000000e+00 8.0000000000e-01 0
9.9057071000e-01 7.9668455000e-01 0
1.0000000000e+00 8.1000000000e-01 0
9.9057081000e-01 8.0668440000e-01 0
1.0000000000e+00 8.2000000000e-01 0
9.9056967000e-01 8.1668652000e-01 0
1.0000000000e+00 8.3000000000e-01 0
9.9058045000e-01 8.2668103000e-01 0
1.0000000000e+00 8.4000000000e-01 0
9.9057590000e-01 8.3669018000e-01 0
1.0000000000e+00 8.5000000000e-01 0
9.9058326000e-01 8.4668508000e-01 0
1.0000000000e+00 8.6000000000e-01 0
9.9057732000e-01 8.5669315000e-01 0
1.0000000000e+00 8.7000000000e-01 0
9.9057761000e-01 8.6668249000e-01 0
1.0000000000e+00 8.8000000000e-01 0
9.9057590000e-01 8.7668524000e-01 0
1.0000000000e+00 8.9000000000e-01 0
9.9057448000e-01 8.8667886000e-01 0
1.0000000000e+00 9.0000000000e-01 0
9.9057147000e-01 8.9668290000e-01 0
1.0000000000e+00 9.1000000000e-01 0
9.9057054000e-01 9.0668281000e-01 0
1.0000000000e+00 9.2000000000e-01 0
9.9057591000e-01 9.1667940000e-01 0
1.0000000000e+00 9.3000000000e-01 0
9.9058487000e-01 9.2667411000e-01 0
1.0000000000e+00 9.4000000000e-01 0
9.9058027000e-01 9.3668098000e-01 0
1.0000000000e+00 9.5000000000e-01 0
9.9057556000e-01 9.4668262000e-01 0
1.0000000000e+00 9.6000000000e-01 0
9.9059062000e-01 9.5639376000e-01 0
9.9228917000e-01 9.6639713000e-01 0
9.9007137000e-01 9.7555683000e-01 0
9.7310237000e-01 1.0124110000e-02 0
9.5977417000e-01 0.0000000000e+00 0
9.6302856000e-01 1.0680640000e-02 0
9.4977417000e-01 0.0000000000e+00 0
9.5309067000e-01 9.4514300000e-03 0
9.3943237000e-01 0.0000000000e+00 0
9.4301933000e-01 9.4109200000e-03 0
9.2913940000e-01 0.0000000000e+00 0
9.3278145000e-01 9.5688800000e-03 0
9.1882202000e-01 0.0000000000e+00 0
9.2252199000e-01 9.6153900000e-03 0
9.0848022000e-01 0.0000000000e+00 0
9.1224013000e-01 9.6077600000e-03 0
8.9818726000e-01 0.0000000000e+00 0
9.0194334000e-01 9.6032600000e-03 0
8.8784546000e-01 0.0000000000e+00 0
8.9162546000e-01 9.5982400000e-03 0
8.7750366000e-01 0.0000000000e+00 0
8.8130810000e-01 9.5945000000e-03 0
8.6718628000e-01 0.0000000000e+00 0
8.7098677000e-01 9.5961700000e-03 0
8.5684448000e-01 0.0000000000e+00 0
8.6065802000e-01 9.5970000000e-03 0
8.4652710000e-01 0.0000000000e+00 0
8.5033554000e-01 9.5921900000e-03 0
8.3623413000e-01 0.0000000000e+00 0
8.4001273000e-01 9.5983200000e-03 0
8.2589233000e-01 0.0000000000e+00 0
8.2969585000e-01 9.5898800000e-03 0
8.1557495000e-01 0.0000000000e+00 0
8.1936854000e-01 9.6005600000e-03 0
8.0523315000e-01 0.0000000000e+00 0
8.0903125000e-01 9.6047000000e-03 0
7.9489136000e-01 0.0000000000e+00 0
7.9870676000e-01 9.5915900000e-03 0
7.8459839000e-01 0.0000000000e+00 0
7.8838136000e-01 9.6056600000e-03 0
7.7425659000e-01 0.0000000000e+00 0
7.7805410000e-01 9.5998500000e-03 0
7.6391479000e-01 0.0000000000e+00 0
7.6772203000e-01 9.6051300000e-03 0
7.5357300000e-01 0.0000000000e+00 0
7.5738991000e-01 9.6029600000e-03 0
7.4323120000e-01 0.0000000000e+00 0
7.4705665000e-01 9.5994500000e-03 0
7.3288940000e-01 0.0000000000e+00 0
7.3671889000e-01 9.5927300000e-03 0
7.2254761000e-01 0.0000000000e+00 0
7.2638918000e-01 9.5866000000e-03 0
7.1225464000e-01 0.0000000000e+00 0
7.1606188000e-01 9.5898100000e-03 0
7.0193726000e-01 0.0000000000e+00 0
7.0574414000e-01 9.5892200000e-03 0
6.9161987000e-01 0.0000000000e+00 0
6.9540907000e-01 9.6012100000e-03 0
6.8130249000e-01 0.0000000000e+00 0
6.8508761000e-01 9.6001600000e-03 0
6.7096069000e-01 0.0000000000e+00 0
6.7476949000e-01 9.5915500000e-03 0
6.6064331000e-01 0.0000000000e+00 0
6.6444028000e-01 9.5944700000e-03 0
6.5032593000e-01 0.0000000000e+00 0
6.5411268000e-01 9.5990300000e-03 0
6.3998413000e-01 0.0000000000e+00 0
6.4378649000e-01 9.5969800000e-03 0
6.2964233000e-01 0.0000000000e+00 0
6.3347019000e-01 9.5859000000e-03 0
6.1934937000e-01 0.0000000000e+00 0
6.2313325000e-01 9.5949100000e-03 0
6.0903198000e-01 0.0000000000e+00 0
6.1280206000e-01 9.5926500000e-03 0
5.9869019000e-01 0.0000000000e+00 0
6.0248642000e-01 9.5909000000e-03 0
5.8837280000e-01 0.0000000000e+00 0
5.9217127000e-01 9.5881700000e-03 0
5.7803101000e-01 0.0000000000e+00 0
5.8185230000e-01 9.5857900000e-03 0
5.6773804000e-01 0.0000000000e+00 0
5.7152900000e-01 9.5892400000e-03 0
5.5742065000e-01 0.0000000000e+00 0
5.6120056000e-01 9.6034000000e-03 0
5.4710327000e-01 0.0000000000e+00 0
5.5088858000e-01 9.5936300000e-03 0
5.3678589000e-01 0.0000000000e+00 0
5.4056465000e-01 9.5889300000e-03 0
5.2644409000e-01 0.0000000000e+00 0
5.3025075000e-01 9.5850500000e-03 0
5.1615112000e-01 0.0000000000e+00 0
5.1991764000e-01 9.5971700000e-03 0
5.0580933000e-01 0.0000000000e+00 0
5.0961142000e-01 9.5815500000e-03 0
4.9549194000e-01 0.0000000000e+00 0
4.9928890000e-01 9.5836100000e-03 0
4.8519897000e-01 0.0000000000e+00 0
4.8898058000e-01 9.5874700000e-03 0
4.7488159000e-01 0.0000000000e+00 0
4.7866458000e-01 9.5921500000e-03 0
4.6453979000e-01 0.0000000000e+00 0
4.6833943000e-01 9.5915700000e-03 0
4.5422241000e-01 0.0000000000e+00 0
4.5802108000e-01 9.5913500000e-03 0
4.4390503000e-01 0.0000000000e+00 0
4.4770148000e-01 9.5921700000e-03 0
4.3356323000e-01 0.0000000000e+00 0
4.3737601000e-01 9.5890200000e-03 0
4.2324585000e-01 0.0000000000e+00 0
4.2704885000e-01 9.5943200000e-03 0
4.1292847000e-01 0.0000000000e+00 0
4.1673032000e-01 9.5897800000e-03 0
4.0261108000e-01 0.0000000000e+00 0
4.0641292000e-01 9.5879900000e-03 0
3.9229370000e-01 0.0000000000e+00 0
3.9609347000e-01 9.5894800000e-03 0
3.8197632000e-01 0.0000000000e+00 0
3.8577519000e-01 9.5964500000e-03 0
3.7163452000e-01 0.0000000000e+00 0
3.7544967000e-01 9.5907100000e-03 0
3.6131714000e-01 0.0000000000e+00 0
3.6512058000e-01 9.5947800000e-03 0
3.5099976000e-01 0.0000000000e+00 0
3.5479720000e-01 9.5968700000e-03 0
3.4065796000e-01 0.0000000000e+00 0
3.4447760000e-01 9.5915900000e-03 0
3.3034058000e-01 0.0000000000e+00 0
3.3415604000e-01 9.5860400000e-03 0
3.2004761000e-01 0.0000000000e+00 0
3.2383135000e-01 9.6024800000e-03 0
3.0973022000e-01 0.0000000000e+00 0
3.1351442000e-01 9.5976100000e-03 0
2.9938843000e-01 0.0000000000e+00 0
3.0318116000e-01 9.5919800000e-03 0
2.8909546000e-01 0.0000000000e+00 0
2.9286726000e-01 9.5901900000e-03 0
2.7877808000e-01 0.0000000000e+00 0
2.8255457000e-01 9.5896400000e-03 0
2.6843628000e-01 0.0000000000e+00 0
2.7224088000e-01 9.5861400000e-03 0
2.5814331000e-01 0.0000000000e+00 0
2.6192277000e-01 9.5881100000e-03 0
2.4780151000e-01 0.0000000000e+00 0
2.5161296000e-01 9.5861300000e-03 0
2.3748413000e-01 0.0000000000e+00 0
2.4129750000e-01 9.5856300000e-03 0
2.2719116000e-01 0.0000000000e+00 0
2.3097885000e-01 9.5929900000e-03 0
2.1687378000e-01 0.0000000000e+00 0
2.2066735000e-01 9.5874900000e-03 0
2.0653198000e-01 0.0000000000e+00 0
2.1033374000e-01 9.5981100000e-03 0
1.9621460000e-01 0.0000000000e+00 0
2.0000252000e-01 9.6040100000e-03 0
1.8589722000e-01 0.0000000000e+00 0
1.8968448000e-01 9.6009600000e-03 0
1.7555542000e-01 0.0000000000e+00 0
1.7936144000e-01 9.5983100000e-03 0
1.6521362000e-01 0.0000000000e+00 0
1.6903211000e-01 9.5938500000e-03 0
1.5489624000e-01 0.0000000000e+00 0
1.5869916000e-01 9.5970300000e-03 0
1.4457886000e-01 0.0000000000e+00 0
1.4835257000e-01 9.6292200000e-03 0
1.3426147000e-01 0.0000000000e+00 0
1.3794122000e-01 9.7330100000e-03 0
1.2374802000e-01 0.0000000000e+00 0
1.2747412000e-01 9.8912800000e-03 0
1.1323474000e-01 0.0000000000e+00 0
1.1695994000e-01 9.9108000000e-03 0
1.0258236000e-01 0.0000000000e+00 0
1.0641277000e-01 9.8642000000e-03 0
9.1966590000e-02 0.0000000000e+00 0
9.5866480000e-02 9.8242800000e-03 0
8.1392680000e-02 0.0000000000e+00 0
8.5332310000e-02 9.7838200000e-03 0
7.0867600000e-02 0.0000000000e+00 0
7.4836970000e-02 9.7311200000e-03 0
6.0401110000e-02 0.0000000000e+00 0
6.4392800000e-02 9.6694000000e-03 0
5.0007860000e-02 0.0000000000e+00 0
5.4029490000e-02 9.5948700000e-03 0
4.0298210000e-02 0.0000000000e+00 0
4.4083600000e-02 1.0186930000e-02 0
3.4543870000e-02 7.3147900000e-03 0
2.5656180000e-02 1.0511400000e-02 0
9.7316312000e-01 9.8977138000e-01 0
9.5977417000e-01 1.0000000000e+00 0
9.6314889000e-01 9.8922742000e-01 0
9.4977417000e-01 1.0000000000e+00 0
9.5315540000e-01 9.9050893000e-01 0
9.3943237000e-01 1.0000000000e+00 0
9.4300775000e-01 9.9050311000e-01 0
9.2913940000e-01 1.0000000000e+00 0
9.3278119000e-01 9.9040197000e-01 0
9.1882202000e-01 1.0000000000e+00 0
9.2252294000e-01 9.9037145000e-01 0
9.0848022000e-01 1.0000000000e+00 0
9.1224639000e-01 9.9038368000e-01 0
8.9818726000e-01 1.0000000000e+00 0
9.0194192000e-01 9.9039749000e-01 0
8.8784546000e-01 1.0000000000e+00 0
8.9162739000e-01 9.9040833000e-01 0
8.7750366000e-01 1.0000000000e+00 0
8.8131085000e-01 9.9040750000e-01 0
8.6718628000e-01 1.0000000000e+00 0
8.7099411000e-01 9.9041217000e-01 0
8.5684448000e-01 1.0000000000e+00 0
8.6066960000e-01 9.9041149000e-01 0
8.4652710000e-01 1.0000000000e+00 0
8.5033126000e-01 9.9041103000e-01 0
8.3623413000e-01 1.0000000000e+00 0
8.4001647000e-01 9.9040903000e-01 0
8.2589233000e-01 1.0000000000e+00 0
8.2969484000e-01 9.9040709000e-01 0
8.1557495000e-01 1.0000000000e+00 0
8.1936896000e-01 9.9040047000e-01 0
8.0523315000e-01 1.0000000000e+00 0
8.0904448000e-01 9.9039854000e-01 0
7.9489136000e-01 1.0000000000e+00 0
7.9871961000e-01 9.9040793000e-01 0
7.8459839000e-01 1.0000000000e+00 0
7.8838146000e-01 9.9040019000e-01 0
7.7425659000e-01 1.0000000000e+00 0
7.7805303000e-01 9.9040287000e-01 0
7.6391479000e-01 1.0000000000e+00 0
7.6772870000e-01 9.9040417000e-01 0
7.5357300000e-01 1.0000000000e+00 0
7.5739002000e-01 9.9040208000e-01 0
7.4323120000e-01 1.0000000000e+00 0
7.4705677000e-01 9.9039799000e-01 0
7.3288940000e-01 1.0000000000e+00 0
7.3671937000e-01 9.9040802000e-01 0
7.2254761000e-01 1.0000000000e+00 0
7.2637904000e-01 9.9041795000e-01 0
7.1225464000e-01 1.0000000000e+00 0
7.1605539000e-01 9.9040534000e-01 0
7.0193726000e-01 1.0000000000e+00 0
7.0572891000e-01 9.9039673000e-01 0
6.9161987000e-01 1.0000000000e+00 0
6.9541342000e-01 9.9040561000e-01 0
6.8130249000e-01 1.0000000000e+00 0
6.8509371000e-01 9.9040379000e-01 0
6.7096069000e-01 1.0000000000e+00 0
6.7477336000e-01 9.9040207000e-01 0
6.6064331000e-01 1.0000000000e+00 0
6.6444028000e-01 9.9040553000e-01 0
6.5032593000e-01 1.0000000000e+00 0
6.5411385000e-01 9.9040355000e-01 0
6.3998413000e-01 1.0000000000e+00 0
6.4378889000e-01 9.9040326000e-01 0
6.2964233000e-01 1.0000000000e+00 0
6.3346231000e-01 9.9041088000e-01 0
6.1934937000e-01 1.0000000000e+00 0
6.2313945000e-01 9.9040228000e-01 0
6.0903198000e-01 1.0000000000e+00 0
6.1281009000e-01 9.9039543000e-01 0
5.9869019000e-01 1.0000000000e+00 0
6.0248989000e-01 9.9040248000e-01 0
5.8837280000e-01 1.0000000000e+00 0
5.9216718000e-01 9.9039046000e-01 0
5.7803101000e-01 1.0000000000e+00 0
5.8184347000e-01 9.9040864000e-01 0
5.6773804000e-01 1.0000000000e+00 0
5.7151504000e-01 9.9040232000e-01 0
5.5742065000e-01 1.0000000000e+00 0
5.6120646000e-01 9.9041430000e-01 0
5.4710327000e-01 1.0000000000e+00 0
5.5089668000e-01 9.9041102000e-01 0
5.3678589000e-01 1.0000000000e+00 0
5.4057086000e-01 9.9040752000e-01 0
5.2644409000e-01 1.0000000000e+00 0
5.3025028000e-01 9.9041301000e-01 0
5.1615112000e-01 1.0000000000e+00 0
5.1992051000e-01 9.9040618000e-01 0
5.0580933000e-01 1.0000000000e+00 0
5.0961065000e-01 9.9041856000e-01 0
4.9549194000e-01 1.0000000000e+00 0
4.9930318000e-01 9.9041945000e-01 0
4.8519897000e-01 1.0000000000e+00 0
4.8897717000e-01 9.9040932000e-01 0
4.7488159000e-01 1.0000000000e+00 0
4.7865672000e-01 9.9040597000e-01 0
4.6453979000e-01 1.0000000000e+00 0
4.6832906000e-01 9.9041328000e-01 0
4.5422241000e-01 1.0000000000e+00 0
4.5801669000e-01 9.9041005000e-01 0
4.4390503000e-01 1.0000000000e+00 0
4.4769389000e-01 9.9040550000e-01 0
4.3356323000e-01 1.0000000000e+00 0
4.3737260000e-01 9.9041056000e-01 0
4.2324585000e-01 1.0000000000e+00 0
4.2704983000e-01 9.9040435000e-01 0
4.1292847000e-01 1.0000000000e+00 0
4.1673117000e-01 9.9040968000e-01 0
4.0261108000e-01 1.0000000000e+00 0
4.0641390000e-01 9.9041140000e-01 0
3.9229370000e-01 1.0000000000e+00 0
3.9609109000e-01 9.9040603000e-01 0
3.8197632000e-01 1.0000000000e+00 0
3.8577383000e-01 9.9040510000e-01 0
3.7163452000e-01 1.0000000000e+00 0
3.7544913000e-01 9.9041027000e-01 0
3.6131714000e-01 1.0000000000e+00 0
3.6512920000e-01 9.9040874000e-01 0
3.5099976000e-01 1.0000000000e+00 0
3.5480304000e-01 9.9040076000e-01 0
3.4065796000e-01 1.0000000000e+00 0
3.4448087000e-01 9.9041176000e-01 0
3.3034058000e-01 1.0000000000e+00 0
3.3415861000e-01 9.9041123000e-01 0
3.2004761000e-01 1.0000000000e+00 0
3.2382772000e-01 9.9040131000e-01 0
3.0973022000e-01 1.0000000000e+00 0
3.1351161000e-01 9.9040427000e-01 0
2.9938843000e-01 1.0000000000e+00 0
3.0319565000e-01 9.9041351000e-01 0
2.8909546000e-01 1.0000000000e+00 0
2.9287663000e-01 9.9040683000e-01 0
2.7877808000e-01 1.0000000000e+00 0
2.8255743000e-01 9.9040591000e-01 0
2.6843628000e-01 1.0000000000e+00 0
2.7224229000e-01 9.9041823000e-01 0
2.5814331000e-01 1.0000000000e+00 0
2.6192918000e-01 9.9041223000e-01 0
2.4780151000e-01 1.0000000000e+00 0
2.5161620000e-01 9.9041721000e-01 0
2.3748413000e-01 1.0000000000e+00 0
2.4130340000e-01 9.9042521000e-01 0
2.2719116000e-01 1.0000000000e+00 0
2.3097294000e-01 9.9040555000e-01 0
2.1687378000e-01 1.0000000000e+00 0
2.2065858000e-01 9.9040577000e-01 0
2.0653198000e-01 1.0000000000e+00 0
2.1034153000e-01 9.9041416000e-01 0
1.9621460000e-01 1.0000000000e+00 0
1.9999676000e-01 9.9040000000e-01 0
1.8589722000e-01 1.0000000000e+00 0
1.8968110000e-01 9.9040443000e-01 0
1.7555542000e-01 1.0000000000e+00 0
1.7935923000e-01 9.9040343000e-01 0
1.6521362000e-01 1.0000000000e+00 0
1.6902782000e-01 9.9040928000e-01 0
1.5489624000e-01 1.0000000000e+00 0
1.5869943000e-01 9.9040307000e-01 0
1.4457886000e-01 1.0000000000e+00 0
1.4833737000e-01 9.9035989000e-01 0
1.3426147000e-01 1.0000000000e+00 0
1.3793094000e-01 9.9026284000e-01 0
1.2374802000e-01 1.0000000000e+00 0
1.2746431000e-01 9.9011356000e-01 0
1.1323474000e-01 1.0000000000e+00 0
1.1695100000e-01 9.9009882000e-01 0
1.0258236000e-01 1.0000000000e+00 0
1.0640992000e-01 9.9013698000e-01 0
9.1966590000e-02 1.0000000000e+00 0
9.5853100000e-02 9.9018579000e-01 0
8.1392680000e-02 1.0000000000e+00 0
8.5331540000e-02 9.9022617000e-01 0
7.0867600000e-02 1.0000000000e+00 0
7.4830180000e-02 9.9027543000e-01 0
6.0401110000e-02 1.0000000000e+00 0
6.4391290000e-02 9.9033620000e-01 0
5.0007860000e-02 1.0000000000e+00 0
5.4018090000e-02 9.9040772000e-01 0
4.0347040000e-02 1.0000000000e+00 0
4.4108580000e-02 9.8984021000e-01 0
3.4590760000e-02 9.9265108000e-01 0
2.5491340000e-02 9.8952341000e-01 0
9.8026366000e-01 2.0371690000e-02 0
9.7907668000e-01 3.1296960000e-02 0
9.7945606000e-01 4.2008950000e-02 0
9.8118759000e-01 5.3129370000e-02 0
9.7920095000e-01 6.3342310000e-02 0
9.7836085000e-01 7.3712880000e-02 0
9.8212057000e-01 8.2967550000e-02 0
9.7980539000e-01 9.2487500000e-02 0
9.8213035000e-01 1.0302514000e-01 0
9.7984590000e-01 1.1252011000e-01 0
9.8213089000e-01 1.2304447000e-01 0
9.7985404000e-01 1.3253195000e-01 0
9.8212732000e-01 1.4305623000e-01 0
9.7985121000e-01 1.5254470000e-01 0
9.8213675000e-01 1.6305966000e-01 0
9.7986116000e-01 1.7254503000e-01 0
9.8215443000e-01 1.8305193000e-01 0
9.7987794000e-01 1.9252556000e-01 0
9.8216225000e-01 2.0304813000e-01 0
9.7988067000e-01 2.1251878000e-01 0
9.8216748000e-01 2.2303832000e-01 0
9.7987943000e-01 2.3250975000e-01 0
9.8214895000e-01 2.4303295000e-01 0
9.7986019000e-01 2.5251114000e-01 0
9.8213672000e-01 2.6304213000e-01 0
9.7985630000e-01 2.7252602000e-01 0
9.8214748000e-01 2.8304649000e-01 0
9.7986905000e-01 2.9252784000e-01 0
9.8215284000e-01 3.0305033000e-01 0
9.7986991000e-01 3.1253057000e-01 0
9.8213579000e-01 3.2305749000e-01 0
9.7986140000e-01 3.3255242000e-01 0
9.8214924000e-01 3.4304283000e-01 0
9.7987140000e-01 3.5252134000e-01 0
9.8215296000e-01 3.6304918000e-01 0
9.7987190000e-01 3.7252904000e-01 0
9.8215916000e-01 3.8304200000e-01 0
9.7988674000e-01 3.9251277000e-01 0
9.8214665000e-01 4.0304262000e-01 0
9.7986056000e-01 4.1252063000e-01 0
9.8214976000e-01 4.2304130000e-01 0
9.7986900000e-01 4.3252155000e-01 0
9.8214724000e-01 4.4304681000e-01 0
9.7986945000e-01 4.5252655000e-01 0
9.8215166000e-01 4.6305257000e-01 0
9.7987804000e-01 4.7253945000e-01 0
9.8216492000e-01 4.8305641000e-01 0
9.7988849000e-01 4.9253957000e-01 0
9.8215504000e-01 5.0305476000e-01 0
9.7987844000e-01 5.1253921000e-01 0
9.8213756000e-01 5.2305518000e-01 0
9.7986734000e-01 5.3254229000e-01 0
9.8213944000e-01 5.4305792000e-01 0
9.7986675000e-01 5.5254025000e-01 0
9.8214527000e-01 5.6305711000e-01 0
9.7986832000e-01 5.7253983000e-01 0
9.8215805000e-01 5.8305362000e-01 0
9.7987927000e-01 5.9253003000e-01 0
9.8215742000e-01 6.0305462000e-01 0
9.7987902000e-01 6.1253434000e-01 0
9.8215709000e-01 6.2305330000e-01 0
9.7988317000e-01 6.3253058000e-01 0
9.8214873000e-01 6.4303641000e-01 0
9.7986144000e-01 6.5250950000e-01 0
9.8213315000e-01 6.6304594000e-01 0
9.7984752000e-01 6.7253784000e-01 0
9.8213551000e-01 6.8304491000e-01 0
9.7986059000e-01 6.9252983000e-01 0
9.8214553000e-01 7.0305326000e-01 0
9.7986630000e-01 7.1253718000e-01 0
9.8215469000e-01 7.2304795000e-01 0
9.7987727000e-01 7.3251932000e-01 0
9.8214923000e-01 7.4304993000e-01 0
9.7986095000e-01 7.5253201000e-01 0
9.8214289000e-01 7.6305247000e-01 0
9.7986224000e-01 7.7253252000e-01 0
9.8214683000e-01 7.8305543000e-01 0
9.7987169000e-01 7.9253586000e-01 0
9.8216557000e-01 8.0305626000e-01 0
9.7989121000e-01 8.1253844000e-01 0
9.8216498000e-01 8.2305606000e-01 0
9.7989285000e-01 8.3253458000e-01 0
9.8214197000e-01 8.4305997000e-01 0
9.7987228000e-01 8.5254318000e-01 0
9.8214786000e-01 8.6305417000e-01 0
9.7987649000e-01 8.7253113000e-01 0
9.8215471000e-01 8.8305493000e-01 0
9.7987905000e-01 8.9253604000e-01 0
9.8217170000e-01 9.0310949000e-01 0
9.7991402000e-01 9.1265821000e-01 0
9.8227443000e-01 9.2332162000e-01 0
9.8011155000e-01 9.3311936000e-01 0
9.8252399000e-01 9.4330065000e-01 0
9.8048325000e-01 9.5313962000e-01 0
9.8000922000e-01 9.6597107000e-01 0
9.6867261000e-01 2.2330860000e-02 0
9.5756271000e-01 1.8110050000e-02 0
9.4718144000e-01 2.0323580000e-02 0
9.3665899000e-01 2.0936080000e-02 0
9.2569230000e-01 1.9086950000e-02 0
9.1538795000e-01 2.0968220000e-02 0
9.0535025000e-01 1.9357270000e-02 0
8.9598967000e-01 2.0849220000e-02 0
8.8514983000e-01 1.8450080000e-02 0
8.7535673000e-01 2.0836930000e-02 0
8.6449574000e-01 1.8425840000e-02 0
8.5468896000e-01 2.0822070000e-02 0
8.4383824000e-01 1.8410020000e-02 0
8.3404090000e-01 2.0808190000e-02 0
8.2319024000e-01 1.8426590000e-02 0
8.1338633000e-01 2.0818630000e-02 0
8.0253029000e-01 1.8436100000e-02 0
7.9271748000e-01 2.0820980000e-02 0
7.8186990000e-01 1.8436380000e-02 0
7.7206224000e-01 2.0825600000e-02 0
7.6120575000e-01 1.8440610000e-02 0
7.5139191000e-01 2.0830270000e-02 0
7.4053798000e-01 1.8429610000e-02 0
7.3072321000e-01 2.0813370000e-02 0
7.1988273000e-01 1.8412340000e-02 0
7.1008512000e-01 2.0797500000e-02 0
6.9923384000e-01 1.8404180000e-02 0
6.8944053000e-01 2.0799580000e-02 0
6.7860022000e-01 1.8392610000e-02 0
6.6881337000e-01 2.0780130000e-02 0
6.5794443000e-01 1.8391060000e-02 0
6.4814672000e-01 2.0792010000e-02 0
6.3729243000e-01 1.8415250000e-02 0
6.2749522000e-01 2.0797790000e-02 0
6.1663934000e-01 1.8427010000e-02 0
6.0684097000e-01 2.0821300000e-02 0
5.9598460000e-01 1.8423010000e-02 0
5.8617730000e-01 2.0804440000e-02 0
5.7534202000e-01 1.8394100000e-02 0
5.6554618000e-01 2.0775260000e-02 0
5.5470494000e-01 1.8400650000e-02 0
5.4491042000e-01 2.0789170000e-02 0
5.3406398000e-01 1.8408980000e-02 0
5.2426149000e-01 2.0792600000e-02 0
5.1343063000e-01 1.8410450000e-02 0
5.0363806000e-01 2.0786740000e-02 0
4.9279738000e-01 1.8407660000e-02 0
4.8300232000e-01 2.0792270000e-02 0
4.7215498000e-01 1.8418960000e-02 0
4.6235371000e-01 2.0802670000e-02 0
4.5151757000e-01 1.8409680000e-02 0
4.4172035000e-01 2.0795880000e-02 0
4.3086488000e-01 1.8409670000e-02 0
4.2106100000e-01 2.0792530000e-02 0
4.1022402000e-01 1.8400440000e-02 0
4.0042942000e-01 2.0778680000e-02 0
3.8959193000e-01 1.8408110000e-02 0
3.7980203000e-01 2.0794260000e-02 0
3.6894119000e-01 1.8424080000e-02 0
3.5913799000e-01 2.0815730000e-02 0
3.4828994000e-01 1.8416970000e-02 0
3.3848092000e-01 2.0798300000e-02 0
3.2764497000e-01 1.8410340000e-02 0
3.1785284000e-01 2.0796720000e-02 0
3.0700630000e-01 1.8411980000e-02 0
2.9721038000e-01 2.0804350000e-02 0
2.8637062000e-01 1.8408970000e-02 0
2.7657608000e-01 2.0792310000e-02 0
2.6573581000e-01 1.8403620000e-02 0
2.5594417000e-01 2.0787740000e-02 0
2.4510727000e-01 1.8397450000e-02 0
2.3531073000e-01 2.0775130000e-02 0
2.2447711000e-01 1.8381030000e-02 0
2.1469155000e-01 2.0759180000e-02 0
2.0382360000e-01 1.8398320000e-02 0
1.9402284000e-01 2.0791090000e-02 0
1.8316538000e-01 1.8401270000e-02 0
1.7334047000e-01 2.0785840000e-02 0
1.6251740000e-01 1.8439560000e-02 0
1.5270493000e-01 2.0823570000e-02 0
1.4182638000e-01 1.8611590000e-02 0
1.3202064000e-01 2.1099830000e-02 0
1.2087461000e-01 1.8877270000e-02 0
1.1086130000e-01 2.1400990000e-02 0
9.9703360000e-02 1.8842840000e-02 0
8.9574300000e-02 2.1239690000e-02 0
7.8411290000e-02 1.8537800000e-02 0
6.8059280000e-02 2.0802820000e-02 0
5.7624410000e-02 1.8221310000e-02 0
4.7481280000e-02 2.0455600000e-02 0
3.5259090000e-02 1.7505840000e-02 0
9.8029500000e-01 9.8065070000e-01 0
9.6866823000e-01 9.7746439000e-01 0
9.5737466000e-01 9.8188689000e-01 0
9.4656220000e-01 9.7975402000e-01 0
9.3625060000e-01 9.7925609000e-01 0
9.2548098000e-01 9.8076437000e-01 0
9.1505146000e-01 9.7907673000e-01 0
9.0483252000e-01 9.8060816000e-01 0
8.9460445000e-01 9.7914751000e-01 0
8.8501445000e-01 9.7836803000e-01 0
8.7480877000e-01 9.8157069000e-01 0
8.6499433000e-01 9.7919281000e-01 0
8.5414350000e-01 9.8159385000e-01 0
8.4433426000e-01 9.7920983000e-01 0
8.3350421000e-01 9.8157676000e-01 0
8.2370998000e-01 9.7919313000e-01 0
8.1285619000e-01 9.8156667000e-01 0
8.0304362000e-01 9.7917746000e-01 0
7.9219603000e-01 9.8157378000e-01 0
7.8238462000e-01 9.7918766000e-01 0
7.7154087000e-01 9.8156283000e-01 0
7.6173334000e-01 9.7918179000e-01 0
7.5087093000e-01 9.8156192000e-01 0
7.4105548000e-01 9.7917224000e-01 0
7.3020716000e-01 9.8157602000e-01 0
7.2039790000e-01 9.7919316000e-01 0
7.0955834000e-01 9.8159046000e-01 0
6.9976816000e-01 9.7919648000e-01 0
6.8891108000e-01 9.8158005000e-01 0
6.7911028000e-01 9.7918638000e-01 0
6.6826302000e-01 9.8157228000e-01 0
6.5845985000e-01 9.7918291000e-01 0
6.4760855000e-01 9.8157201000e-01 0
6.3780433000e-01 9.7918771000e-01 0
6.2695969000e-01 9.8159180000e-01 0
6.1716354000e-01 9.7920328000e-01 0
6.0630807000e-01 9.8160911000e-01 0
5.9650996000e-01 9.7922188000e-01 0
5.8568193000e-01 9.8162678000e-01 0
5.7590349000e-01 9.7924477000e-01 0
5.6501676000e-01 9.8159749000e-01 0
5.5522981000e-01 9.7922032000e-01 0
5.4439049000e-01 9.8158706000e-01 0
5.3459624000e-01 9.7919506000e-01 0
5.2374707000e-01 9.8158493000e-01 0
5.1394749000e-01 9.7919254000e-01 0
5.0310928000e-01 9.8158709000e-01 0
4.9331195000e-01 9.7920672000e-01 0
4.8246763000e-01 9.8157670000e-01 0
4.7265990000e-01 9.7919356000e-01 0
4.6182629000e-01 9.8158013000e-01 0
4.5203256000e-01 9.7920536000e-01 0
4.4118902000e-01 9.8157769000e-01 0
4.3138778000e-01 9.7919547000e-01 0
4.2054314000e-01 9.8158408000e-01 0
4.1073868000e-01 9.7920486000e-01 0
3.9990182000e-01 9.8159572000e-01 0
3.9010714000e-01 9.7921297000e-01 0
3.7926841000e-01 9.8158586000e-01 0
3.6947697000e-01 9.7919772000e-01 0
3.5861851000e-01 9.8158434000e-01 0
3.4880831000e-01 9.7918879000e-01 0
3.3797241000e-01 9.8159644000e-01 0
3.2817710000e-01 9.7922171000e-01 0
3.1733274000e-01 9.8160738000e-01 0
3.0754283000e-01 9.7921937000e-01 0
2.9669105000e-01 9.8160852000e-01 0
2.8689479000e-01 9.7922282000e-01 0
2.7605011000e-01 9.8159801000e-01 0
2.6625055000e-01 9.7921990000e-01 0
2.5541084000e-01 9.8158976000e-01 0
2.4560710000e-01 9.7921719000e-01 0
2.3478050000e-01 9.8159689000e-01 0
2.2498073000e-01 9.7923016000e-01 0
2.1414359000e-01 9.8160918000e-01 0
2.0434555000e-01 9.7923020000e-01 0
1.9348910000e-01 9.8158761000e-01 0
1.8367412000e-01 9.7920226000e-01 0
1.7283711000e-01 9.8158714000e-01 0
1.6300909000e-01 9.7920687000e-01 0
1.5218336000e-01 9.8148572000e-01 0
1.4238245000e-01 9.7906737000e-01 0
1.3138128000e-01 9.8121996000e-01 0
1.2148534000e-01 9.7867081000e-01 0
1.1035762000e-01 9.8105318000e-01 0
1.0036140000e-01 9.7858218000e-01 0
8.9243970000e-02 9.8118955000e-01 0
7.9238840000e-02 9.7878343000e-01 0
6.7951460000e-02 9.8165525000e-01 0
5.7641410000e-02 9.7939640000e-01 0
4.6593940000e-02 9.8263940000e-01 0
3.4687310000e-02 9.8111154000e-01 0
1.8141110000e-02 1.9512140000e-02 0
2.6937240000e-02 2.4045860000e-02 0
1.9522650000e-02 3.4503800000e-02 0
2.0532830000e-02 9.7921539000e-01 0
1.8884250000e-02 9.6859616000e-01 0
3.0304880000e-02 9.6926984000e-01 0
4.5653290000e-02 9.6708265000e-01 0
2.2371200000e-02 9.5679965000e-01 0
2.1844000000e-02 9.4309048000e-01 0
3.7474960000e-02 9.5208557000e-01 0
3.7661470000e-02 3.4253580000e-02 0
5.8060460000e-02 3.2032450000e-02 0
9.6758659000e-01 3.7764640000e-02 0
9.5684017000e-01 3.0864420000e-02 0
9.6715176000e-01 5.2865130000e-02 0
9.5375226000e-01 4.5728360000e-02 0
9.4262080000e-01 3.2663210000e-02 0
9.2578613000e-01 3.2945360000e-02 0
2.1561350000e-02 9.2953384000e-01 0
2.1234620000e-02 9.1834932000e-01 0
1.8537700000e-02 9.0704702000e-01 0
2.0849750000e-02 8.9673840000e-01 0
1.9291640000e-02 8.8618285000e-01 0
2.1480680000e-02 8.7634788000e-01 0
1.8251180000e-02 8.6686234000e-01 0
1.9762060000e-02 8.5748764000e-01 0
1.7888510000e-02 8.4695274000e-01 0
2.0168600000e-02 8.3745837000e-01 0
1.7893200000e-02 8.2692032000e-01 0
2.0163950000e-02 8.1741207000e-01 0
1.7815630000e-02 8.0695882000e-01 0
2.0093890000e-02 7.9749315000e-01 0
1.7794900000e-02 7.8698350000e-01 0
2.0082420000e-02 7.7754397000e-01 0
1.7850710000e-02 7.6696117000e-01 0
2.0140880000e-02 7.5748235000e-01 0
1.7855010000e-02 7.4695827000e-01 0
2.0136460000e-02 7.3748299000e-01 0
1.7856200000e-02 7.2694843000e-01 0
2.0130940000e-02 7.1746057000e-01 0
1.7843080000e-02 7.0695064000e-01 0
2.0112770000e-02 6.9747467000e-01 0
1.7854190000e-02 6.8694914000e-01 0
2.0136210000e-02 6.7746973000e-01 0
1.7869070000e-02 6.6694993000e-01 0
2.0147470000e-02 6.5746762000e-01 0
1.7855500000e-02 6.4695586000e-01 0
2.0137970000e-02 6.3747539000e-01 0
1.7846710000e-02 6.2694908000e-01 0
2.0134100000e-02 6.1747099000e-01 0
1.7844770000e-02 6.0695482000e-01 0
2.0121450000e-02 5.9748330000e-01 0
1.7854740000e-02 5.8695746000e-01 0
2.0138730000e-02 5.7747715000e-01 0
1.7857750000e-02 5.6695010000e-01 0
2.0135780000e-02 5.5746775000e-01 0
1.7854130000e-02 5.4694870000e-01 0
2.0125880000e-02 5.3746713000e-01 0
1.7849040000e-02 5.2694770000e-01 0
2.0125260000e-02 5.1746736000e-01 0
1.7847880000e-02 5.0695010000e-01 0
2.0123650000e-02 4.9747814000e-01 0
1.7863730000e-02 4.8694827000e-01 0
2.0145180000e-02 4.7746506000e-01 0
1.7857730000e-02 4.6694734000e-01 0
2.0132240000e-02 4.5746975000e-01 0
1.7852560000e-02 4.4694486000e-01 0
2.0131200000e-02 4.3746481000e-01 0
1.7850100000e-02 4.2694063000e-01 0
2.0128490000e-02 4.1746117000e-01 0
1.7841790000e-02 4.0693921000e-01 0
2.0117630000e-02 3.9746226000e-01 0
1.7820510000e-02 3.8695009000e-01 0
2.0098310000e-02 3.7747652000e-01 0
1.7830320000e-02 3.6696528000e-01 0
2.0113550000e-02 3.5749737000e-01 0
1.7848950000e-02 3.4697498000e-01 0
2.0138350000e-02 3.3750098000e-01 0
1.7876070000e-02 3.2694884000e-01 0
2.0157110000e-02 3.1745819000e-01 0
1.7856970000e-02 3.0694328000e-01 0
2.0135040000e-02 2.9746018000e-01 0
1.7847060000e-02 2.8694728000e-01 0
2.0123480000e-02 2.7747127000e-01 0
1.7847310000e-02 2.6694762000e-01 0
2.0123390000e-02 2.5746964000e-01 0
1.7843540000e-02 2.4695148000e-01 0
2.0127120000e-02 2.3747069000e-01 0
1.7850040000e-02 2.2695402000e-01 0
2.0124270000e-02 2.1747341000e-01 0
1.7877560000e-02 2.0692478000e-01 0
2.0142270000e-02 1.9741960000e-01 0
1.7850610000e-02 1.8693042000e-01 0
2.0114320000e-02 1.7743887000e-01 0
1.7861750000e-02 1.6693779000e-01 0
2.0133880000e-02 1.5745705000e-01 0
1.7936060000e-02 1.4694493000e-01 0
2.0216960000e-02 1.3747150000e-01 0
1.7999890000e-02 1.2693326000e-01 0
2.0276550000e-02 1.1745568000e-01 0
1.7748470000e-02 1.0665996000e-01 0
1.9914180000e-02 9.6847670000e-02 0
1.7456340000e-02 8.6834170000e-02 0
1.9443880000e-02 7.7124350000e-02 0
1.8515230000e-02 6.4422170000e-02 0
3.2484830000e-02 9.3665233000e-01 0
3.5315730000e-02 9.2230654000e-01 0
3.2625120000e-02 9.0673535000e-01 0
2.7128360000e-02 4.5779070000e-02 0
2.0207730000e-02 5.5051840000e-02 0
4.5492480000e-02 4.9075270000e-02 0
3.1186340000e-02 5.9822520000e-02 0
3.1121970000e-02 7.2412090000e-02 0
3.0115610000e-02 8.6588640000e-02 0
4.2473550000e-02 6.6217710000e-02 0
4.7168300000e-02 8.2104360000e-02 0
9.6749704000e-01 9.6055025000e-01 0
9.5628938000e-01 9.6830384000e-01 0
9.6903900000e-01 9.4293728000e-01 0
9.5261917000e-01 9.5185579000e-01 0
9.4200076000e-01 9.6716875000e-01 0
9.2581078000e-01 9.6588052000e-01 0
9.3340570000e-01 9.4822880000e-01 0
7.8185930000e-02 3.3431420000e-02 0
6.7249100000e-02 4.7976650000e-02 0
6.0573110000e-02 6.4854910000e-02 0
9.9407280000e-02 3.3865880000e-02 0
8.8073570000e-02 4.9102650000e-02 0
7.9169060000e-02 6.5438320000e-02 0
7.0522880000e-02 8.2384160000e-02 0
1.2070309000e-01 3.3826550000e-02 0
1.0736624000e-01 5.1206990000e-02 0
1.0031860000e-01 6.8265640000e-02 0
8.8538090000e-02 8.2471180000e-02 0
1.4173872000e-01 3.3099160000e-02 0
1.2917065000e-01 5.1728190000e-02 0
1.2002275000e-01 7.1171040000e-02 0
1.0919653000e-01 9.2076880000e-02 0
1.6238066000e-01 3.2840570000e-02 0
1.5022132000e-01 5.0804160000e-02 0
1.4157277000e-01 7.1734240000e-02 0
1.3319994000e-01 9.6452350000e-02 0
1.8296191000e-01 3.2899050000e-02 0
1.7140209000e-01 4.9705510000e-02 0
1.6232913000e-01 7.1495270000e-02 0
1.5563275000e-01 8.7415500000e-02 0
2.0359486000e-01 3.2893470000e-02 0
1.9236426000e-01 4.9593640000e-02 0
1.8278804000e-01 6.9427510000e-02 0
1.7757132000e-01 9.1549640000e-02 0
2.2423401000e-01 3.2844880000e-02 0
2.1148616000e-01 5.0860210000e-02 0
2.0305580000e-01 6.9291440000e-02 0
1.9794637000e-01 8.8764660000e-02 0
2.4484709000e-01 3.2887560000e-02 0
2.3205693000e-01 5.0782450000e-02 0
2.2380938000e-01 6.9610110000e-02 0
2.1789229000e-01 9.1419730000e-02 0
2.6547709000e-01 3.2890710000e-02 0
2.5259684000e-01 5.0860030000e-02 0
2.4485315000e-01 7.0646410000e-02 0
2.3888018000e-01 8.9628030000e-02 0
2.8611200000e-01 3.2900810000e-02 0
2.7333478000e-01 5.0841500000e-02 0
2.6666443000e-01 7.1719180000e-02 0
2.5942140000e-01 9.3286190000e-02 0
3.0674692000e-01 3.2914710000e-02 0
2.9461001000e-01 5.0067640000e-02 0
2.8848829000e-01 7.2469960000e-02 0
2.8002612000e-01 9.0003090000e-02 0
3.2738492000e-01 3.2895450000e-02 0
3.1578621000e-01 4.9806910000e-02 0
3.0764908000e-01 6.9635510000e-02 0
3.0088236000e-01 9.5217660000e-02 0
3.4803536000e-01 3.2925410000e-02 0
3.3519620000e-01 5.0861000000e-02 0
3.2721757000e-01 6.9539520000e-02 0
3.2081171000e-01 9.1262830000e-02 0
3.6869666000e-01 3.2936740000e-02 0
3.5578984000e-01 5.0898020000e-02 0
3.4808178000e-01 7.0168740000e-02 0
3.3973705000e-01 8.6736540000e-02 0
3.8934943000e-01 3.2884710000e-02 0
3.7653109000e-01 5.0913630000e-02 0
3.6910583000e-01 7.0824790000e-02 0
3.6045736000e-01 9.1627470000e-02 0
4.0997799000e-01 3.2878090000e-02 0
3.9774002000e-01 5.0098360000e-02 0
3.8959269000e-01 7.1545980000e-02 0
3.8315842000e-01 9.4842660000e-02 0
4.3060964000e-01 3.2911610000e-02 0
4.1896571000e-01 4.9787820000e-02 0
4.1005900000e-01 7.0394120000e-02 0
4.5126038000e-01 3.2905860000e-02 0
4.3839003000e-01 5.0893680000e-02 0
4.3036254000e-01 6.9476650000e-02 0
4.2221152000e-01 8.7656450000e-02 0
4.7190510000e-01 3.2917410000e-02 0
4.5906364000e-01 5.0867320000e-02 0
4.5118552000e-01 7.0028730000e-02 0
4.4261115000e-01 9.1437810000e-02 0
4.9255319000e-01 3.2892600000e-02 0
4.7971445000e-01 5.0888160000e-02 0
4.7219145000e-01 7.0797950000e-02 0
4.6393643000e-01 8.7482440000e-02 0
5.1318518000e-01 3.2886630000e-02 0
5.0039165000e-01 5.0847660000e-02 0
4.9313187000e-01 7.0776950000e-02 0
4.8411673000e-01 9.3305890000e-02 0
5.3381708000e-01 3.2905910000e-02 0
5.2169384000e-01 5.0044650000e-02 0
5.1362277000e-01 7.0071940000e-02 0
5.0767279000e-01 9.3249790000e-02 0
5.5444907000e-01 3.2886130000e-02 0
5.4283238000e-01 4.9811530000e-02 0
5.3405342000e-01 6.9565760000e-02 0
5.2682402000e-01 9.2353020000e-02 0
5.7508064000e-01 3.2877070000e-02 0
5.6229617000e-01 5.0845600000e-02 0
5.5436176000e-01 6.9539860000e-02 0
5.4721471000e-01 8.6099990000e-02 0
5.9572477000e-01 3.2940160000e-02 0
5.8284106000e-01 5.0839050000e-02 0
5.7522981000e-01 7.0143490000e-02 0
5.6762354000e-01 9.0743920000e-02 0
6.1639013000e-01 3.2937250000e-02 0
6.0347713000e-01 5.0926110000e-02 0
5.9619846000e-01 7.0765260000e-02 0
5.8849583000e-01 9.2272150000e-02 0
6.3705661000e-01 3.2901370000e-02 0
6.2478904000e-01 5.0164450000e-02 0
6.1684195000e-01 7.0317310000e-02 0
6.0919305000e-01 8.7054260000e-02 0
6.5769407000e-01 3.2897190000e-02 0
6.4598168000e-01 4.9849030000e-02 0
6.3728845000e-01 6.9637690000e-02 0
6.2979730000e-01 9.1151260000e-02 0
6.7833875000e-01 3.2879560000e-02 0
6.6551705000e-01 5.0858560000e-02 0
6.5757297000e-01 6.9522710000e-02 0
6.5020111000e-01 9.1690500000e-02 0
6.9896234000e-01 3.2911800000e-02 0
6.8613032000e-01 5.0836710000e-02 0
6.7842892000e-01 7.0080300000e-02 0
6.7089045000e-01 8.6308080000e-02 0
7.1961210000e-01 3.2910170000e-02 0
7.0674110000e-01 5.0890010000e-02 0
6.9937006000e-01 7.0722870000e-02 0
6.9135264000e-01 9.1158770000e-02 0
7.4027050000e-01 3.2950980000e-02 0
7.2798130000e-01 5.0144610000e-02 0
7.1995841000e-01 7.0385160000e-02 0
7.1226801000e-01 9.2661360000e-02 0
7.6094498000e-01 3.2963170000e-02 0
7.4918933000e-01 4.9918640000e-02 0
7.4044686000e-01 6.9793000000e-02 0
7.3302195000e-01 8.6702930000e-02 0
7.8161717000e-01 3.2943080000e-02 0
7.7011573000e-01 4.9796990000e-02 0
7.6097822000e-01 6.9565900000e-02 0
7.5343860000e-01 9.0773960000e-02 0
8.0228389000e-01 3.2946000000e-02 0
7.8943825000e-01 5.0911890000e-02 0
7.8135498000e-01 6.9616890000e-02 0
7.7389084000e-01 9.1728750000e-02 0
8.2293249000e-01 3.2926430000e-02 0
8.1009493000e-01 5.0918870000e-02 0
8.0254330000e-01 7.0419300000e-02 0
7.9498335000e-01 8.6432500000e-02 0
8.4357054000e-01 3.2911360000e-02 0
8.3075880000e-01 5.0899800000e-02 0
8.2349649000e-01 7.0788770000e-02 0
8.1580601000e-01 9.1037800000e-02 0
8.6421712000e-01 3.2952720000e-02 0
8.5206368000e-01 5.0084080000e-02 0
8.4397809000e-01 7.0146140000e-02 0
8.3695047000e-01 9.1753800000e-02 0
8.8477155000e-01 3.2908270000e-02 0
8.7295520000e-01 4.8746420000e-02 0
8.6626248000e-01 6.9638250000e-02 0
8.5806006000e-01 9.1790670000e-02 0
9.0526055000e-01 3.2571410000e-02 0
9.1552790000e-01 3.8398780000e-02 0
8.9036376000e-01 4.6373100000e-02 0
9.0539117000e-01 5.0311790000e-02 0
8.8913104000e-01 6.6750590000e-02 0
8.7877638000e-01 8.6106840000e-02 0
9.6814649000e-01 9.2343368000e-01 0
9.4945756000e-01 9.3302262000e-01 0
9.6810364000e-01 9.0332272000e-01 0
9.4942186000e-01 9.1379923000e-01 0
9.3007754000e-01 9.2504501000e-01 0
9.6815112000e-01 8.8326689000e-01 0
9.5176511000e-01 8.9322945000e-01 0
9.3159207000e-01 9.0381295000e-01 0
9.6815223000e-01 8.6325563000e-01 0
9.5092701000e-01 8.7437455000e-01 0
9.3236164000e-01 8.8304065000e-01 0
9.6814726000e-01 8.4325497000e-01 0
9.5074537000e-01 8.5527703000e-01 0
9.3212559000e-01 8.6272671000e-01 0
9.6818519000e-01 8.2325730000e-01 0
9.5042803000e-01 8.3560540000e-01 0
9.3175224000e-01 8.4269842000e-01 0
9.6816641000e-01 8.0327354000e-01 0
9.5054114000e-01 8.1537059000e-01 0
9.3177407000e-01 8.2262832000e-01 0
9.6813963000e-01 7.8327659000e-01 0
9.5048755000e-01 7.9550423000e-01 0
9.3160916000e-01 8.0250151000e-01 0
9.6813437000e-01 7.6326956000e-01 0
9.5044580000e-01 7.7547851000e-01 0
9.3159298000e-01 7.8242758000e-01 0
9.6813599000e-01 7.4326641000e-01 0
9.5045137000e-01 7.5545279000e-01 0
9.3154827000e-01 7.6238171000e-01 0
9.6816716000e-01 7.2326252000e-01 0
9.5046464000e-01 7.3541433000e-01 0
9.3156462000e-01 7.4236382000e-01 0
9.6813525000e-01 7.0327815000e-01 0
9.5050333000e-01 7.1543351000e-01 0
9.3163133000e-01 7.2238316000e-01 0
9.6812902000e-01 6.8327026000e-01 0
9.5043913000e-01 6.9549864000e-01 0
9.3164180000e-01 7.0234371000e-01 0
9.6810655000e-01 6.6325654000e-01 0
9.5043956000e-01 6.7547415000e-01 0
9.3158283000e-01 6.8235307000e-01 0
9.6815533000e-01 6.4324941000e-01 0
9.5042409000e-01 6.5540965000e-01 0
9.3154979000e-01 6.6234144000e-01 0
9.6816908000e-01 6.2325542000e-01 0
9.5050839000e-01 6.3537674000e-01 0
9.3163100000e-01 6.4232423000e-01 0
9.6815672000e-01 6.0326851000e-01 0
9.5050118000e-01 6.1543186000e-01 0
9.3167546000e-01 6.2234449000e-01 0
9.6815981000e-01 5.8327248000e-01 0
9.5047096000e-01 5.9545791000e-01 0
9.3167314000e-01 6.0231008000e-01 0
9.6813680000e-01 5.6327523000e-01 0
9.5048358000e-01 5.7546485000e-01 0
9.3162960000e-01 5.8231562000e-01 0
9.6813959000e-01 5.4326256000e-01 0
9.5045114000e-01 5.5546674000e-01 0
9.3162961000e-01 5.6232761000e-01 0
9.6813991000e-01 5.2325687000e-01 0
9.5046856000e-01 5.3543726000e-01 0
9.3161188000e-01 5.4230982000e-01 0
9.6816291000e-01 5.0325973000e-01 0
9.5046542000e-01 5.1542245000e-01 0
9.3162357000e-01 5.2230615000e-01 0
9.6816873000e-01 4.8326833000e-01 0
9.5050085000e-01 4.9541030000e-01 0
9.3166505000e-01 5.0231287000e-01 0
9.6814245000e-01 4.6326828000e-01 0
9.5049019000e-01 4.7547932000e-01 0
9.3167819000e-01 4.8233542000e-01 0
9.6814528000e-01 4.4326303000e-01 0
9.5045573000e-01 4.5546236000e-01 0
9.3164825000e-01 4.6232803000e-01 0
9.6814096000e-01 4.2325383000e-01 0
9.5046238000e-01 4.3542752000e-01 0
9.3161948000e-01 4.4233607000e-01 0
9.6813815000e-01 4.0325504000e-01 0
9.5046141000e-01 4.1545471000e-01 0
9.3157033000e-01 4.2234379000e-01 0
9.6817989000e-01 3.8324708000e-01 0
9.5048254000e-01 3.9534864000e-01 0
9.3164435000e-01 4.0237437000e-01 0
9.6814495000e-01 3.6327038000e-01 0
9.5051614000e-01 3.7542909000e-01 0
9.3167939000e-01 3.8231999000e-01 0
9.6815029000e-01 3.4327421000e-01 0
9.5044067000e-01 3.5549642000e-01 0
9.3167448000e-01 3.6234934000e-01 0
9.6812085000e-01 3.2327302000e-01 0
9.5046908000e-01 3.3548507000e-01 0
9.3164574000e-01 3.4236227000e-01 0
9.6815381000e-01 3.0326127000e-01 0
9.5043018000e-01 3.1544625000e-01 0
9.3160714000e-01 3.2236667000e-01 0
9.6814020000e-01 2.8325975000e-01 0
9.5049241000e-01 2.9541548000e-01 0
9.3163262000e-01 3.0237676000e-01 0
9.6812333000e-01 2.6325202000e-01 0
9.5045072000e-01 2.7547204000e-01 0
9.3163465000e-01 2.8234199000e-01 0
9.6814275000e-01 2.4324748000e-01 0
9.5043503000e-01 2.5543157000e-01 0
9.3161195000e-01 2.6233438000e-01 0
9.6817112000e-01 2.2325039000e-01 0
9.5047544000e-01 2.3538805000e-01 0
9.3161055000e-01 2.4231255000e-01 0
9.6816603000e-01 2.0326812000e-01 0
9.5050602000e-01 2.1542123000e-01 0
9.3157158000e-01 2.2232405000e-01 0
9.6815886000e-01 1.8328215000e-01 0
9.5048896000e-01 1.9544462000e-01 0
9.3156678000e-01 2.0237835000e-01 0
9.6812427000e-01 1.6328672000e-01 0
9.5047303000e-01 1.7549821000e-01 0
9.3158704000e-01 1.8249378000e-01 0
9.6811615000e-01 1.4327334000e-01 0
9.5042490000e-01 1.5550729000e-01 0
9.3166971000e-01 1.6268660000e-01 0
9.6812929000e-01 1.2326928000e-01 0
9.5043021000e-01 1.3543861000e-01 0
9.3155684000e-01 1.4302026000e-01 0
9.6825140000e-01 1.0362454000e-01 0
9.5124449000e-01 1.1557820000e-01 0
9.3120553000e-01 1.2366052000e-01 0
9.6909384000e-01 8.4839070000e-02 0
9.6662492000e-01 6.8144580000e-02 0
9.5128973000e-01 6.2078180000e-02 0
9.5137083000e-01 7.9429350000e-02 0
9.5225778000e-01 9.6758260000e-02 0
9.3322255000e-01 1.0435938000e-01 0
9.3377334000e-01 8.5936370000e-02 0
9.3462015000e-01 6.6690540000e-02 0
9.3947582000e-01 4.7781460000e-02 0
9.2480157000e-01 4.9985410000e-02 0
9.1350748000e-01 7.2286530000e-02 0
8.9866312000e-01 9.1497780000e-02 0
9.1778957000e-01 9.3222280000e-02 0
9.0983715000e-01 1.1451025000e-01 0
9.1621919000e-01 1.3586797000e-01 0
9.1192688000e-01 1.5657937000e-01 0
9.1375614000e-01 1.7707778000e-01 0
9.1026387000e-01 1.9679461000e-01 0
9.1300299000e-01 2.1742313000e-01 0
9.1025431000e-01 2.3729898000e-01 0
9.1305439000e-01 2.5776257000e-01 0
9.1058866000e-01 2.7765989000e-01 0
9.1331548000e-01 2.9783434000e-01 0
9.1087377000e-01 3.1758759000e-01 0
9.1331277000e-01 3.3787101000e-01 0
9.1080052000e-01 3.5766017000e-01 0
9.1330079000e-01 3.7791311000e-01 0
9.1087796000e-01 3.9770048000e-01 0
9.1341036000e-01 4.1782117000e-01 0
9.1090672000e-01 4.3750190000e-01 0
9.1332020000e-01 4.5780072000e-01 0
9.1076801000e-01 4.7756196000e-01 0
9.1330999000e-01 4.9782368000e-01 0
9.1083872000e-01 5.1762274000e-01 0
9.1331342000e-01 5.3784817000e-01 0
9.1083910000e-01 5.5761871000e-01 0
9.1331613000e-01 5.7786288000e-01 0
9.1084854000e-01 5.9765522000e-01 0
9.1324762000e-01 6.1788935000e-01 0
9.1077178000e-01 6.3762860000e-01 0
9.1332503000e-01 6.5779920000e-01 0
9.1081783000e-01 6.7753533000e-01 0
9.1324373000e-01 6.9782599000e-01 0
9.1071143000e-01 7.1755496000e-01 0
9.1335160000e-01 7.3776560000e-01 0
9.1082176000e-01 7.5753253000e-01 0
9.1323770000e-01 7.7786704000e-01 0
9.1066654000e-01 7.9769439000e-01 0
9.1314834000e-01 8.1787698000e-01 0
9.1052441000e-01 8.3728409000e-01 0
9.1019403000e-01 8.5612972000e-01 0
9.1659697000e-01 8.7568404000e-01 0
9.1285538000e-01 8.9527941000e-01 0
9.1183054000e-01 9.1484018000e-01 0
8.7880824000e-01 1.1122275000e-01 0
8.8863599000e-01 1.3770327000e-01 0
9.1360792000e-01 9.3438763000e-01 0
9.1323409000e-01 9.5280117000e-01 0
9.0478313000e-01 9.6617890000e-01 0
8.8640631000e-01 1.7589702000e-01 0
6.7288430000e-02 9.6642436000e-01 0
5.7940140000e-02 9.5140688000e-01 0
5.0090250000e-02 9.3561337000e-01 0
4.9456380000e-02 9.1358684000e-01 0
8.8743960000e-02 9.6618193000e-01 0
7.9023430000e-02 9.5156551000e-01 0
6.8222220000e-02 9.3713131000e-01 0
6.5585140000e-02 9.1994636000e-01 0
1.1010293000e-01 9.6608919000e-01 0
9.9934580000e-02 9.4988552000e-01 0
8.8015790000e-02 9.2903996000e-01 0
1.3123810000e-01 9.6647739000e-01 0
1.2052860000e-01 9.4985192000e-01 0
1.0943964000e-01 9.2949882000e-01 0
1.5209663000e-01 9.6710075000e-01 0
1.3994573000e-01 9.4857035000e-01 0
1.3069962000e-01 9.2920945000e-01 0
1.7265109000e-01 9.6713495000e-01 0
1.6039266000e-01 9.4938887000e-01 0
1.5196994000e-01 9.3000907000e-01 0
1.9325644000e-01 9.6708428000e-01 0
1.8021795000e-01 9.4920606000e-01 0
1.7283117000e-01 9.2991584000e-01 0
2.1391120000e-01 9.6713589000e-01 0
2.0105017000e-01 9.4908257000e-01 0
1.9352139000e-01 9.2970897000e-01 0
2.3453656000e-01 9.6712290000e-01 0
2.2179676000e-01 9.4920216000e-01 0
2.1427735000e-01 9.2967036000e-01 0
2.5516937000e-01 9.6710394000e-01 0
2.4230516000e-01 9.4917265000e-01 0
2.3500713000e-01 9.2964323000e-01 0
2.7580901000e-01 9.6711513000e-01 0
2.6297122000e-01 9.4913573000e-01 0
2.5575900000e-01 9.2964870000e-01 0
2.9644682000e-01 9.6711843000e-01 0
2.8364556000e-01 9.4915877000e-01 0
2.7643938000e-01 9.2966053000e-01 0
3.1707284000e-01 9.6712035000e-01 0
3.0425143000e-01 9.4915972000e-01 0
2.9706633000e-01 9.2972901000e-01 0
3.3771200000e-01 9.6711161000e-01 0
3.2489628000e-01 9.4915912000e-01 0
3.1774781000e-01 9.2975374000e-01 0
3.5835330000e-01 9.6705373000e-01 0
3.4545720000e-01 9.4913936000e-01 0
3.3837329000e-01 9.2973842000e-01 0
3.7901692000e-01 9.6709977000e-01 0
3.6612149000e-01 9.4906455000e-01 0
3.5897711000e-01 9.2967496000e-01 0
3.9965061000e-01 9.6711365000e-01 0
3.8689722000e-01 9.4914379000e-01 0
3.7960186000e-01 9.2970741000e-01 0
4.2029029000e-01 9.6708409000e-01 0
4.0745444000e-01 9.4916584000e-01 0
4.0028138000e-01 9.2973714000e-01 0
4.4093773000e-01 9.6708306000e-01 0
4.2805066000e-01 9.4910906000e-01 0
4.2093865000e-01 9.2971954000e-01 0
4.6158604000e-01 9.6710462000e-01 0
4.4877527000e-01 9.4911411000e-01 0
4.4156245000e-01 9.2969333000e-01 0
4.8221102000e-01 9.6707673000e-01 0
4.6938978000e-01 9.4914906000e-01 0
4.6224652000e-01 9.2971355000e-01 0
5.0285983000e-01 9.6710597000e-01 0
4.9000488000e-01 9.4910056000e-01 0
4.8289266000e-01 9.2968270000e-01 0
5.2349389000e-01 9.6707603000e-01 0
5.1067684000e-01 9.4914600000e-01 0
5.0352040000e-01 9.2967173000e-01 0
5.4415194000e-01 9.6708765000e-01 0
5.3125471000e-01 9.4910351000e-01 0
5.2413748000e-01 9.2960667000e-01 0
5.6481237000e-01 9.6712841000e-01 0
5.5199895000e-01 9.4913138000e-01 0
5.4474116000e-01 9.2963361000e-01 0
5.8542812000e-01 9.6716795000e-01 0
5.7406733000e-01 9.4863443000e-01 0
5.6544416000e-01 9.2980604000e-01 0
6.0603565000e-01 9.6710170000e-01 0
5.9320413000e-01 9.4923025000e-01 0
5.8602393000e-01 9.2947069000e-01 0
6.2668636000e-01 9.6708469000e-01 0
6.1375299000e-01 9.4910948000e-01 0
6.0656403000e-01 9.2965490000e-01 0
6.4734469000e-01 9.6706113000e-01 0
6.3448015000e-01 9.4910425000e-01 0
6.2724619000e-01 9.2972713000e-01 0
6.6800676000e-01 9.6706580000e-01 0
6.5513920000e-01 9.4908110000e-01 0
6.4795991000e-01 9.2963480000e-01 0
6.8865973000e-01 9.6707613000e-01 0
6.7582767000e-01 9.4910017000e-01 0
6.6866004000e-01 9.2962240000e-01 0
7.0929638000e-01 9.6710086000e-01 0
6.9650475000e-01 9.4911302000e-01 0
6.8933694000e-01 9.2961042000e-01 0
7.2994451000e-01 9.6706337000e-01 0
7.1710221000e-01 9.4914369000e-01 0
7.0997204000e-01 9.2959979000e-01 0
7.5061595000e-01 9.6703499000e-01 0
7.3768281000e-01 9.4908176000e-01 0
7.3056945000e-01 9.2959180000e-01 0
7.7129017000e-01 9.6706834000e-01 0
7.5843050000e-01 9.4904895000e-01 0
7.5114991000e-01 9.2963015000e-01 0
7.9194563000e-01 9.6706734000e-01 0
7.7914448000e-01 9.4910386000e-01 0
7.7171495000e-01 9.2964249000e-01 0
8.1260750000e-01 9.6704904000e-01 0
7.9971699000e-01 9.4910203000e-01 0
7.9217737000e-01 9.2991370000e-01 0
8.3325690000e-01 9.6710151000e-01 0
8.2041314000e-01 9.4907136000e-01 0
8.1237755000e-01 9.3096486000e-01 0
8.5352481000e-01 9.6724894000e-01 0
8.3965502000e-01 9.5308507000e-01 0
8.3850486000e-01 9.3344047000e-01 0
8.7337112000e-01 9.6766766000e-01 0
8.8992292000e-01 9.6709877000e-01 0
8.9669778000e-01 9.4828365000e-01 0
8.8103509000e-01 9.5501990000e-01 0
8.6726379000e-01 9.5175215000e-01 0
8.5162458000e-01 9.4619332000e-01 0
8.9516174000e-01 9.2558886000e-01 0
8.7956954000e-01 9.3767164000e-01 0
8.6185317000e-01 9.2964830000e-01 0
8.9283965000e-01 9.0381142000e-01 0
8.9020372000e-01 8.7814569000e-01 0
8.7988307000e-01 9.2019098000e-01 0
8.6370827000e-01 9.0068536000e-01 0
8.4311892000e-01 9.1085204000e-01 0
8.2271043000e-01 9.1111711000e-01 0
8.0179542000e-01 9.0539961000e-01 0
7.7998954000e-01 9.1210233000e-01 0
7.6016763000e-01 9.0658847000e-01 0
7.3828670000e-01 9.1203566000e-01 0
7.1849735000e-01 9.0718339000e-01 0
6.9681830000e-01 9.1210454000e-01 0
6.7714921000e-01 9.0736861000e-01 0
6.5543774000e-01 9.1217166000e-01 0
6.3573482000e-01 9.0743297000e-01 0
6.1408778000e-01 9.1225506000e-01 0
5.9448084000e-01 9.0746682000e-01 0
5.7300461000e-01 9.1221756000e-01 0
5.5346191000e-01 9.0756935000e-01 0
5.3164920000e-01 9.1218502000e-01 0
5.1195722000e-01 9.0735623000e-01 0
4.9035572000e-01 9.1221622000e-01 0
4.7072629000e-01 9.0749873000e-01 0
4.4902747000e-01 9.1226095000e-01 0
4.2934606000e-01 9.0750125000e-01 0
4.0778798000e-01 9.1230288000e-01 0
3.8819426000e-01 9.0755989000e-01 0
3.6644504000e-01 9.1227314000e-01 0
3.4674779000e-01 9.0748633000e-01 0
3.2521556000e-01 9.1232580000e-01 0
3.0563056000e-01 9.0760650000e-01 0
2.8394801000e-01 9.1223918000e-01 0
2.6432480000e-01 9.0741509000e-01 0
2.4257671000e-01 9.1215753000e-01 0
2.2291631000e-01 9.0737072000e-01 0
2.0096208000e-01 9.1234425000e-01 0
1.8102433000e-01 9.0758608000e-01 0
1.5916620000e-01 9.1281437000e-01 0
1.3887902000e-01 9.0812765000e-01 0
1.1826132000e-01 9.1241295000e-01 0
9.8647930000e-02 9.0763099000e-01 0
7.9903900000e-02 9.0837515000e-01 0
6.3787340000e-02 8.9945606000e-01 0
4.8103490000e-02 8.9224757000e-01 0
3.2664870000e-02 8.8722350000e-01 0
3.2440010000e-02 1.0597903000e-01 0
4.5298570000e-02 9.8966090000e-02 0
6.2375210000e-02 9.7466600000e-02 0
8.4277300000e-02 1.0135279000e-01 0
3.2135640000e-02 1.2661981000e-01 0
5.0803680000e-02 1.1718473000e-01 0
7.0572410000e-02 1.1502302000e-01 0
3.1917020000e-02 1.4677745000e-01 0
4.7223890000e-02 1.3697035000e-01 0
6.7596240000e-02 1.3299597000e-01 0
3.1814370000e-02 1.6676431000e-01 0
4.7416050000e-02 1.5746679000e-01 0
6.1694090000e-02 1.5011010000e-01 0
3.1835560000e-02 1.8672820000e-01 0
4.8910110000e-02 1.7602483000e-01 0
6.5780520000e-02 1.6814765000e-01 0
3.1897110000e-02 2.0673187000e-01 0
4.9642050000e-02 1.9548247000e-01 0
6.7672980000e-02 1.8777523000e-01 0
3.1835110000e-02 2.2675601000e-01 0
4.9647540000e-02 2.1434253000e-01 0
6.9928400000e-02 2.0654355000e-01 0
3.1848180000e-02 2.4673728000e-01 0
4.9462090000e-02 2.3468441000e-01 0
7.0287590000e-02 2.2544257000e-01 0
3.1843440000e-02 2.6673659000e-01 0
4.9527570000e-02 2.5449760000e-01 0
6.9629800000e-02 2.4547163000e-01 0
3.1839710000e-02 2.8672362000e-01 0
4.9516290000e-02 2.7458039000e-01 0
7.0223660000e-02 2.6536762000e-01 0
3.1870730000e-02 3.0672408000e-01 0
4.9521400000e-02 2.9452961000e-01 0
6.9676970000e-02 2.8557816000e-01 0
3.1904260000e-02 3.2674972000e-01 0
4.9566500000e-02 3.1448012000e-01 0
7.0209750000e-02 3.0543202000e-01 0
3.1847890000e-02 3.4677601000e-01 0
4.9598130000e-02 3.3459507000e-01 0
6.9662250000e-02 3.2560304000e-01 0
3.1810850000e-02 3.6675499000e-01 0
4.9482920000e-02 3.5468518000e-01 0
7.0361460000e-02 3.4537939000e-01 0
3.1810570000e-02 3.8673269000e-01 0
4.9466250000e-02 3.7460290000e-01 0
6.9691360000e-02 3.6559072000e-01 0
3.1846870000e-02 4.0671803000e-01 0
4.9493680000e-02 3.9449745000e-01 0
7.0132120000e-02 3.8540540000e-01 0
3.1856830000e-02 4.2672286000e-01 0
4.9539170000e-02 4.1451455000e-01 0
6.9555920000e-02 4.0563650000e-01 0
3.1856210000e-02 4.4672768000e-01 0
4.9535920000e-02 4.3455030000e-01 0
7.0178790000e-02 4.2539680000e-01 0
3.1858090000e-02 4.6673724000e-01 0
4.9532290000e-02 4.5456689000e-01 0
6.9700640000e-02 4.4566511000e-01 0
3.1875530000e-02 4.8673794000e-01 0
4.9538700000e-02 4.7453063000e-01 0
7.0221790000e-02 4.6543075000e-01 0
3.1831680000e-02 5.0674999000e-01 0
4.9557720000e-02 4.9458241000e-01 0
6.9655680000e-02 4.8567646000e-01 0
3.1848140000e-02 5.2673352000e-01 0
4.9479650000e-02 5.1461069000e-01 0
7.0269290000e-02 5.0543471000e-01 0
3.1852080000e-02 5.4673585000e-01 0
4.9533780000e-02 5.3452198000e-01 0
6.9636020000e-02 5.2562533000e-01 0
3.1866300000e-02 5.6674151000e-01 0
4.9527380000e-02 5.5455993000e-01 0
7.0160250000e-02 5.4546346000e-01 0
3.1860820000e-02 5.8674333000e-01 0
4.9555050000e-02 5.7454262000e-01 0
6.9637340000e-02 5.6559650000e-01 0
3.1830470000e-02 6.0674396000e-01 0
4.9511180000e-02 5.9464202000e-01 0
7.0271950000e-02 5.8540161000e-01 0
3.1859520000e-02 6.2672240000e-01 0
4.9501350000e-02 6.1455141000e-01 0
6.9679500000e-02 6.0563915000e-01 0
3.1867270000e-02 6.4672786000e-01 0
4.9551300000e-02 6.3451820000e-01 0
7.0106490000e-02 6.2548675000e-01 0
3.1880220000e-02 6.6674050000e-01 0
4.9554860000e-02 6.5451723000e-01 0
6.9583030000e-02 6.4566969000e-01 0
3.1850260000e-02 6.8674751000e-01 0
4.9552680000e-02 6.7458672000e-01 0
7.0238230000e-02 6.6556137000e-01 0
3.1824840000e-02 7.0674340000e-01 0
4.9508540000e-02 6.9462391000e-01 0
6.9544700000e-02 6.8597648000e-01 0
3.1869230000e-02 7.2673404000e-01 0
4.9489130000e-02 7.1455090000e-01 0
6.9854520000e-02 7.0557205000e-01 0
3.1864760000e-02 7.4676375000e-01 0
4.9567700000e-02 7.3452371000e-01 0
6.8391960000e-02 7.2768984000e-01 0
3.1868690000e-02 7.6678553000e-01 0
4.9534010000e-02 7.5457579000e-01 0
6.8497480000e-02 7.4766691000e-01 0
3.1735180000e-02 7.8676619000e-01 0
5.0133440000e-02 7.7577706000e-01 0
6.8518550000e-02 7.6766579000e-01 0
3.1810400000e-02 8.0668009000e-01 0
4.9352650000e-02 7.9467618000e-01 0
6.9563950000e-02 7.8757590000e-01 0
3.1982820000e-02 8.2676240000e-01 0
4.9504680000e-02 8.1420749000e-01 0
6.9292000000e-02 8.0735615000e-01 0
3.1852570000e-02 8.4676378000e-01 0
5.1780440000e-02 8.3877244000e-01 0
6.9658430000e-02 8.2709236000e-01 0
3.1421230000e-02 8.6499210000e-01 0
3.9672540000e-02 8.7605673000e-01 0
4.8499780000e-02 8.6055505000e-01 0
6.6825870000e-02 8.4673010000e-01 0
6.0574470000e-02 8.7986154000e-01 0
7.4397770000e-02 8.6491560000e-01 0
8.4912110000e-02 8.8560784000e-01 0
1.1955923000e-01 8.8574641000e-01 0
1.0444219000e-01 8.6301247000e-01 0
9.0450150000e-02 8.4374569000e-01 0
9.2023660000e-02 8.1982394000e-01 0
9.2061000000e-02 7.9758396000e-01 0
8.9494020000e-02 7.7610559000e-01 0
8.5586840000e-02 7.5435495000e-01 0
9.0043710000e-02 7.3411530000e-01 0
8.7039440000e-02 7.1334774000e-01 0
9.2196330000e-02 6.9311118000e-01 0
8.8893770000e-02 6.7249340000e-01 0
9.2970430000e-02 6.5231163000e-01 0
8.9002720000e-02 6.3210916000e-01 0
9.2718540000e-02 6.1202712000e-01 0
8.9097180000e-02 5.9204881000e-01 0
9.2865810000e-02 5.7197058000e-01 0
8.9097770000e-02 5.5204967000e-01 0
9.2770630000e-02 5.3200143000e-01 0
8.9097300000e-02 5.1207581000e-01 0
9.2852170000e-02 4.9200082000e-01 0
8.9080210000e-02 4.7205458000e-01 0
9.2803310000e-02 4.5197178000e-01 0
8.9044550000e-02 4.3200051000e-01 0
9.2738930000e-02 4.1192591000e-01 0
8.8934840000e-02 3.9201572000e-01 0
9.2679540000e-02 3.7202471000e-01 0
8.9126310000e-02 3.5205099000e-01 0
9.2941500000e-02 3.3194344000e-01 0
8.9142570000e-02 3.1201615000e-01 0
9.2810680000e-02 2.9194179000e-01 0
8.9091480000e-02 2.7198811000e-01 0
9.2848780000e-02 2.5195393000e-01 0
8.9319480000e-02 2.3206794000e-01 0
9.2444940000e-02 2.1094016000e-01 0
9.1516110000e-02 1.9161559000e-01 0
8.0827950000e-02 1.7341389000e-01 0
8.3499950000e-02 1.5129974000e-01 0
9.0571390000e-02 1.2629453000e-01 0
1.1155230000e-01 1.1482352000e-01 0
1.1281442000e-01 1.4176862000e-01 0
1.0976844000e-01 1.7087468000e-01 0
1.3486967000e-01 1.2477960000e-01 0
1.6155120000e-01 1.1795613000e-01 0
1.4937293000e-01 1.5454796000e-01 0
1.9799639000e-01 1.1727074000e-01 0
1.8491156000e-01 1.4893948000e-01 0
2.3752861000e-01 1.1928657000e-01 0
2.2026088000e-01 1.4850270000e-01 0
8.4928996000e-01 1.1454243000e-01 0
8.6133262000e-01 1.3352556000e-01 0
8.6366413000e-01 1.6075109000e-01 0
8.2420039000e-01 1.1468125000e-01 0
7.9504529000e-01 1.1371833000e-01 0
8.3392437000e-01 1.4244522000e-01 0
8.0265455000e-01 1.4433407000e-01 0
1.5896408000e-01 8.8367575000e-01 0
1.3939721000e-01 8.5831607000e-01 0
1.1733596000e-01 8.3714674000e-01 0
1.1806970000e-01 8.1093459000e-01 0
1.1493110000e-01 7.8395809000e-01 0
1.1377238000e-01 7.5445953000e-01 0
2.0037434000e-01 8.8289064000e-01 0
1.7574860000e-01 8.5064825000e-01 0
1.4745708000e-01 8.2625710000e-01 0
1.4530034000e-01 7.9424729000e-01 0
1.4313186000e-01 7.6275010000e-01 0
2.4210773000e-01 8.8299964000e-01 0
2.1794355000e-01 8.4609648000e-01 0
1.8422639000e-01 8.1086004000e-01 0
1.7052058000e-01 7.7525629000e-01 0
2.8349283000e-01 8.8323063000e-01 0
2.5864351000e-01 8.4952469000e-01 0
2.3776375000e-01 8.0816848000e-01 0
2.1433388000e-01 7.7089025000e-01 0
3.2477680000e-01 8.8348556000e-01 0
2.9766394000e-01 8.4751049000e-01 0
2.8055816000e-01 8.0764569000e-01 0
2.6192008000e-01 7.7745820000e-01 0
3.6593563000e-01 8.8315779000e-01 0
3.3975341000e-01 8.4831719000e-01 0
3.2399541000e-01 8.0648434000e-01 0
3.0408603000e-01 7.6114229000e-01 0
4.0729098000e-01 8.8339846000e-01 0
3.8245032000e-01 8.4970216000e-01 0
3.6601061000e-01 8.0774453000e-01 0
3.4823750000e-01 7.5728033000e-01 0
4.4849558000e-01 8.8320636000e-01 0
4.2434926000e-01 8.5027125000e-01 0
4.0732531000e-01 8.0959479000e-01 0
3.9066077000e-01 7.6365642000e-01 0
4.8989464000e-01 8.8323821000e-01 0
4.6593379000e-01 8.5023552000e-01 0
4.4850001000e-01 8.1053999000e-01 0
4.3427050000e-01 7.7400561000e-01 0
5.3121659000e-01 8.8301233000e-01 0
5.0518181000e-01 8.4839520000e-01 0
4.8936697000e-01 8.1071252000e-01 0
4.7715533000e-01 7.6627577000e-01 0
5.7256917000e-01 8.8353013000e-01 0
5.4701181000e-01 8.4810011000e-01 0
5.3150341000e-01 8.0946742000e-01 0
5.1944041000e-01 7.7172138000e-01 0
6.1354451000e-01 8.8326544000e-01 0
5.8789763000e-01 8.4859344000e-01 0
5.7492640000e-01 8.0639072000e-01 0
5.6005724000e-01 7.6489378000e-01 0
6.5485869000e-01 8.8308708000e-01 0
6.2998561000e-01 8.4979681000e-01 0
6.1844207000e-01 8.0530808000e-01 0
6.0136451000e-01 7.6966526000e-01 0
6.9608000000e-01 8.8313288000e-01 0
6.7195913000e-01 8.4990343000e-01 0
6.5664739000e-01 8.0977319000e-01 0
6.4517984000e-01 7.5908487000e-01 0
7.3751324000e-01 8.8262628000e-01 0
7.1337971000e-01 8.5003653000e-01 0
6.9490279000e-01 8.1166420000e-01 0
6.8468264000e-01 7.6585081000e-01 0
7.7699383000e-01 8.8289054000e-01 0
7.4821208000e-01 8.5501196000e-01 0
7.3139671000e-01 8.1617491000e-01 0
7.1998858000e-01 7.8478925000e-01 0
8.8459950000e-01 2.1734635000e-01 0
8.6033817000e-01 1.9020266000e-01 0
8.2620333000e-01 1.7759534000e-01 0
8.8448771000e-01 2.5794395000e-01 0
8.8492153000e-01 2.9799629000e-01 0
8.8463768000e-01 3.3777632000e-01 0
8.8462028000e-01 3.7792739000e-01 0
8.8500046000e-01 4.1780232000e-01 0
8.8469377000e-01 4.5765621000e-01 0
8.8468525000e-01 4.9783272000e-01 0
8.8467768000e-01 5.3780871000e-01 0
8.8464183000e-01 5.7783017000e-01 0
8.8459154000e-01 6.1779249000e-01 0
8.8484617000e-01 6.5779289000e-01 0
8.8466429000e-01 6.9770217000e-01 0
8.8491637000e-01 7.3780269000e-01 0
8.8453218000e-01 7.7771316000e-01 0
8.8519921000e-01 8.1770876000e-01 0
8.8806666000e-01 8.4643948000e-01 0
8.6084011000e-01 8.6564889000e-01 0
8.3767562000e-01 8.8819962000e-01 0
8.1514121000e-01 8.8228823000e-01 0
8.5547974000e-01 8.3146453000e-01 0
8.5233299000e-01 7.9593717000e-01 0
8.3276103000e-01 8.5960627000e-01 0
8.2775325000e-01 8.2371162000e-01 0
8.0265288000e-01 8.5388761000e-01 0
7.7631963000e-01 8.4814824000e-01 0
7.6400377000e-01 8.2338154000e-01 0
7.9649865000e-01 8.1535380000e-01 0
7.6289979000e-01 7.8395670000e-01 0
8.5298616000e-01 7.6027613000e-01 0
8.5116475000e-01 7.1634373000e-01 0
8.4728074000e-01 6.7625754000e-01 0
8.5238839000e-01 6.4002608000e-01 0
8.5211352000e-01 6.0002390000e-01 0
8.5209671000e-01 5.6014070000e-01 0
8.5194131000e-01 5.2044257000e-01 0
8.5197239000e-01 4.8030491000e-01 0
8.5191577000e-01 4.4027720000e-01 0
8.5214135000e-01 4.0059747000e-01 0
8.5196253000e-01 3.6031669000e-01 0
8.5191985000e-01 3.2029768000e-01 0
8.5384689000e-01 2.8327021000e-01 0
8.5523026000e-01 2.4865177000e-01 0
8.4054593000e-01 2.1943648000e-01 0
8.1537715000e-01 7.7965636000e-01 0
8.2121339000e-01 7.3810120000e-01 0
7.7717738000e-01 7.4210816000e-01 0
7.3047835000e-01 7.3941398000e-01 0
8.0548744000e-01 6.9625760000e-01 0
7.6119071000e-01 7.0382372000e-01 0
8.1296977000e-01 6.5415235000e-01 0
7.6489131000e-01 6.6354923000e-01 0
8.1786500000e-01 6.1646402000e-01 0
7.7990788000e-01 6.2556359000e-01 0
8.1417568000e-01 5.7393951000e-01 0
7.7678680000e-01 5.8911682000e-01 0
8.1208427000e-01 5.3208464000e-01 0
7.7907783000e-01 5.4945007000e-01 0
8.1541404000e-01 4.9493850000e-01 0
7.6711319000e-01 5.0764570000e-01 0
8.1290376000e-01 4.5563975000e-01 0
8.1355292000e-01 4.1507184000e-01 0
8.1412146000e-01 3.7542156000e-01 0
8.1461742000e-01 3.3670427000e-01 0
8.1752698000e-01 2.9772065000e-01 0
8.1690048000e-01 2.5693785000e-01 0
7.7228961000e-01 4.6920941000e-01 0
7.7731559000e-01 4.2780055000e-01 0
7.6978336000e-01 3.8788386000e-01 0
7.7962939000e-01 3.5006075000e-01 0
7.7694118000e-01 3.1256961000e-01 0
7.8542228000e-01 2.7807242000e-01 0
7.9928823000e-01 2.1119792000e-01 0
7.7246588000e-01 2.4366794000e-01 0
7.7890947000e-01 1.7456404000e-01 0
7.6028380000e-01 2.0823783000e-01 0
7.7647804000e-01 1.4058560000e-01 0
7.6249742000e-01 1.1451274000e-01 0
7.3388110000e-01 1.1306514000e-01 0
7.4543432000e-01 1.4957338000e-01 0
7.3301719000e-01 1.8403620000e-01 0
1.1601117000e-01 7.1365794000e-01 0
1.4306032000e-01 7.2902760000e-01 0
1.7703377000e-01 7.3862133000e-01 0
1.1777140000e-01 6.7232751000e-01 0
1.4536586000e-01 6.9054218000e-01 0
1.7613958000e-01 7.0433957000e-01 0
2.0591319000e-01 7.1813123000e-01 0
2.5110103000e-01 7.1973631000e-01 0
1.1679909000e-01 6.3151719000e-01 0
1.4723761000e-01 6.4872904000e-01 0
1.7519226000e-01 6.6864144000e-01 0
2.1556599000e-01 6.7677178000e-01 0
1.1687366000e-01 5.9156052000e-01 0
1.4941524000e-01 6.0885585000e-01 0
1.9031601000e-01 6.3373324000e-01 0
1.1666558000e-01 5.5149319000e-01 0
1.5003982000e-01 5.7195432000e-01 0
1.8598785000e-01 5.8754395000e-01 0
1.1680520000e-01 5.1151443000e-01 0
1.4796158000e-01 5.3142588000e-01 0
1.9149154000e-01 5.5035705000e-01 0
1.1677094000e-01 4.7142196000e-01 0
1.4923890000e-01 4.9391321000e-01 0
1.8688965000e-01 5.0900080000e-01 0
1.1678917000e-01 4.3137151000e-01 0
1.4958123000e-01 4.5377089000e-01 0
1.8873157000e-01 4.6861621000e-01 0
1.1640053000e-01 3.9149050000e-01 0
1.4953551000e-01 4.1358295000e-01 0
1.8786770000e-01 4.2847927000e-01 0
1.1696178000e-01 3.5158741000e-01 0
1.4952000000e-01 3.7398246000e-01 0
1.8762680000e-01 3.8864554000e-01 0
1.1674555000e-01 3.1140122000e-01 0
1.4949329000e-01 3.3359794000e-01 0
1.8709739000e-01 3.4924593000e-01 0
1.1651704000e-01 2.7165382000e-01 0
1.4954335000e-01 2.9350487000e-01 0
1.8735006000e-01 3.1064104000e-01 0
1.1696736000e-01 2.3167005000e-01 0
1.4834009000e-01 2.5485031000e-01 0
1.8728346000e-01 2.7366737000e-01 0
1.1472079000e-01 2.0090726000e-01 0
1.4359449000e-01 1.8476885000e-01 0
1.7547156000e-01 1.8328248000e-01 0
2.0127604000e-01 1.7707991000e-01 0
1.5346847000e-01 2.1883350000e-01 0
1.8173588000e-01 2.3971303000e-01 0
1.9630454000e-01 2.0996505000e-01 0
2.7992923000e-01 1.1856190000e-01 0
2.6131687000e-01 1.5041428000e-01 0
2.4105194000e-01 1.9242594000e-01 0
2.2278222000e-01 2.4384096000e-01 0
2.3206438000e-01 2.8601320000e-01 0
2.2904069000e-01 3.3143533000e-01 0
2.3114315000e-01 3.7248316000e-01 0
2.2043013000e-01 4.1205757000e-01 0
2.2972946000e-01 4.5016813000e-01 0
2.3543340000e-01 4.8906976000e-01 0
2.2056369000e-01 5.3075301000e-01 0
2.3376899000e-01 5.6917881000e-01 0
2.1850986000e-01 6.0818245000e-01 0
2.3676345000e-01 6.4375829000e-01 0
2.7179568000e-01 6.7552666000e-01 0
3.1275275000e-01 7.0849506000e-01 0
3.7663015000e-01 7.1268741000e-01 0
4.3596773000e-01 7.1707693000e-01 0
5.1833702000e-01 7.1435922000e-01 0
5.9795663000e-01 7.1384150000e-01 0
6.6913584000e-01 7.1265019000e-01 0
7.1443695000e-01 6.8133564000e-01 0
7.3414484000e-01 6.1885632000e-01 0
7.2547180000e-01 5.5539940000e-01 0
7.2248268000e-01 4.8970426000e-01 0
7.2756801000e-01 4.2943592000e-01 0
7.0050661000e-01 1.1613712000e-01 0
7.1364707000e-01 1.4797160000e-01 0
6.7117593000e-01 1.1254319000e-01 0
6.8024962000e-01 1.4912379000e-01 0
6.9544331000e-01 1.8979111000e-01 0
7.2168501000e-01 2.3331558000e-01 0
7.3752057000e-01 2.8266725000e-01 0
7.3108076000e-01 3.4560429000e-01 0
7.0364239000e-01 3.8579006000e-01 0
6.3938885000e-01 1.1450866000e-01 0
6.5058602000e-01 1.4327593000e-01 0
6.0860919000e-01 1.1374713000e-01 0
6.2491407000e-01 1.4140387000e-01 0
6.6166497000e-01 1.8147771000e-01 0
6.2816776000e-01 1.7423330000e-01 0
6.7207899000e-01 2.2465608000e-01 0
6.3132627000e-01 2.1373186000e-01 0
6.7854885000e-01 2.7016784000e-01 0
6.8319634000e-01 3.2710564000e-01 0
6.3278538000e-01 2.5971782000e-01 0
6.3627202000e-01 3.0887087000e-01 0
6.3887430000e-01 3.6799912000e-01 0
6.6915654000e-01 4.1846995000e-01 0
6.7446214000e-01 4.7376833000e-01 0
6.8289857000e-01 5.2964523000e-01 0
6.6427986000e-01 5.8448243000e-01 0
6.8156176000e-01 6.4760119000e-01 0
6.1486982000e-01 6.4930629000e-01 0
5.4853178000e-01 6.5501359000e-01 0
4.7805479000e-01 6.5379670000e-01 0
4.0865865000e-01 6.5106639000e-01 0
3.3559982000e-01 6.5098027000e-01 0
2.7971395000e-01 6.1032990000e-01 0
5.7796948000e-01 5.8605058000e-01 0
6.1238373000e-01 5.2337198000e-01 0
5.0828857000e-01 5.8493031000e-01 0
4.3669905000e-01 5.8519688000e-01 0
3.5483870000e-01 5.7911415000e-01 0
5.4095914000e-01 5.0964065000e-01 0
4.6823854000e-01 5.1082132000e-01 0
3.9933387000e-01 5.2864801000e-01 0
2.7966860000e-01 5.3388248000e-01 0
3.3787075000e-01 4.9832558000e-01 0
2.8009596000e-01 4.6884392000e-01 0
2.7136847000e-01 4.0900629000e-01 0
6.0223056000e-01 4.4082026000e-01 0
3.3631933000e-01 4.2540495000e-01 0
4.1344256000e-01 4.4955463000e-01 0
5.0599182000e-01 4.3860901000e-01 0
5.6942313000e-01 3.5516627000e-01 0
5.8222218000e-01 2.8061501000e-01 0
5.9176810000e-01 2.3238274000e-01 0
5.9464485000e-01 1.9186873000e-01 0
5.9162024000e-01 1.5227993000e-01 0
5.7575626000e-01 1.1595431000e-01 0
5.4757951000e-01 1.1340582000e-01 0
5.6017605000e-01 1.4168069000e-01 0
5.5876419000e-01 1.7661684000e-01 0
5.5411586000e-01 2.1292588000e-01 0
5.5271235000e-01 2.5587072000e-01 0
5.2777430000e-01 2.9952960000e-01 0
4.7598987000e-01 3.6633880000e-01 0
3.8506058000e-01 3.7255351000e-01 0
3.2609820000e-01 3.6579156000e-01 0
2.7000763000e-01 3.5660078000e-01 0
2.9012522000e-01 3.0260351000e-01 0
2.7570756000e-01 2.4614600000e-01 0
3.6074315000e-01 3.1085974000e-01 0
3.3892576000e-01 2.6476711000e-01 0
4.4101959000e-01 3.0697034000e-01 0
3.8596300000e-01 2.5440335000e-01 0
5.0016914000e-01 2.4070473000e-01 0
4.3785611000e-01 2.2774159000e-01 0
5.1517328000e-01 1.8791727000e-01 0
4.7113847000e-01 1.8996613000e-01 0
5.2426874000e-01 1.4856232000e-01 0
5.1904218000e-01 1.1318321000e-01 0
4.9452622000e-01 1.5994945000e-01 0
4.9353651000e-01 1.2233637000e-01 0
4.6168031000e-01 1.1489210000e-01 0
4.6602334000e-01 1.4942467000e-01 0
2.8858493000e-01 1.8693531000e-01 0
3.3982049000e-01 2.1346522000e-01 0
3.8514086000e-01 1.9960494000e-01 0
4.3090531000e-01 1.7890950000e-01 0
3.0092620000e-01 1.4706948000e-01 0
3.3884744000e-01 1.7245423000e-01 0
3.1200043000e-01 1.1718119000e-01 0
3.3075484000e-01 1.3299786000e-01 0
3.3980854000e-01 1.1075297000e-01 0
3.8711516000e-01 1.6090552000e-01 0
3.6205554000e-01 1.3531831000e-01 0
3.6766462000e-01 1.1205247000e-01 0
4.3194753000e-01 1.4135529000e-01 0
4.2499856000e-01 1.1167110000e-01 0
3.9759664000e-01 1.2565099000e-01 0
4.0608687000e-01 9.4716290000e-02 0
