-1.0256410256e+03 -1.1538461538e+02 0
8.0717948718e+04 -1.2820512821e+01 0
8.0717948718e+04 2.5012820513e+04 0
-1.0256410256e+03 2.4910256410e+04 0
7.9729150344e+04 -1.4061163227e+01 0
7.8732177611e+04 -1.5312070044e+01 0
7.7735204878e+04 -1.6562976861e+01 0
7.6738232145e+04 -1.7813883677e+01 0
7.5741259412e+04 -1.9064790494e+01 0
7.4744286679e+04 -2.0315697311e+01 0
7.3747313946e+04 -2.1566604128e+01 0
7.2750341213e+04 -2.2817510944e+01 0
7.1753368480e+04 -2.4068417761e+01 0
7.0756395747e+04 -2.5319324578e+01 0
6.9759423014e+04 -2.6570231395e+01 0
6.8762450281e+04 -2.7821138211e+01 0
6.7765477548e+04 -2.9072045028e+01 0
6.6768504816e+04 -3.0322951845e+01 0
6.5771532083e+04 -3.1573858662e+01 0
6.4774559350e+04 -3.2824765478e+01 0
6.3777586617e+04 -3.4075672295e+01 0
6.2780613884e+04 -3.5326579112e+01 0
6.1783641151e+04 -3.6577485929e+01 0
6.0786668418e+04 -3.7828392745e+01 0
5.9789695685e+04 -3.9079299562e+01 0
5.8792722952e+04 -4.0330206379e+01 0
5.7795750219e+04 -4.1581113196e+01 0
5.6798777486e+04 -4.2832020013e+01 0
5.5801804753e+04 -4.4082926829e+01 0
5.4804832020e+04 -4.5333833646e+01 0
5.3807859287e+04 -4.6584740463e+01 0
5.2810886554e+04 -4.7835647280e+01 0
5.1813913821e+04 -4.9086554096e+01 0
5.0816941088e+04 -5.0337460913e+01 0
4.9819968355e+04 -5.1588367730e+01 0
4.8822995622e+04 -5.2839274547e+01 0
4.7826022889e+04 -5.4090181363e+01 0
4.6829050156e+04 -5.5341088180e+01 0
4.5832077423e+04 -5.6591994997e+01 0
4.4835104690e+04 -5.7842901814e+01 0
4.3838131957e+04 -5.9093808630e+01 0
4.2841159225e+04 -6.0344715447e+01 0
4.1844186492e+04 -6.1595622264e+01 0
4.0847213759e+04 -6.2846529081e+01 0
3.9850241026e+04 -6.4097435897e+01 0
3.8853268293e+04 -6.5348342714e+01 0
3.7856295560e+04 -6.6599249531e+01 0
3.6859322827e+04 -6.7850156348e+01 0
3.5862350094e+04 -6.9101063164e+01 0
3.4865377361e+04 -7.0351969981e+01 0
3.3868404628e+04 -7.1602876798e+01 0
3.2871431895e+04 -7.2853783615e+01 0
3.1874459162e+04 -7.4104690432e+01 0
3.0877486429e+04 -7.5355597248e+01 0
2.9880513696e+04 -7.6606504065e+01 0
2.8883540963e+04 -7.7857410882e+01 0
2.7886568230e+04 -7.9108317699e+01 0
2.6889595497e+04 -8.0359224515e+01 0
2.5892622764e+04 -8.1610131332e+01 0
2.4895650031e+04 -8.2861038149e+01 0
2.3898677298e+04 -8.4111944966e+01 0
2.2901704565e+04 -8.5362851782e+01 0
2.1904731832e+04 -8.6613758599e+01 0
2.0907759099e+04 -8.7864665416e+01 0
1.9910786366e+04 -8.9115572233e+01 0
1.8913813634e+04 -9.0366479049e+01 0
1.7916840901e+04 -9.1617385866e+01 0
1.6919868168e+04 -9.2868292683e+01 0
1.5922895435e+04 -9.4119199500e+01 0
1.4925922702e+04 -9.5370106316e+01 0
1.3928949969e+04 -9.6621013133e+01 0
1.2931977236e+04 -9.7871919950e+01 0
1.1935004503e+04 -9.9122826767e+01 0
1.0938031770e+04 -1.0037373358e+02 0
9.9410590369e+03 -1.0162464040e+02 0
8.9440863039e+03 -1.0287554722e+02 0
7.9471135710e+03 -1.0412645403e+02 0
6.9501408380e+03 -1.0537736085e+02 0
5.9531681051e+03 -1.0662826767e+02 0
4.9561953721e+03 -1.0787917448e+02 0
3.9592226391e+03 -1.0913008130e+02 0
2.9622499062e+03 -1.1038098812e+02 0
1.9652771732e+03 -1.1163189493e+02 0
9.6830444028e+02 -1.1288280175e+02 0
-2.8668292683e+01 -1.1413370857e+02 0
8.0717948718e+04 2.4014197333e+04 0
8.0717948718e+04 2.3013071590e+04 0
8.0717948718e+04 2.2011945846e+04 0
8.0717948718e+04 2.1010820103e+04 0
8.0717948718e+04 2.0009694359e+04 0
8.0717948718e+04 1.9008568615e+04 0
8.0717948718e+04 1.8007442872e+04 0
8.0717948718e+04 1.7006317128e+04 0
8.0717948718e+04 1.6005191385e+04 0
8.0717948718e+04 1.5004065641e+04 0
8.0717948718e+04 1.4002939897e+04 0
8.0717948718e+04 1.3001814154e+04 0
8.0717948718e+04 1.2000688410e+04 0
8.0717948718e+04 1.0999562667e+04 0
8.0717948718e+04 9.9984369231e+03 0
8.0717948718e+04 8.9973111795e+03 0
8.0717948718e+04 7.9961854359e+03 0
8.0717948718e+04 6.9950596923e+03 0
8.0717948718e+04 5.9939339487e+03 0
8.0717948718e+04 4.9928082051e+03 0
8.0717948718e+04 3.9916824615e+03 0
8.0717948718e+04 2.9905567179e+03 0
8.0717948718e+04 1.9894309744e+03 0
8.0717948718e+04 9.8830523077e+02 0
-3.6842651658e+01 2.4911497061e+04 0
9.6013008130e+02 2.4912747967e+04 0
1.9571028143e+03 2.4913998874e+04 0
2.9540755472e+03 2.4915249781e+04 0
3.9510482802e+03 2.4916500688e+04 0
4.9480210131e+03 2.4917751595e+04 0
5.9449937461e+03 2.4919002502e+04 0
6.9419664790e+03 2.4920253408e+04 0
7.9389392120e+03 2.4921504315e+04 0
8.9359119450e+03 2.4922755222e+04 0
9.9328846779e+03 2.4924006129e+04 0
1.0929857411e+04 2.4925257036e+04 0
1.1926830144e+04 2.4926507942e+04 0
1.2923802877e+04 2.4927758849e+04 0
1.3920775610e+04 2.4929009756e+04 0
1.4917748343e+04 2.4930260663e+04 0
1.5914721076e+04 2.4931511570e+04 0
1.6911693809e+04 2.4932762477e+04 0
1.7908666542e+04 2.4934013383e+04 0
1.8905639275e+04 2.4935264290e+04 0
1.9902612008e+04 2.4936515197e+04 0
2.0899584740e+04 2.4937766104e+04 0
2.1896557473e+04 2.4939017011e+04 0
2.2893530206e+04 2.4940267917e+04 0
2.3890502939e+04 2.4941518824e+04 0
2.4887475672e+04 2.4942769731e+04 0
2.5884448405e+04 2.4944020638e+04 0
2.6881421138e+04 2.4945271545e+04 0
2.7878393871e+04 2.4946522452e+04 0
2.8875366604e+04 2.4947773358e+04 0
2.9872339337e+04 2.4949024265e+04 0
3.0869312070e+04 2.4950275172e+04 0
3.1866284803e+04 2.4951526079e+04 0
3.2863257536e+04 2.4952776986e+04 0
3.3860230269e+04 2.4954027892e+04 0
3.4857203002e+04 2.4955278799e+04 0
3.5854175735e+04 2.4956529706e+04 0
3.6851148468e+04 2.4957780613e+04 0
3.7848121201e+04 2.4959031520e+04 0
3.8845093934e+04 2.4960282427e+04 0
3.9842066667e+04 2.4961533333e+04 0
4.0839039400e+04 2.4962784240e+04 0
4.1836012133e+04 2.4964035147e+04 0
4.2832984866e+04 2.4965286054e+04 0
4.3829957598e+04 2.4966536961e+04 0
4.4826930331e+04 2.4967787867e+04 0
4.5823903064e+04 2.4969038774e+04 0
4.6820875797e+04 2.4970289681e+04 0
4.7817848530e+04 2.4971540588e+04 0
4.8814821263e+04 2.4972791495e+04 0
4.9811793996e+04 2.4974042402e+04 0
5.0808766729e+04 2.4975293308e+04 0
5.1805739462e+04 2.4976544215e+04 0
5.2802712195e+04 2.4977795122e+04 0
5.3799684928e+04 2.4979046029e+04 0
5.4796657661e+04 2.4980296936e+04 0
5.5793630394e+04 2.4981547842e+04 0
5.6790603127e+04 2.4982798749e+04 0
5.7787575860e+04 2.4984049656e+04 0
5.8784548593e+04 2.4985300563e+04 0
5.9781521326e+04 2.4986551470e+04 0
6.0778494059e+04 2.4987802376e+04 0
6.1775466792e+04 2.4989053283e+04 0
6.2772439525e+04 2.4990304190e+04 0
6.3769412258e+04 2.4991555097e+04 0
6.4766384991e+04 2.4992806004e+04 0
6.5763357724e+04 2.4994056911e+04 0
6.6760330457e+04 2.4995307817e+04 0
6.7757303189e+04 2.4996558724e+04 0
6.8754275922e+04 2.4997809631e+04 0
6.9751248655e+04 2.4999060538e+04 0
7.0748221388e+04 2.5000311445e+04 0
7.1745194121e+04 2.5001562351e+04 0
7.2742166854e+04 2.5002813258e+04 0
7.3739139587e+04 2.5004064165e+04 0
7.4736112320e+04 2.5005315072e+04 0
7.5733085053e+04 2.5006565979e+04 0
7.6730057786e+04 2.5007816886e+04 0
7.7727030519e+04 2.5009067792e+04 0
7.8724003252e+04 2.5010318699e+04 0
7.9720975985e+04 2.5011569606e+04 0
-1.0256410256e+03 8.8323856410e+02 0
-1.0256410256e+03 1.8843643077e+03 0
-1.0256410256e+03 2.8854900513e+03 0
-1.0256410256e+03 3.8866157949e+03 0
-1.0256410256e+03 4.8877415385e+03 0
-1.0256410256e+03 5.8888672821e+03 0
-1.0256410256e+03 6.8899930256e+03 0
-1.0256410256e+03 7.8911187692e+03 0
-1.0256410256e+03 8.8922445128e+03 0
-1.0256410256e+03 9.8933702564e+03 0
-1.0256410256e+03 1.0894496000e+04 0
-1.0256410256e+03 1.1895621744e+04 0
-1.0256410256e+03 1.2896747487e+04 0
-1.0256410256e+03 1.3897873231e+04 0
-1.0256410256e+03 1.4898998974e+04 0
-1.0256410256e+03 1.5900124718e+04 0
-1.0256410256e+03 1.6901250462e+04 0
-1.0256410256e+03 1.7902376205e+04 0
-1.0256410256e+03 1.8903501949e+04 0
-1.0256410256e+03 1.9904627692e+04 0
-1.0256410256e+03 2.0905753436e+04 0
-1.0256410256e+03 2.1906879179e+04 0
-1.0256410256e+03 2.2908004923e+04 0
-1.0256410256e+03 2.3909130667e+04 0
3.1371602728e+04 7.8855902742e+02 0
3.0375332472e+04 2.4086363725e+04 0
4.9317920730e+04 2.4110134126e+04 0
7.9833365610e+04 2.4657571057e+03 0
7.9907414092e+04 1.4573298384e+03 0
7.9846145651e+04 3.4934200827e+03 0
7.9854518132e+04 4.4962875110e+03 0
7.9854618457e+04 5.4941118798e+03 0
7.9852845230e+04 6.4936192663e+03 0
7.9851778804e+04 7.4946230998e+03 0
7.9851550054e+04 8.4960827335e+03 0
7.9851794261e+04 9.4975094392e+03 0
7.9852283606e+04 1.0498831813e+04 0
7.9852926161e+04 1.1500053587e+04 0
7.9853692797e+04 1.2501178510e+04 0
7.9854598343e+04 1.3502202179e+04 0
7.9855711611e+04 1.4503082243e+04 0
7.9857033178e+04 1.5503718190e+04 0
7.9858441385e+04 1.6503967250e+04 0
7.9859671918e+04 1.7503716466e+04 0
7.9860429378e+04 1.8502889001e+04 0
7.9860391179e+04 1.9501190276e+04 0
7.9857687804e+04 2.0498863147e+04 0
7.9846889692e+04 2.1502434901e+04 0
7.9832273522e+04 2.2531177353e+04 0
7.9905126917e+04 2.3540816347e+04 0
7.9251150988e+04 2.4195810372e+04 0
7.8245345803e+04 2.4121503853e+04 0
7.7220630883e+04 2.4135155171e+04 0
7.6221174330e+04 2.4145196051e+04 0
7.5227777006e+04 2.4147305091e+04 0
7.4233899860e+04 2.4146851422e+04 0
7.3239239337e+04 2.4145556879e+04 0
7.2244000495e+04 2.4143605594e+04 0
7.1248159013e+04 2.4141269194e+04 0
7.0251818822e+04 2.4138907098e+04 0
6.9255186272e+04 2.4136742945e+04 0
6.8258423015e+04 2.4134831852e+04 0
6.7261649781e+04 2.4133145818e+04 0
6.6264915649e+04 2.4131627630e+04 0
6.5268220628e+04 2.4130223041e+04 0
6.4271531634e+04 2.4128890676e+04 0
6.3274806637e+04 2.4127601512e+04 0
6.2278025780e+04 2.4126337131e+04 0
6.1281209289e+04 2.4125086834e+04 0
6.0284358331e+04 2.4123843385e+04 0
5.9287478106e+04 2.4122602285e+04 0
5.8290569496e+04 2.4121361065e+04 0
5.7293639889e+04 2.4120118579e+04 0
5.6296715272e+04 2.4118874990e+04 0
5.5299765299e+04 2.4117629428e+04 0
5.4302808901e+04 2.4116382501e+04 0
5.3305843456e+04 2.4115134338e+04 0
5.2308875966e+04 2.4113885350e+04 0
5.1311923920e+04 2.4112636197e+04 0
5.0314954297e+04 2.4111386166e+04 0
4.8320966032e+04 2.4108884018e+04 0
4.7323999877e+04 2.4107633480e+04 0
4.6327046064e+04 2.4106383200e+04 0
4.5330090710e+04 2.4105132833e+04 0
4.4333112838e+04 2.4103881823e+04 0
4.3336109116e+04 2.4102630092e+04 0
4.2339124285e+04 2.4101378866e+04 0
4.1342139316e+04 2.4100127630e+04 0
4.0345152985e+04 2.4098876354e+04 0
3.9348187779e+04 2.4097625653e+04 0
3.8351198326e+04 2.4096374287e+04 0
3.7354204640e+04 2.4095122802e+04 0
3.6357233538e+04 2.4093871926e+04 0
3.5360246009e+04 2.4092620589e+04 0
3.4363247428e+04 2.4091368930e+04 0
3.3366275737e+04 2.4090117965e+04 0
3.2369304096e+04 2.4088866937e+04 0
2.9378361972e+04 2.4085112177e+04 0
2.9377617173e+04 7.8605693050e+02 0
2.8381380835e+04 2.4083859902e+04 0
2.8380614841e+04 7.8480598141e+02 0
-2.1536809875e+02 2.3439502911e+04 0
1.4396008084e+03 2.4026040770e+04 0
2.6387412430e+04 2.4081352892e+04 0
2.5390436836e+04 2.4080097679e+04 0
2.4393451643e+04 2.4078840125e+04 0
2.3396489463e+04 2.4077580037e+04 0
2.2399539008e+04 2.4076315936e+04 0
2.1402569798e+04 2.4075045840e+04 0
2.0405576328e+04 2.4073768424e+04 0
1.9408551091e+04 2.4072482696e+04 0
1.8411483922e+04 2.4071188414e+04 0
1.7414368677e+04 2.4069886470e+04 0
1.6417184132e+04 2.4068580005e+04 0
1.5419923973e+04 2.4067273494e+04 0
1.4422576312e+04 2.4065973658e+04 0
1.3425104447e+04 2.4064691351e+04 0
1.2427485782e+04 2.4063444246e+04 0
1.1429707383e+04 2.4062265220e+04 0
1.0431774600e+04 2.4061205592e+04 0
9.4337567524e+03 2.4060340098e+04 0
8.4358539589e+03 2.4059738467e+04 0
7.4383365782e+03 2.4059433778e+04 0
6.4416003958e+03 2.4059333779e+04 0
5.4461356884e+03 2.4059238496e+04 0
4.4525120280e+03 2.4058580721e+04 0
3.4603356894e+03 2.4054974397e+04 0
2.4625718222e+03 2.4042709943e+04 0
4.3545090535e+02 2.4097019600e+04 0
-1.4145353123e+02 2.2430705415e+04 0
-1.5428987916e+02 2.1402777389e+04 0
-1.6262133719e+02 2.0399786511e+04 0
-1.6259995182e+02 1.9401975818e+04 0
-1.6064985936e+02 1.8402610143e+04 0
-1.5936788552e+02 1.7401864756e+04 0
-1.5894729556e+02 1.6400683171e+04 0
-1.5907456047e+02 1.5399477212e+04 0
-1.5951481541e+02 1.4398330611e+04 0
-1.6015710406e+02 1.3397237517e+04 0
-1.6096095136e+02 1.2396189515e+04 0
-1.6194714630e+02 1.1395203040e+04 0
-1.6313928421e+02 1.0394334324e+04 0
-1.6453198306e+02 9.3937004587e+03 0
-1.6601585847e+02 8.3934541448e+03 0
-1.6731608254e+02 7.3937110451e+03 0
-1.6811545600e+02 6.3945318128e+03 0
-1.6809448866e+02 5.3962169580e+03 0
-1.6540727297e+02 4.3985461837e+03 0
-1.5461260422e+02 3.3949774747e+03 0
-1.3999148235e+02 2.3662402422e+03 0
-2.1283474125e+02 1.3566089245e+03 0
4.4114067035e+02 7.0161461134e+02 0
1.4469329991e+03 7.7591167019e+02 0
2.4716374498e+03 7.6225164708e+02 0
3.4710896691e+03 7.5220507307e+02 0
4.4644939308e+03 7.5009572142e+02 0
5.4583951864e+03 7.5055603129e+02 0
6.4531008044e+03 7.5186376319e+02 0
7.4484050441e+03 7.5383220105e+02 0
8.4443113661e+03 7.5618194545e+02 0
9.4407192951e+03 7.5855534691e+02 0
1.0437424326e+04 7.6072945320e+02 0
1.1434233767e+04 7.6264184409e+02 0
1.2431030469e+04 7.6432256327e+02 0
1.3427776807e+04 7.6583226933e+02 0
1.4424483788e+04 7.6722835011e+02 0
1.5421181000e+04 7.6855400648e+02 0
1.6417898301e+04 7.6983843005e+02 0
1.7414648552e+04 7.7109981337e+02 0
1.8411428141e+04 7.7234888027e+02 0
1.9408237788e+04 7.7359227495e+02 0
2.0405100955e+04 7.7483460904e+02 0
2.1401996892e+04 7.7607729245e+02 0
2.2398900511e+04 7.7732057033e+02 0
2.3395824912e+04 7.7856529570e+02 0
2.4392780577e+04 7.7981183861e+02 0
2.5389737677e+04 7.8105932347e+02 0
2.6386667312e+04 7.8230684379e+02 0
2.7383601776e+04 7.8355511653e+02 0
2.7384435368e+04 2.4082607872e+04 0
3.0374555466e+04 7.8730641499e+02 0
3.1372343348e+04 2.4087616092e+04 0
3.2368588355e+04 7.8981009160e+02 0
3.3365566484e+04 7.9106102869e+02 0
3.4362545378e+04 7.9231203421e+02 0
3.5359522966e+04 7.9356303339e+02 0
3.6356500960e+04 7.9481406113e+02 0
3.7353482307e+04 7.9606519055e+02 0
3.8350472713e+04 7.9731657298e+02 0
3.9347468554e+04 7.9856810714e+02 0
4.0344454789e+04 7.9981938146e+02 0
4.1341433100e+04 8.0107044164e+02 0
4.2338411005e+04 8.0232149357e+02 0
4.3335382928e+04 8.0357238741e+02 0
4.4332348570e+04 8.0482311951e+02 0
4.5329312341e+04 8.0607381829e+02 0
4.6326293850e+04 8.0732503067e+02 0
4.7323276113e+04 8.0857631631e+02 0
4.8320242014e+04 8.0982724473e+02 0
4.9317210193e+04 8.1107837583e+02 0
5.0314179699e+04 8.1232975978e+02 0
5.1311149282e+04 8.1358146841e+02 0
5.2308118315e+04 8.1483362714e+02 0
5.3305086647e+04 8.1608641692e+02 0
5.4302054577e+04 8.1734007902e+02 0
5.5299022984e+04 8.1859492225e+02 0
5.6295993569e+04 8.1985133144e+02 0
5.7292969224e+04 8.2110977427e+02 0
5.8289954466e+04 8.2237079953e+02 0
5.9286955868e+04 8.2363501146e+02 0
6.0283982365e+04 8.2490299017e+02 0
6.1281045319e+04 8.2617510813e+02 0
6.2278158338e+04 8.2745116879e+02 0
6.3275336686e+04 8.2872975460e+02 0
6.4272589464e+04 8.3000706756e+02 0
6.5269924053e+04 8.3127542040e+02 0
6.6267364099e+04 8.3252083743e+02 0
6.7264943437e+04 8.3371823846e+02 0
6.8262688566e+04 8.3482432313e+02 0
6.9260595947e+04 8.3577176928e+02 0
7.0258589612e+04 8.3647471249e+02 0
7.1256479476e+04 8.3685946266e+02 0
7.2253952845e+04 8.3692170911e+02 0
7.3250608267e+04 8.3677992047e+02 0
7.4245971865e+04 8.3669788592e+02 0
7.5239479901e+04 8.3728690215e+02 0
7.6231568928e+04 8.4094002353e+02 0
7.7229308179e+04 8.5342751848e+02 0
7.8252318831e+04 8.7038534164e+02 0
7.9256608693e+04 7.9982585771e+02 0
7.9003501772e+04 1.8996949008e+04 0
7.8994170923e+04 1.5003375491e+04 0
7.8988153735e+04 1.2000498977e+04 0
7.8984166454e+04 7.9936465700e+03 0
4.0848835630e+04 2.3236235646e+04 0
1.5922889279e+04 2.3204318656e+04 0
7.9340485285e+03 2.3197696737e+04 0
8.3900200940e+02 2.3039247674e+04 0
2.9808243877e+03 2.3195569950e+04 0
5.9407766259e+03 2.3200379825e+04 0
1.0931505399e+04 2.3198022472e+04 0
6.9001139187e+02 6.8972270539e+03 0
7.0119130235e+02 1.0894709476e+04 0
2.3900005456e+04 2.3214916397e+04 0
2.4897015530e+04 2.3216184112e+04 0
2.0898792297e+04 1.6387600593e+03 0
2.8884947450e+04 2.3221214335e+04 0
3.1865155597e+04 1.6524580612e+03 0
4.2842832059e+04 2.3238738828e+04 0
4.3839897466e+04 2.3239992233e+04 0
4.7827716355e+04 2.3244993276e+04 0
4.6819972157e+04 1.6712274877e+03 0
5.2812592785e+04 2.3251240737e+04 0
5.7797216443e+04 2.3257446011e+04 0
5.9790884658e+04 2.3259908190e+04 0
6.1784299608e+04 2.3262377487e+04 0
6.5770142608e+04 2.3267725021e+04 0
6.6766592570e+04 2.3269348725e+04 0
6.7763141632e+04 2.3271241439e+04 0
7.0752617498e+04 2.3279835285e+04 0
7.7707812096e+04 1.7437043151e+03 0
7.8852693425e+04 1.8565968600e+03 0
7.8957796601e+04 3.0064035468e+03 0
7.8994945836e+04 4.0087221071e+03 0
7.8995002490e+04 4.9955398201e+03 0
7.8988754236e+04 5.9907846756e+03 0
7.8985108233e+04 6.9913865863e+03 0
7.8984461027e+04 8.9956783153e+03 0
7.8985396136e+04 9.9974930918e+03 0
7.8986627899e+04 1.0999077689e+04 0
7.8989788665e+04 1.3001691485e+04 0
7.8991705589e+04 1.4002725698e+04 0
7.8997029268e+04 1.6003417974e+04 0
7.9000031267e+04 1.7002383822e+04 0
7.9002299236e+04 1.8000238320e+04 0
7.9004148876e+04 1.9990664576e+04 0
7.8998231650e+04 2.0978554544e+04 0
8.0062636847e+04 2.4355049095e+04 0
7.8848591872e+04 2.3135428353e+04 0
7.8956780453e+04 2.1983190804e+04 0
7.7700322696e+04 2.3243032659e+04 0
7.6699522008e+04 2.3284206761e+04 0
7.5715769095e+04 2.3290221082e+04 0
7.4726641020e+04 2.3289992061e+04 0
7.3734788928e+04 2.3289327903e+04 0
7.2742018860e+04 2.3287158142e+04 0
7.1748025845e+04 2.3283680931e+04 0
6.9756432656e+04 2.3276395220e+04 0
6.8759838165e+04 2.3273544851e+04 0
6.4773824240e+04 2.3266274479e+04 0
6.3777432577e+04 2.3264925209e+04 0
6.2780955533e+04 2.3263635887e+04 0
6.0787692506e+04 2.3261141242e+04 0
5.8794154011e+04 2.3258680198e+04 0
5.6800375548e+04 2.3256212089e+04 0
5.4806512028e+04 2.3253731549e+04 0
5.5803508527e+04 2.3254974782e+04 0
5.3809637503e+04 2.3252489259e+04 0
5.1815698247e+04 2.3249994832e+04 0
4.9821655636e+04 2.3247493635e+04 0
4.8824746138e+04 2.3246245239e+04 0
4.6830803723e+04 2.3243744295e+04 0
4.5833861475e+04 2.3242494393e+04 0
4.4836949045e+04 2.3241245232e+04 0
4.1845919683e+04 2.3237489583e+04 0
3.9851894429e+04 2.3234985601e+04 0
3.7857859716e+04 2.3232481339e+04 0
3.8854963741e+04 2.3233735838e+04 0
3.6860905524e+04 2.3231230918e+04 0
3.3869869503e+04 2.3227474740e+04 0
3.4866893604e+04 2.3228727178e+04 0
3.1875916735e+04 2.3224972088e+04 0
3.2872978118e+04 2.3226225808e+04 0
3.0878987578e+04 2.3223721670e+04 0
2.9882032893e+04 2.3222470097e+04 0
2.8874098929e+04 1.6487040700e+03 0
-3.7361578359e+02 2.4253469776e+04 0
2.7877064465e+04 1.6474533179e+03 0
2.2903118984e+04 2.3213643700e+04 0
2.1906172453e+04 2.3212359274e+04 0
2.0909180166e+04 2.3211060670e+04 0
1.9912130020e+04 2.3209745322e+04 0
1.8915001805e+04 2.3208411515e+04 0
1.7917765288e+04 2.3207059717e+04 0
1.6920441400e+04 2.3205691656e+04 0
1.4925235119e+04 2.3202944513e+04 0
1.3927307369e+04 2.3201588272e+04 0
1.2929071161e+04 2.3200273190e+04 0
1.1930463495e+04 2.3199049394e+04 0
9.9321906082e+03 2.3197322908e+04 0
8.9328154771e+03 2.3197184500e+04 0
6.9363012458e+03 2.3198950354e+04 0
3.9610392226e+03 2.3202712140e+04 0
4.9481872018e+03 2.3201903491e+04 0
1.9837245346e+03 2.3151531916e+04 0
7.3371068242e+02 2.1888814886e+04 0
6.9655822832e+02 2.0886146585e+04 0
6.9665261924e+02 1.9899229536e+04 0
7.0316976371e+02 1.8904144492e+04 0
7.0714909479e+02 1.7903915947e+04 0
7.0857174751e+02 1.6902348130e+04 0
7.0854974037e+02 1.5900751048e+04 0
7.0779261765e+02 1.4899325021e+04 0
7.0659132366e+02 1.3898025892e+04 0
7.0509324609e+02 1.2896821159e+04 0
7.0335644535e+02 1.1895691617e+04 0
6.9865645993e+02 9.8940195661e+03 0
6.9559469815e+02 8.8940042926e+03 0
6.9246598542e+02 7.8950152615e+03 0
6.8882681320e+02 5.9004147550e+03 0
6.8811538376e+02 4.9067173175e+03 0
6.9401390030e+02 3.9188304768e+03 0
-3.7033545413e+02 5.4238256346e+02 0
8.4367172174e+02 1.7619757347e+03 0
7.3546785893e+02 2.9142001938e+03 0
1.9919172823e+03 1.6543521440e+03 0
2.9927043181e+03 1.6131638119e+03 0
3.9764603885e+03 1.6071441944e+03 0
4.9656208728e+03 1.6073814821e+03 0
5.9575458861e+03 1.6080679760e+03 0
6.9504343672e+03 1.6102709181e+03 0
7.9445989381e+03 1.6137881471e+03 0
8.9400916235e+03 1.6176411016e+03 0
9.9364612861e+03 1.6211145857e+03 0
1.0933196534e+04 1.6239759767e+03 0
1.1929931210e+04 1.6262715817e+03 0
1.2926521333e+04 1.6281485475e+03 0
1.3922971952e+04 1.6297505714e+03 0
1.4919350934e+04 1.6311843450e+03 0
1.5915736426e+04 1.6325201794e+03 0
1.6912199112e+04 1.6338022451e+03 0
1.7908729468e+04 1.6350548695e+03 0
1.8905308810e+04 1.6362922831e+03 0
1.9901944606e+04 1.6375240866e+03 0
2.1895573200e+04 1.6399939131e+03 0
2.2892421786e+04 1.6412311494e+03 0
2.4886315882e+04 1.6437165290e+03 0
2.3889295637e+04 1.6424709625e+03 0
2.5894037273e+04 2.3217447009e+04 0
2.5883198919e+04 1.6449599853e+03 0
2.6880050922e+04 1.6462039524e+03 0
2.7888006326e+04 2.3219961315e+04 0
2.6891071190e+04 2.3218706661e+04 0
2.9871034819e+04 1.6499527750e+03 0
3.0868031927e+04 1.6512035544e+03 0
3.5863958433e+04 2.3229980670e+04 0
3.2862125609e+04 1.6537085946e+03 0
3.3859115591e+04 1.6549597898e+03 0
3.4856099129e+04 1.6562108846e+03 0
3.5853080312e+04 1.6574619608e+03 0
3.6850064508e+04 1.6587131461e+03 0
3.7847056696e+04 1.6599645652e+03 0
3.8844086929e+04 1.6612170313e+03 0
3.9841112529e+04 1.6624693767e+03 0
4.0838087354e+04 1.6637203410e+03 0
4.1835075061e+04 1.6649716615e+03 0
4.2832060890e+04 1.6662229387e+03 0
4.3829018580e+04 1.6674734627e+03 0
4.4825973873e+04 1.6687239488e+03 0
4.5822908593e+04 1.6699739244e+03 0
5.0818765289e+04 2.3248746955e+04 0
4.7816909700e+04 1.6724777616e+03 0
4.8813870986e+04 1.6737289091e+03 0
4.9810837205e+04 1.6749805450e+03 0
5.0807804101e+04 1.6762327331e+03 0
5.1804770057e+04 1.6774856747e+03 0
5.2801734498e+04 1.6787396771e+03 0
5.3798697694e+04 1.6799951605e+03 0
5.4795660933e+04 1.6812526724e+03 0
5.5792626946e+04 1.6825129068e+03 0
5.6789600581e+04 1.6837767258e+03 0
5.7786589681e+04 1.6850451753e+03 0
5.8783606053e+04 1.6863194749e+03 0
5.9780666288e+04 1.6876009430e+03 0
6.0777792154e+04 1.6888907866e+03 0
6.1775010377e+04 1.6901896588e+03 0
6.2772352505e+04 1.6914968628e+03 0
6.3769860310e+04 1.6928089670e+03 0
6.4767532327e+04 1.6941171103e+03 0
6.5765395989e+04 1.6954043441e+03 0
6.6763542458e+04 1.6966377728e+03 0
6.7762045726e+04 1.6977519682e+03 0
6.8760951528e+04 1.6986277243e+03 0
6.9760198619e+04 1.6990796314e+03 0
7.0759511152e+04 1.6988879665e+03 0
7.1758332488e+04 1.6979099850e+03 0
7.2755883411e+04 1.6962456957e+03 0
7.3751322767e+04 1.6943106272e+03 0
7.4743667155e+04 1.6926168743e+03 0
7.5730637537e+04 1.6917136439e+03 0
7.6710707536e+04 1.6990331348e+03 0
8.0065817344e+04 6.4372463759e+02 0
1.7405436799e+04 2.4977441114e+03 0
6.0295214755e+04 2.2397229135e+04 0
7.8053319627e+04 2.6517523809e+03 0
7.8143072993e+04 1.7500794896e+04 0
6.2288166224e+04 2.2399681834e+04 0
5.8301844443e+04 2.2394793985e+04 0
4.0356669254e+04 2.2372374695e+04 0
3.7365610083e+04 2.2368618095e+04 0
1.6379877821e+03 2.2242757284e+04 0
1.5547324725e+03 8.3935217542e+03 0
8.4383749615e+03 2.4751908401e+03 0
1.7424784848e+04 2.2342857907e+04 0
2.1391351248e+04 2.5026453215e+03 0
2.4404626083e+04 2.2352289590e+04 0
3.9359747039e+04 2.2371125165e+04 0
3.9336767563e+04 2.5250920130e+03 0
4.2327748456e+04 2.5288464597e+03 0
5.6308192625e+04 2.2392340889e+04 0
6.1291847784e+04 2.2398451712e+04 0
6.3284486498e+04 2.2400946825e+04 0
7.8118526709e+04 1.0497215086e+04 0
7.8115115956e+04 8.4920651910e+03 0
8.4289974532e+03 2.2334749474e+04 0
2.8369502390e+04 2.5113225318e+03 0
6.4264020694e+04 2.5569263438e+03 0
7.7148427126e+04 2.5293238596e+03 0
7.8165920888e+04 3.5604538696e+03 0
7.8149694005e+04 4.4979314410e+03 0
7.8126578698e+04 5.4825642100e+03 0
7.8114572092e+04 7.4885159196e+03 0
7.8116421787e+04 9.4946965923e+03 0
7.8125734321e+04 1.3502600789e+04 0
7.8123140971e+04 1.2501034932e+04 0
7.8128715875e+04 1.4503955445e+04 0
6.8265204927e+04 2.2409479811e+04 0
7.8132739072e+04 1.5504723969e+04 0
7.1254542426e+04 2.2422326406e+04 0
7.8137831253e+04 1.6504025789e+04 0
7.8145667376e+04 1.8496245300e+04 0
7.8146521797e+04 1.9492050940e+04 0
7.8157507971e+04 2.0477183272e+04 0
7.8165537497e+04 2.1419282946e+04 0
7.7138697363e+04 2.2449575883e+04 0
7.6200099144e+04 2.2442297488e+04 0
7.5219284908e+04 2.2432955286e+04 0
7.4228686331e+04 2.2434200877e+04 0
7.3239151714e+04 2.2433191124e+04 0
7.2248307962e+04 2.2428439763e+04 0
7.0258840604e+04 2.2416871460e+04 0
6.9262153428e+04 2.2412620264e+04 0
6.6272453540e+04 2.2405258446e+04 0
6.5276532801e+04 2.2403677331e+04 0
6.4280629855e+04 2.2402266119e+04 0
5.7305134119e+04 2.2393572502e+04 0
5.5311353503e+04 2.2391107726e+04 0
5.3317454549e+04 2.2388625360e+04 0
4.9329493978e+04 2.2383632522e+04 0
4.8332620082e+04 2.2382385221e+04 0
4.7335688738e+04 2.2381136010e+04 0
4.6338722466e+04 2.2379885620e+04 0
4.5341770520e+04 2.2378635480e+04 0
4.1353745401e+04 2.2373628418e+04 0
3.8362770616e+04 2.2369874147e+04 0
3.5371592803e+04 2.2366114196e+04 0
3.4374623234e+04 2.2364863223e+04 0
3.3377681033e+04 2.2363612872e+04 0
3.2380683697e+04 2.2362360819e+04 0
3.1383681930e+04 2.2361108303e+04 0
3.1360589976e+04 2.5150753501e+03 0
3.0363448168e+04 2.5138207731e+03 0
2.9389639644e+04 2.2358600293e+04 0
2.3384920075e+04 2.5051080476e+03 0
2.3407777085e+04 2.2351010626e+04 0
2.2410860109e+04 2.2349715718e+04 0
2.1413878260e+04 2.2348400337e+04 0
2.0416835246e+04 2.2347059789e+04 0
1.9419668730e+04 2.2345689843e+04 0
1.8422374486e+04 2.2344287722e+04 0
1.6427157290e+04 2.2341399433e+04 0
1.5429178418e+04 2.2339924274e+04 0
1.4430798498e+04 2.2338450071e+04 0
1.3431930095e+04 2.2336993937e+04 0
1.1432316283e+04 2.2334414013e+04 0
1.0431408599e+04 2.2333598388e+04 0
7.4290956931e+03 2.2337355555e+04 0
5.4384871952e+03 2.2344604073e+04 0
6.4318936750e+03 2.2341073561e+04 0
3.4747019318e+03 2.2359748532e+04 0
2.5428227072e+03 2.2364636733e+04 0
4.4492432844e+03 2.2348390362e+04 0
1.5253096938e+03 2.1333500361e+04 0
1.5416319893e+03 2.0395693081e+04 0
1.5650166878e+03 1.9411128014e+04 0
1.5749285527e+03 1.8409813687e+04 0
9.4299897886e+03 2.2333587971e+04 0
1.5779826587e+03 1.7406476342e+04 0
1.5780191016e+03 1.6403789728e+04 0
1.5769895383e+03 1.5401683474e+04 0
1.5752310700e+03 1.4399784910e+04 0
1.5730044001e+03 1.3398038234e+04 0
1.5705311518e+03 1.2396417041e+04 0
1.5677901143e+03 1.1394874854e+04 0
1.5645231608e+03 1.0393474079e+04 0
1.5602847837e+03 9.3926515791e+03 0
1.5494690954e+03 7.3965782272e+03 0
1.5466863154e+03 6.4011482467e+03 0
1.5457412826e+03 5.4053245167e+03 0
1.5347126315e+03 4.4201802119e+03 0
1.5266777038e+03 3.4780778349e+03 0
2.5535057878e+03 2.4477724796e+03 0
3.4920995525e+03 2.4550368298e+03 0
4.4729427605e+03 2.4643850989e+03 0
5.4636264533e+03 2.4631680991e+03 0
6.4533151801e+03 2.4642238784e+03 0
7.4443764126e+03 2.4690303716e+03 0
1.2432458514e+04 2.2335597890e+04 0
9.4343442054e+03 2.4806840037e+03 0
1.0431283885e+04 2.4849565904e+03 0
1.1428265237e+04 2.4880941098e+03 0
1.2424898997e+04 2.4904262561e+03 0
1.3421165638e+04 2.4922589285e+03 0
1.4417196489e+04 2.4938032718e+03 0
1.5413152264e+04 2.4951873319e+03 0
1.6409164642e+04 2.4964851231e+03 0
1.8401663694e+04 2.4989730394e+03 0
1.9398054719e+04 2.5001950088e+03 0
2.0394568452e+04 2.5014162855e+03 0
2.2387971049e+04 2.5038707303e+03 0
2.5378760589e+04 2.5075883195e+03 0
2.4381734424e+04 2.5063441018e+03 0
2.5401685785e+04 2.2353563037e+04 0
2.7395630100e+04 2.2356087500e+04 0
2.6375556596e+04 2.5088283238e+03 0
2.6398757616e+04 2.2354830129e+04 0
2.8392734277e+04 2.2357347534e+04 0
2.7372406728e+04 2.5100714656e+03 0
2.9366350401e+04 2.5125679138e+03 0
3.0386785743e+04 2.2359858073e+04 0
3.6368747167e+04 2.2367370138e+04 0
3.2357595907e+04 2.5163265918e+03 0
3.3354634209e+04 2.5175789352e+03 0
3.4351627114e+04 2.5188301845e+03 0
3.5348610095e+04 2.5200812503e+03 0
3.6345593633e+04 2.5213323833e+03 0
3.7342585714e+04 2.5225837799e+03 0
4.2350728068e+04 2.2374879580e+04 0
3.8339564218e+04 2.5238348240e+03 0
4.0333735265e+04 2.5263427804e+03 0
4.3347733463e+04 2.2376131346e+04 0
4.1330642638e+04 2.5275919085e+03 0
4.4344858911e+04 2.2377386354e+04 0
4.3324665037e+04 2.5300958648e+03 0
4.4321616970e+04 2.5313462653e+03 0
4.5318575283e+04 2.5325968957e+03 0
4.6315554569e+04 2.5338481947e+03 0
5.2320564017e+04 2.2387381905e+04 0
5.0326579432e+04 2.2384884973e+04 0
5.1323675462e+04 2.2386136835e+04 0
4.7312535627e+04 2.5350997074e+03 0
4.8309499459e+04 2.5363510230e+03 0
4.9306464518e+04 2.5376028012e+03 0
5.4314497340e+04 2.2389870494e+04 0
5.0303429806e+04 2.5388552405e+03 0
5.1300393556e+04 2.5401086048e+03 0
5.2297354781e+04 2.5413632840e+03 0
5.3294313540e+04 2.5426198190e+03 0
5.4291271223e+04 2.5438789274e+03 0
5.9298708842e+04 2.2396016414e+04 0
5.5288231103e+04 2.5451415338e+03 0
5.6285199266e+04 2.5464088103e+03 0
5.7282185936e+04 2.5476822220e+03 0
5.8279207069e+04 2.5489635623e+03 0
5.9276285927e+04 2.5502549435e+03 0
6.0273454201e+04 2.5515586846e+03 0
6.1270752105e+04 2.5528770236e+03 0
6.2268227141e+04 2.5542115874e+03 0
6.7268752432e+04 2.2407126891e+04 0
6.3265931489e+04 2.5555625437e+03 0
7.8120656013e+04 1.1499196435e+04 0
6.5262271411e+04 2.5582921234e+03 0
6.6260987871e+04 2.5596390755e+03 0
6.7260284422e+04 2.5609073368e+03 0
6.8260295361e+04 2.5619586837e+03 0
6.9261064169e+04 2.5625230369e+03 0
7.8117045657e+04 6.4842851576e+03 0
7.0262359412e+04 2.5621815482e+03 0
7.1263479972e+04 2.5604780319e+03 0
7.2263220918e+04 2.5572320080e+03 0
7.3260194909e+04 2.5529385419e+03 0
7.4253457604e+04 2.5487472337e+03 0
7.5242357134e+04 2.5448657487e+03 0
7.6216667420e+04 2.5334811278e+03 0
6.0800846389e+04 2.1534572459e+04 0
1.6901206436e+04 3.3604096306e+03 0
3.1889873929e+04 2.1498536028e+04 0
6.3758862713e+04 3.4196723714e+03 0
7.8048577580e+04 2.2332263289e+04 0
7.7264591608e+04 1.5007155151e+04 0
3.7871968337e+04 2.1506050401e+04 0
3.2848670109e+04 3.3801577195e+03 0
1.3936527367e+04 2.1473634958e+04 0
1.6436473272e+03 2.5651073911e+03 0
2.4219387141e+03 8.8888431014e+03 0
1.7896982188e+04 3.3616237933e+03 0
2.3875857057e+04 3.3689370057e+03 0
2.4872718863e+04 3.3701737946e+03 0
4.2857044988e+04 2.1512310730e+04 0
3.9827961978e+04 3.3889264408e+03 0
5.4820747507e+04 2.1527286741e+04 0
5.7811215258e+04 2.1530961931e+04 0
5.9804554019e+04 2.1533376825e+04 0
6.1797162728e+04 2.1535778204e+04 0
7.7257335760e+04 1.3002052201e+04 0
7.7254036373e+04 1.1999468914e+04 0
7.7240624323e+04 6.9794039920e+03 0
7.7245019754e+04 5.9690275155e+03 0
1.7930856014e+04 2.1480089681e+04 0
3.8869132779e+04 2.1507306558e+04 0
3.9866181820e+04 2.1508559555e+04 0
4.0863218202e+04 2.1509812196e+04 0
6.2793186807e+04 2.1536999282e+04 0
7.7262676741e+04 4.9534500805e+03 0
7.6715118807e+04 3.3334853715e+03 0
7.7352310424e+04 3.9831954412e+03 0
7.7242739557e+04 7.9855484220e+03 0
7.7247383925e+04 9.9933186735e+03 0
6.3788942933e+04 2.1538256150e+04 0
6.8768631562e+04 2.1547561540e+04 0
7.7260318363e+04 1.4004654584e+04 0
7.1758945428e+04 2.1567487456e+04 0
7.7271046290e+04 1.6008679333e+04 0
7.7280571171e+04 1.7006469561e+04 0
7.7289064190e+04 1.7998664164e+04 0
7.7287494000e+04 1.8991309230e+04 0
7.7279250306e+04 2.0001845647e+04 0
7.7350187012e+04 2.0981804822e+04 0
7.6701813628e+04 2.1632999852e+04 0
7.5725121875e+04 2.1564882849e+04 0
7.4719610740e+04 2.1577658031e+04 0
7.3733669013e+04 2.1583745371e+04 0
7.2749313797e+04 2.1577745254e+04 0
7.0763863933e+04 2.1558392851e+04 0
6.9766502179e+04 2.1551851119e+04 0
6.6775421880e+04 2.1542664869e+04 0
6.5779874033e+04 2.1541011177e+04 0
6.4784517899e+04 2.1539577083e+04 0
5.8808083214e+04 2.1532176613e+04 0
5.6814554133e+04 2.1529746862e+04 0
4.9835924483e+04 2.1521065242e+04 0
4.8839075434e+04 2.1519819226e+04 0
4.5848104313e+04 2.1516066939e+04 0
4.7842161711e+04 2.1518570877e+04 0
4.1860245242e+04 2.1511064572e+04 0
3.6875002611e+04 2.1504799641e+04 0
3.4880854648e+04 2.1502292069e+04 0
3.3883962659e+04 2.1501043080e+04 0
3.2887080651e+04 2.1499794135e+04 0
3.0854452918e+04 3.3776500171e+03 0
2.4910818681e+04 2.1489711205e+04 0
2.3913993914e+04 2.1488428156e+04 0
2.2917120363e+04 2.1487126295e+04 0
2.1920134911e+04 2.1485798244e+04 0
2.0923093626e+04 2.1484437192e+04 0
1.8928527035e+04 2.1481586362e+04 0
1.6933111825e+04 2.1478536951e+04 0
1.5934878979e+04 2.1476936423e+04 0
1.4936106702e+04 2.1475283471e+04 0
1.1934738654e+04 2.1470377369e+04 0
8.9236864336e+03 2.1469929060e+04 0
6.9196415313e+03 2.1480086081e+04 0
7.9199094776e+03 2.1473741295e+04 0
4.9340184904e+03 2.1492689361e+04 0
3.9381574980e+03 2.1492382173e+04 0
5.9243253435e+03 2.1487751166e+04 0
2.9760226512e+03 2.1559427111e+04 0
2.3388224766e+03 2.0909615076e+04 0
2.4286329192e+03 1.9939182746e+04 0
2.4466461342e+03 1.8924032466e+04 0
1.0931976005e+04 2.1469087415e+04 0
2.4516791082e+03 1.7914714722e+04 0
9.9279348641e+03 2.1468670085e+04 0
2.4501674258e+03 1.6909495638e+04 0
2.4489094418e+03 1.5906492762e+04 0
2.4467145387e+03 1.4903523562e+04 0
2.4435864229e+03 1.3900647552e+04 0
2.4401916304e+03 1.2898024700e+04 0
2.4368783115e+03 1.1895516166e+04 0
2.4334045448e+03 1.0892907225e+04 0
2.4290233105e+03 9.8902271335e+03 0
7.9341432237e+03 3.3300622394e+03 0
2.4121609733e+03 7.8909985887e+03 0
2.4034411403e+03 6.8987485215e+03 0
2.4048171425e+03 5.9060981047e+03 0
2.4129675674e+03 4.8955287976e+03 0
2.3420138566e+03 3.9155258537e+03 0
2.9903803476e+03 3.2643149376e+03 0
3.9670943785e+03 3.3324296500e+03 0
4.9726878405e+03 3.3196905899e+03 0
5.9588095609e+03 3.3136603372e+03 0
6.9434438274e+03 3.3197330911e+03 0
1.2936184773e+04 2.1471933973e+04 0
8.9296238251e+03 3.3392186571e+03 0
9.9274135890e+03 3.3457918613e+03 0
1.0925368776e+04 3.3500908229e+03 0
1.1922522196e+04 3.3529122880e+03 0
1.2918832650e+04 3.3549140095e+03 0
1.3914548207e+04 3.3564996845e+03 0
1.4909984297e+04 3.3578813117e+03 0
1.5905404963e+04 3.3591638296e+03 0
1.8892969011e+04 3.3628302791e+03 0
1.9926011548e+04 2.1483035185e+04 0
1.9889237054e+04 3.3640404752e+03 0
2.0885705452e+04 3.3652560058e+03 0
2.1882246985e+04 3.3664751105e+03 0
2.2878850672e+04 3.3676988313e+03 0
2.5869579075e+04 3.3714131277e+03 0
2.6904803201e+04 2.1492252459e+04 0
2.5907948719e+04 2.1490989182e+04 0
2.7863372992e+04 3.3738998265e+03 0
2.6866320737e+04 3.3726513975e+03 0
2.8898846872e+04 2.1494772739e+04 0
2.7901971070e+04 2.1493518142e+04 0
2.8860241150e+04 3.3751446523e+03 0
2.9857207326e+04 3.3763931704e+03 0
3.0892952707e+04 2.1497285075e+04 0
2.9896059502e+04 2.1496033904e+04 0
3.1851385192e+04 3.3788988960e+03 0
3.5878065610e+04 2.1503549624e+04 0
3.3845657231e+04 3.3814086740e+03 0
3.4842635349e+04 3.3826595233e+03 0
3.5839617237e+04 3.3839105615e+03 0
3.6836600016e+04 3.3851616755e+03 0
4.3854198395e+04 2.1513566507e+04 0
3.7833635376e+04 3.3864142544e+03 0
3.8830705490e+04 3.3876677994e+03 0
4.4851291457e+04 2.1514820585e+04 0
4.0824854875e+04 3.3901751712e+03 0
4.1821821414e+04 3.3914259210e+03 0
4.6845270573e+04 2.1517322773e+04 0
4.2818805875e+04 3.3926771769e+03 0
4.3815768293e+04 3.3939278624e+03 0
4.4812730986e+04 3.3951786121e+03 0
4.5809697835e+04 3.3964295755e+03 0
5.3823943110e+04 2.1526052068e+04 0
5.1830006523e+04 2.1523564513e+04 0
5.2827109579e+04 2.1524813198e+04 0
5.0833122570e+04 2.1522319769e+04 0
4.6806669758e+04 3.3976808495e+03 0
4.7803639986e+04 3.3989323631e+03 0
4.8800606936e+04 3.4001842441e+03 0
5.5817783402e+04 2.1528522943e+04 0
4.9797572430e+04 3.4014367901e+03 0
5.0794535347e+04 3.4026903181e+03 0
5.1791494405e+04 3.4039452627e+03 0
5.2788449358e+04 3.4052022333e+03 0
5.3785401515e+04 3.4064620509e+03 0
5.4782354331e+04 3.4077257896e+03 0
5.5779314516e+04 3.4089948344e+03 0
5.6776293766e+04 3.4102709600e+03 0
5.7773311025e+04 3.4115564246e+03 0
5.8770395024e+04 3.4128540631e+03 0
5.9767586578e+04 3.4141673575e+03 0
6.0764939894e+04 3.4155004901e+03 0
6.1762522142e+04 3.4168584619e+03 0
6.7771765470e+04 2.1544712303e+04 0
6.2760411375e+04 3.4182474284e+03 0
7.7250528486e+04 1.0996539614e+04 0
6.4757542915e+04 3.4211400880e+03 0
6.5756857619e+04 3.4226571845e+03 0
7.7244491454e+04 8.9893981383e+03 0
6.6756999624e+04 3.4242013760e+03 0
6.7758215068e+04 3.4256673177e+03 0
6.8760725720e+04 3.4267665299e+03 0
6.9764506821e+04 3.4269118050e+03 0
7.0768935746e+04 3.4252062731e+03 0
7.1772470303e+04 3.4207568493e+03 0
7.2772754646e+04 3.4134944077e+03 0
7.3767672296e+04 3.4051933084e+03 0
7.4757747436e+04 3.3995743502e+03 0
7.5753221924e+04 3.3998993440e+03 0
1.7391069163e+04 4.2242369700e+03 0
4.2368472607e+04 2.0648547859e+04 0
6.7279391157e+04 2.0679621588e+04 0
7.7481034934e+04 2.1763143841e+04 0
6.0312148763e+04 2.0670771277e+04 0
5.8319355950e+04 2.0668399399e+04 0
1.8439096535e+04 2.0617412104e+04 0
2.2041290061e+03 2.1681684278e+04 0
2.2111677249e+03 3.1341991981e+03 0
3.2748047082e+03 5.4241579280e+03 0
3.3015734799e+03 1.0388667402e+04 0
2.6415948939e+04 2.0628466483e+04 0
2.1431254636e+04 2.0621888763e+04 0
3.0346345553e+04 4.2401711429e+03 0
2.5419060442e+04 2.0627193265e+04 0
3.1401105147e+04 2.0634766492e+04 0
3.7383326932e+04 2.0642285602e+04 0
3.6386327191e+04 2.0641033881e+04 0
3.3337764654e+04 4.2439347640e+03 0
4.3365589834e+04 2.0649802658e+04 0
5.0344419331e+04 2.0658553788e+04 0
4.5359517441e+04 2.0652303717e+04 0
4.7353625980e+04 2.0654809136e+04 0
5.1341570271e+04 2.0659805840e+04 0
5.3335425373e+04 2.0662291327e+04 0
5.9316041989e+04 2.0669595926e+04 0
6.4294385294e+04 2.0675520054e+04 0
7.6376657609e+04 1.0491590415e+04 0
7.6371717877e+04 9.4858699700e+03 0
7.6369555572e+04 8.4806345781e+03 0
3.5389272537e+04 2.0639780596e+04 0
1.3442275903e+04 2.0608160457e+04 0
1.5443607547e+04 2.0612177045e+04 0
2.5361755750e+04 4.2339474438e+03 0
3.2340472149e+04 4.2426756761e+03 0
3.9320149545e+04 4.2514544620e+03 0
6.1308264383e+04 2.0671946833e+04 0
6.2304038465e+04 2.0673122647e+04 0
7.6368126187e+04 7.4775847004e+03 0
7.6333282507e+04 4.3388968849e+03 0
3.9377540113e+04 2.0644794776e+04 0
4.1371690252e+04 2.0647302169e+04 0
4.0374822496e+04 2.0646054135e+04 0
6.3251592134e+04 4.2823273280e+03 0
7.7487034724e+04 3.2118709981e+03 0
7.6353202676e+04 6.4645232106e+03 0
6.3299534894e+04 2.0674312572e+04 0
7.6386119923e+04 1.2500214169e+04 0
6.9274540609e+04 2.0684814671e+04 0
7.6389368772e+04 1.3504175523e+04 0
7.6392398498e+04 1.4508917018e+04 0
7.6397424047e+04 1.5514593731e+04 0
7.6409186004e+04 1.6518373676e+04 0
7.2268098749e+04 2.0717857881e+04 0
7.6429828661e+04 1.7512007681e+04 0
7.6445036667e+04 1.8488866694e+04 0
7.6315000867e+04 2.0597663178e+04 0
7.6417423664e+04 1.9473386611e+04 0
7.5194726885e+04 2.0707959972e+04 0
7.4216986865e+04 2.0744696362e+04 0
7.3250260911e+04 2.0737235350e+04 0
7.1274016542e+04 2.0701344389e+04 0
7.0274727924e+04 2.0690717154e+04 0
7.6381467059e+04 1.1496131360e+04 0
6.6284076313e+04 2.0678100396e+04 0
6.5289317264e+04 2.0676772033e+04 0
4.9347562445e+04 2.0657308345e+04 0
4.8350762607e+04 2.0656063601e+04 0
3.4392259328e+04 2.0638528320e+04 0
3.3395298551e+04 2.0637277260e+04 0
3.2398380243e+04 2.0636026992e+04 0
3.1343229759e+04 4.2414182936e+03 0
2.6358456384e+04 4.2351829230e+03 0
2.4364741157e+04 4.2327055642e+03 0
2.4422203709e+04 2.0625907158e+04 0
2.3425387094e+04 2.0624601915e+04 0
2.2428514170e+04 2.0623266980e+04 0
1.9436841069e+04 2.0618972974e+04 0
1.7441267610e+04 2.0615760915e+04 0
1.6442915307e+04 2.0614009974e+04 0
1.6395799274e+04 4.2230516666e+03 0
1.0420252661e+04 4.2129203316e+03 0
8.4102369545e+03 2.0606280787e+04 0
9.4192560976e+03 2.0602631240e+04 0
6.4039722932e+03 2.0629015471e+04 0
5.4150608070e+03 2.0642998569e+04 0
7.4033306468e+03 2.0615260601e+04 0
3.3580066273e+03 2.0553222710e+04 0
4.4365726360e+03 2.0646323695e+04 0
3.3227254691e+03 1.9447728930e+04 0
1.2439527282e+04 2.0605962356e+04 0
3.3386581642e+03 1.8428527470e+04 0
1.1434778100e+04 2.0603842439e+04 0
3.3243842160e+03 1.7416745596e+04 0
1.0427809748e+04 2.0602330540e+04 0
3.3236707261e+03 1.6414870067e+04 0
3.3222721217e+03 1.5410636330e+04 0
3.3180831299e+03 1.4405686000e+04 0
3.3131842544e+03 1.3401318776e+04 0
3.3087943792e+03 1.2397409328e+04 0
3.3052925217e+03 1.1393391943e+04 0
3.2962600798e+03 9.3829380061e+03 0
3.2840566716e+03 8.3791258418e+03 0
7.4251790467e+03 4.1797262975e+03 0
3.2629878310e+03 7.3854848288e+03 0
3.2474936023e+03 6.4085237818e+03 0
3.3772608762e+03 4.2996123251e+03 0
4.4975903787e+03 4.1893845788e+03 0
5.4755201367e+03 4.1527118446e+03 0
6.4425852574e+03 4.1602583370e+03 0
1.4443626564e+04 2.0610193095e+04 0
8.4198072343e+03 4.1963239672e+03 0
9.4196482287e+03 4.2070029506e+03 0
1.1418850161e+04 4.2161131820e+03 0
1.2415705375e+04 4.2180293891e+03 0
1.3411260813e+04 4.2194418172e+03 0
1.4406118545e+04 4.2206804559e+03 0
1.5400772902e+04 4.2218663701e+03 0
2.0378491877e+04 4.2278172037e+03 0
1.8386405849e+04 4.2254151955e+03 0
2.0434301762e+04 2.0620463499e+04 0
1.9382148339e+04 4.2266058701e+03 0
2.1374720517e+04 4.2290246664e+03 0
2.2371168250e+04 4.2302420543e+03 0
2.3367746903e+04 4.2314664693e+03 0
2.7355246746e+04 4.2364229152e+03 0
2.9349101680e+04 4.2389149294e+03 0
2.8410012235e+04 2.0630996776e+04 0
2.7413188172e+04 2.0629739755e+04 0
2.8352004470e+04 4.2376636712e+03 0
3.0404226423e+04 2.0633515782e+04 0
2.9407296005e+04 2.0632262141e+04 0
3.4334704854e+04 4.2451844725e+03 0
3.5331692092e+04 4.2464355902e+03 0
3.6328672890e+04 4.2476866107e+03 0
3.8322864993e+04 4.2501950619e+03 0
4.6356763237e+04 2.0653561754e+04 0
3.7325601161e+04 4.2489362452e+03 0
3.8380623786e+04 2.0643545390e+04 0
4.4362744068e+04 2.0651058419e+04 0
4.0317075596e+04 4.2527040927e+03 0
4.1314018448e+04 4.2539541931e+03 0
4.2310991349e+04 4.2552051300e+03 0
4.3307978408e+04 4.2564564823e+03 0
4.4304952832e+04 4.2577075435e+03 0
4.5301916866e+04 4.2589584169e+03 0
5.5329089612e+04 2.0664756692e+04 0
5.4332469805e+04 2.0663532056e+04 0
5.2338689250e+04 2.0661055050e+04 0
4.6298882911e+04 4.2602095111e+03 0
4.7295851388e+04 4.2614609493e+03 0
4.8292820008e+04 4.2627128402e+03 0
5.7322818880e+04 2.0667198855e+04 0
4.9289787230e+04 4.2639653931e+03 0
5.0286751171e+04 4.2652189128e+03 0
5.1283709691e+04 4.2664738286e+03 0
5.6326142926e+04 2.0665986410e+04 0
5.2280661956e+04 4.2677307638e+03 0
5.3277609098e+04 4.2689905822e+03 0
5.4274554551e+04 4.2702544291e+03 0
5.5271505116e+04 4.2715237983e+03 0
5.6268473015e+04 4.2728006396e+03 0
5.7265478793e+04 4.2740875098e+03 0
5.8262554884e+04 4.2753877759e+03 0
5.9259749410e+04 4.2767059047e+03 0
6.0257129415e+04 4.2780479720e+03 0
6.1254782560e+04 4.2794227290e+03 0
6.8276293168e+04 2.0681587761e+04 0
6.2252816913e+04 4.2808437566e+03 0
6.4250685529e+04 4.2839051170e+03 0
6.5250617313e+04 4.2856239640e+03 0
6.6251644691e+04 4.2875259223e+03 0
6.7254122160e+04 4.2895925101e+03 0
6.8258470951e+04 4.2916198776e+03 0
6.9265001416e+04 4.2930120682e+03 0
7.0273505237e+04 4.2925361342e+03 0
7.1282606213e+04 4.2883135546e+03 0
7.6368728183e+04 5.4443564824e+03 0
7.2289120137e+04 4.2785625475e+03 0
7.3288404065e+04 4.2637293019e+03 0
7.4276829173e+04 4.2490637671e+03 0
7.5254978511e+04 4.2455104712e+03 0
4.2879350230e+04 1.9786103453e+04 0
6.4801141040e+04 1.9812692975e+04 0
6.2741724175e+04 5.1448672221e+03 0
6.7784724549e+04 1.9815570145e+04 0
7.2786996133e+04 1.9879001955e+04 0
7.5504563861e+04 1.0990531992e+04 0
5.0855386489e+04 1.9796109301e+04 0
3.2827256048e+04 5.1063895454e+03 0
3.0832944709e+04 5.1038796505e+03 0
9.9182656306e+03 1.9732923953e+04 0
1.3951524882e+04 1.9744270958e+04 0
1.9869146456e+04 5.0902999617e+03 0
2.1941934598e+04 1.9759428256e+04 0
2.4851413994e+04 5.0964105862e+03 0
2.5848182593e+04 5.0976475218e+03 0
3.0914769786e+04 1.9771062779e+04 0
3.5899955345e+04 1.9777330941e+04 0
3.3824354882e+04 5.1076434431e+03 0
4.4873366757e+04 1.9788606988e+04 0
5.5839820338e+04 1.9802288739e+04 0
4.5870511673e+04 1.9789862332e+04 0
4.8861467375e+04 1.9793613578e+04 0
5.8829780830e+04 1.9805891023e+04 0
5.2849442645e+04 1.9798601233e+04 0
5.4843160305e+04 1.9801069095e+04 0
5.6836811329e+04 1.9803508672e+04 0
5.9826126557e+04 1.9807061993e+04 0
6.1817444437e+04 1.9809346467e+04 0
7.5511149669e+04 1.1996485072e+04 0
7.5495891428e+04 7.9669061630e+03 0
7.5503794987e+04 6.9818074819e+03 0
7.5391658154e+04 5.9284561187e+03 0
1.5954073556e+04 1.9749161498e+04 0
2.0865062568e+04 5.0915013229e+03 0
2.8920687133e+04 1.9768547840e+04 0
3.6897188468e+04 1.9778589076e+04 0
4.6867666878e+04 1.9791117758e+04 0
5.3846526406e+04 1.9799843620e+04 0
6.0822116653e+04 1.9808215363e+04 0
3.4903020435e+04 1.9776080828e+04 0
1.6883622117e+04 5.0867893328e+03 0
2.5929516339e+04 1.9764739959e+04 0
3.1829810926e+04 5.1051265078e+03 0
3.8809926646e+04 5.1139167124e+03 0
3.8891385852e+04 1.9781097865e+04 0
4.1882569898e+04 1.9784857834e+04 0
4.0885673038e+04 1.9783609014e+04 0
3.9888710862e+04 1.9782358397e+04 0
6.2812640491e+04 1.9810478201e+04 0
6.3807294185e+04 1.9811600410e+04 0
7.5496514803e+04 9.9827437085e+03 0
7.5515934344e+04 1.3001900969e+04 0
7.5518164567e+04 1.4008028291e+04 0
7.5640996516e+04 1.8939841527e+04 0
6.9784495239e+04 1.9819796090e+04 0
7.5519083892e+04 1.5016912171e+04 0
7.5523441830e+04 1.6030672009e+04 0
7.5548833933e+04 1.7041788384e+04 0
7.5603228057e+04 1.8022236839e+04 0
7.4656308682e+04 1.9942212494e+04 0
7.3748925098e+04 1.9922487984e+04 0
7.1794066310e+04 1.9846097968e+04 0
7.0789822645e+04 1.9827874170e+04 0
6.6789348566e+04 1.9814669995e+04 0
6.5795204178e+04 1.9813729922e+04 0
4.9858615980e+04 1.9794867162e+04 0
3.3905991806e+04 1.9774827972e+04 0
3.2908959774e+04 1.9773574695e+04 0
3.1912036918e+04 1.9772323830e+04 0
2.6844936849e+04 5.0988858575e+03 0
2.4932747748e+04 1.9763456130e+04 0
2.3936012966e+04 1.9762151649e+04 0
1.9947510644e+04 1.9756467905e+04 0
1.7951975032e+04 1.9753111040e+04 0
1.6953671574e+04 1.9751208382e+04 0
1.4953668283e+04 1.9746820785e+04 0
4.1840802823e+03 1.2901016525e+04 0
7.8859614940e+03 1.9742376393e+04 0
6.8754536488e+03 1.9761997043e+04 0
8.9021303428e+03 1.9734056688e+04 0
5.8808636714e+03 1.9791215838e+04 0
4.9081411455e+03 1.9817242665e+04 0
1.2947510856e+04 1.9741330149e+04 0
4.3000323692e+03 1.8963833583e+04 0
1.1940858822e+04 1.9738088684e+04 0
4.1883578944e+03 1.7911796203e+04 0
4.1971387012e+03 1.6928209793e+04 0
4.2039179905e+03 1.5923691280e+04 0
1.0931041403e+04 1.9734856249e+04 0
4.1981883822e+03 1.4914256944e+04 0
4.1910170327e+03 1.3907012195e+04 0
4.1767383561e+03 1.0889633960e+04 0
4.1796539164e+03 1.1895700432e+04 0
4.0895424549e+03 6.8755138828e+03 0
9.9111850818e+03 5.0780042056e+03 0
4.1754826567e+03 9.8807190995e+03 0
4.1706581063e+03 8.8668747043e+03 0
4.1446890455e+03 7.8556697277e+03 0
6.9064995370e+03 5.0186152864e+03 0
4.0515981856e+03 5.9575350010e+03 0
5.0362524312e+03 4.9552153579e+03 0
5.9440269820e+03 4.9750282040e+03 0
1.5889250610e+04 5.0856721843e+03 0
7.9001589999e+03 5.0516161529e+03 0
8.9051831521e+03 5.0699027156e+03 0
1.0913215999e+04 5.0809891912e+03 0
1.1911536522e+04 5.0821309134e+03 0
1.2907237355e+04 5.0828777246e+03 0
1.3901495198e+04 5.0836826453e+03 0
1.4895205926e+04 5.0846186659e+03 0
1.8950121874e+04 1.9754848112e+04 0
1.7878153758e+04 5.0879281474e+03 0
2.0944988289e+04 1.9757987551e+04 0
1.8873209982e+04 5.0890961028e+03 0
2.1861227541e+04 5.0927129321e+03 0
2.2939246145e+04 1.9760815216e+04 0
2.2857693210e+04 5.0939361167e+03 0
2.3854306949e+04 5.0951655611e+03 0
2.9835675076e+04 5.1026224256e+03 0
2.7923687403e+04 1.9767286724e+04 0
2.6926773475e+04 1.9766021945e+04 0
2.7841673544e+04 5.1001253221e+03 0
2.8838428301e+04 5.1013666441e+03 0
2.9918012184e+04 1.9769814009e+04 0
3.4821400066e+04 5.1088960590e+03 0
3.5818400316e+04 5.1101475615e+03 0
3.7894465150e+04 1.9779848343e+04 0
4.7864795150e+04 1.9792372117e+04 0
3.6815409744e+04 5.1113993812e+03 0
3.7812456428e+04 5.1126522571e+03 0
4.3876618031e+04 1.9787362331e+04 0
3.9806902906e+04 5.1151677071e+03 0
4.0803863158e+04 5.1164182779e+03 0
4.1800811874e+04 5.1176685501e+03 0
4.2797826413e+04 5.1189206442e+03 0
4.3794843371e+04 5.1201728520e+03 0
4.4791799534e+04 5.1214234877e+03 0
4.5788760102e+04 5.1226743944e+03 0
4.6785725765e+04 5.1239256952e+03 0
5.1852676413e+04 1.9797363598e+04 0
4.7782694182e+04 5.1251774870e+03 0
5.7833554516e+04 1.9804712153e+04 0
4.8779663607e+04 5.1264299620e+03 0
4.9776630830e+04 5.1276833764e+03 0
5.0773591372e+04 5.1289380838e+03 0
5.1770542755e+04 5.1301946532e+03 0
5.2767485909e+04 5.1314539383e+03 0
5.3764424362e+04 5.1327170900e+03 0
5.4761364643e+04 5.1339856118e+03 0
5.5758318557e+04 5.1352614861e+03 0
5.6755306659e+04 5.1365473680e+03 0
5.7752362739e+04 5.1378468815e+03 0
5.8749539146e+04 5.1391651146e+03 0
5.9746912322e+04 5.1405096053e+03 0
6.0744587570e+04 5.1418925216e+03 0
6.8783048778e+04 1.9816765327e+04 0
6.1742702264e+04 5.1433352207e+03 0
6.3741161033e+04 5.1465514173e+03 0
6.4741663589e+04 5.1484817705e+03 0
6.5743561553e+04 5.1507806363e+03 0
6.6747293188e+04 5.1535553619e+03 0
7.5489751164e+04 8.9723025021e+03 0
6.7753434426e+04 5.1567662994e+03 0
6.8762615468e+04 5.1600173714e+03 0
6.9775268103e+04 5.1621736299e+03 0
7.0790962327e+04 5.1607469051e+03 0
7.1807113452e+04 5.1517911393e+03 0
7.2817113133e+04 5.1312467142e+03 0
7.3811289999e+04 5.1011298085e+03 0
7.4783619323e+04 5.0744592082e+03 0
3.7410726463e+04 1.8916217317e+04 0
4.5387004803e+04 1.8926237808e+04 0
5.1369126708e+04 1.8933740117e+04 0
4.9375161284e+04 1.8931244933e+04 0
5.5356542284e+04 1.8938677987e+04 0
4.3393045510e+04 1.8923735924e+04 0
7.3330779634e+04 1.9061414027e+04 0
7.5535541041e+04 1.9823990670e+04 0
3.5416489651e+04 1.8913707246e+04 0
4.0651212322e+03 1.9885066374e+04 0
5.0644970564e+03 1.3406421612e+04 0
4.1568569691e+03 5.0734034978e+03 0
1.5467125871e+04 1.8883670836e+04 0
4.9954179672e+03 7.2932739131e+03 0
1.2451269753e+04 1.8872143455e+04 0
2.0461043557e+04 1.8894081552e+04 0
2.6332031613e+04 5.9612760283e+03 0
4.8378347940e+04 1.8930000075e+04 0
3.4308466558e+04 5.9712844619e+03 0
3.6413831679e+04 1.8914968425e+04 0
4.3282128905e+04 5.9825670742e+03 0
5.0372342462e+04 1.8932498695e+04 0
5.4359997120e+04 1.8937459720e+04 0
5.8346602401e+04 1.8942283973e+04 0
6.0338663624e+04 1.8944585759e+04 0
7.4591875221e+04 8.4435523135e+03 0
6.5309305820e+04 1.8949766279e+04 0
1.8465728421e+04 1.8890622168e+04 0
2.7439856650e+04 1.8903641780e+04 0
3.3311135922e+04 5.9700241499e+03 0
3.3422263129e+04 1.8911196762e+04 0
4.6384305280e+04 1.8927497292e+04 0
5.3363265123e+04 1.8936230150e+04 0
5.6353501872e+04 1.8939898605e+04 0
6.1334143323e+04 1.8945702171e+04 0
6.2328941274e+04 1.8946791669e+04 0
7.4643740035e+04 1.3504538294e+04 0
7.4621073169e+04 1.0482089457e+04 0
7.5626396632e+04 5.0068107416e+03 0
2.0353060435e+04 5.9538844578e+03 0
2.5335129643e+04 5.9600327299e+03 0
3.0319648251e+04 5.9662587784e+03 0
6.2228848987e+04 6.0072737116e+03 0
1.6467992328e+04 1.8886301068e+04 0
2.5445898637e+04 1.8901081393e+04 0
3.1316716074e+04 5.9675108985e+03 0
4.2396240932e+04 1.8922489661e+04 0
4.0402238359e+04 1.8919986326e+04 0
4.1399505955e+04 1.8921245269e+04 0
3.9405212624e+04 1.8918733965e+04 0
6.3323159943e+04 1.8947859023e+04 0
6.4316718936e+04 1.8948882904e+04 0
7.4647952553e+04 7.4383388689e+03 0
7.4639624760e+04 1.2498102558e+04 0
6.8291375744e+04 1.8949687413e+04 0
7.4635719455e+04 1.5528660326e+04 0
7.4641921491e+04 1.4513071567e+04 0
7.0300331969e+04 1.8949334908e+04 0
7.4626242639e+04 1.6567137686e+04 0
7.4698206975e+04 1.7604440435e+04 0
7.4854886216e+04 1.8550203396e+04 0
7.4253873551e+04 1.9173134186e+04 0
7.2334360384e+04 1.8991397295e+04 0
7.1316756424e+04 1.8959748979e+04 0
6.6302163567e+04 1.8950368092e+04 0
3.4419660640e+04 1.8912459881e+04 0
3.2313741907e+04 5.9687623432e+03 0
3.2425303849e+04 1.8909945090e+04 0
3.1428323720e+04 1.8908692046e+04 0
2.4449278714e+04 1.8899781983e+04 0
2.3341650446e+04 5.9575558950e+03 0
1.9357390569e+04 5.9526740463e+03 0
1.7467537095e+04 1.8888585679e+04 0
1.6374596445e+04 5.9492315567e+03 0
9.4006063260e+03 1.8858135431e+04 0
8.3731872200e+03 1.8860337069e+04 0
1.0422421144e+04 1.8861805845e+04 0
7.3444145990e+03 1.8877066118e+04 0
6.3296453045e+03 1.8920777632e+04 0
1.5381446172e+04 5.9482115424e+03 0
5.3501386355e+03 1.8981248834e+04 0
1.4464678532e+04 1.8880456672e+04 0
4.9273616393e+03 1.8284647323e+04 0
5.0446923249e+03 1.7456065491e+04 0
5.1018123166e+03 1.6452243908e+04 0
1.1439000844e+04 1.8866845186e+04 0
5.0863213149e+03 1.5426706273e+04 0
5.0748274586e+03 1.4415158849e+04 0
5.0567969472e+03 1.2399426615e+04 0
5.0527822952e+03 1.1393072598e+04 0
5.0538535459e+03 1.0384633616e+04 0
9.3964070449e+03 5.9484783712e+03 0
5.0597253162e+03 9.3689281221e+03 0
5.0683872400e+03 8.3303722801e+03 0
6.3629362749e+03 5.8362275622e+03 0
4.8381158882e+03 6.3473765363e+03 0
5.4391767680e+03 5.7244084208e+03 0
1.3459590641e+04 1.8876519358e+04 0
7.3602969908e+03 5.9063371071e+03 0
8.3789707396e+03 5.9380435443e+03 0
1.0405266461e+04 5.9493033893e+03 0
1.1406397638e+04 5.9479845752e+03 0
1.2402567688e+04 5.9470645178e+03 0
1.3396146148e+04 5.9469241478e+03 0
1.4388674786e+04 5.9473760298e+03 0
1.9463814612e+04 1.8892427015e+04 0
1.7368043488e+04 5.9503237986e+03 0
2.1458346257e+04 1.8895615332e+04 0
1.8362215542e+04 5.9514752587e+03 0
2.1348771349e+04 5.9550928983e+03 0
2.4338176466e+04 5.9587880924e+03 0
2.2455509708e+04 1.8897063767e+04 0
2.2344860003e+04 5.9563139637e+03 0
2.3452660517e+04 1.8898449948e+04 0
2.6443063651e+04 1.8902372734e+04 0
2.7328653755e+04 5.9625124966e+03 0
2.8437119696e+04 1.8904914223e+04 0
2.8325405312e+04 5.9637536477e+03 0
2.9322219855e+04 5.9649974567e+03 0
3.0431313880e+04 1.8907436877e+04 0
2.9434391575e+04 1.8906181865e+04 0
3.5305378717e+04 5.9725335106e+03 0
3.6302449489e+04 5.9737869715e+03 0
3.8408148091e+04 1.8917480527e+04 0
3.8296924772e+04 5.9763031363e+03 0
3.7299482312e+04 5.9750394499e+03 0
3.9293984914e+04 5.9775564127e+03 0
4.4390259420e+04 1.8924993300e+04 0
4.0291021174e+04 5.9788090519e+03 0
4.1287964760e+04 5.9800591783e+03 0
4.2284835174e+04 5.9813073330e+03 0
4.7381538559e+04 1.8928754667e+04 0
4.4279005559e+04 5.9838155131e+03 0
4.5275955718e+04 5.9850660879e+03 0
4.6272919802e+04 5.9863172660e+03 0
4.7269887150e+04 5.9875689009e+03 0
5.9343019906e+04 1.8943452559e+04 0
5.2366468530e+04 1.8934994163e+04 0
4.8266857666e+04 5.9888212070e+03 0
4.9263830591e+04 5.9900744781e+03 0
5.0260797767e+04 5.9913289330e+03 0
5.1257751338e+04 5.9925849534e+03 0
5.2254691875e+04 5.9938433346e+03 0
5.7350388521e+04 1.8941106529e+04 0
5.3251624214e+04 5.9951052074e+03 0
5.4248554582e+04 5.9963720048e+03 0
5.5245493525e+04 5.9976456078e+03 0
5.6242459968e+04 5.9989285681e+03 0
5.7239486375e+04 6.0002244600e+03 0
5.8236625271e+04 6.0015385213e+03 0
5.9233956915e+04 6.0028790341e+03 0
6.0231597402e+04 6.0042605600e+03 0
6.9292384188e+04 1.8948442295e+04 0
6.1229706372e+04 6.0057111388e+03 0
6.7295814041e+04 1.8950404052e+04 0
6.3228485816e+04 6.0090472187e+03 0
6.4229396994e+04 6.0111901608e+03 0
7.4631191236e+04 1.1490900918e+04 0
6.5232036332e+04 6.0138906616e+03 0
6.6236912324e+04 6.0174139863e+03 0
7.4608211989e+04 9.4698084028e+03 0
6.7244687914e+04 6.0219242512e+03 0
6.8256170897e+04 6.0272641109e+03 0
6.9272204957e+04 6.0328283996e+03 0
7.0293701214e+04 6.0368280737e+03 0
7.4764688340e+04 6.6084837980e+03 0
7.1320469933e+04 6.0342506146e+03 0
7.2348688920e+04 6.0168992604e+03 0
7.3362902471e+04 5.9723931806e+03 0
7.4341936225e+04 5.9111359178e+03 0
4.4906652658e+04 1.8062699357e+04 0
5.5873090009e+04 1.8076372379e+04 0
1.8843449188e+04 6.8149086992e+03 0
2.6959074239e+04 1.8040076099e+04 0
6.8798149079e+04 1.8081035844e+04 0
7.4988354655e+04 1.9285517483e+04 0
6.7802384704e+04 1.8085211812e+04 0
3.3792343530e+04 6.8335858290e+03 0
1.5984672756e+04 1.8020768690e+04 0
4.7043270340e+03 5.6119399680e+03 0
1.4982118126e+04 1.8016961046e+04 0
1.1952870462e+04 1.7998903562e+04 0
2.4819307446e+04 6.8223348488e+03 0
3.2941557675e+04 1.8047647867e+04 0
3.6783826070e+04 6.8373534549e+03 0
3.9775319829e+04 6.8411218035e+03 0
4.7897911237e+04 1.8066459849e+04 0
5.0888770633e+04 1.8070203984e+04 0
5.7866481987e+04 1.8078772066e+04 0
5.9858597558e+04 1.8081077090e+04 0
7.3738249108e+04 1.6031597966e+04 0
6.1848667071e+04 1.8083268048e+04 0
6.2842681529e+04 1.8084327156e+04 0
7.3758602218e+04 1.1993894190e+04 0
6.5722175682e+04 6.8810160830e+03 0
4.9891963800e+04 1.8068961057e+04 0
4.5903892594e+04 1.8063957290e+04 0
3.7927314744e+04 1.8053928790e+04 0
1.5863885356e+04 6.8114039372e+03 0
3.6930313488e+04 1.8052677016e+04 0
3.5933261269e+04 1.8051423774e+04 0
4.3909851433e+04 1.8061453269e+04 0
5.1886036130e+04 1.8071457283e+04 0
5.4876524337e+04 1.8075158797e+04 0
6.1712708645e+04 6.8695373359e+03 0
7.3712891208e+04 8.9632311866e+03 0
1.9838272634e+04 6.8161291830e+03 0
2.5815886455e+04 6.8235728337e+03 0
3.1797854358e+04 6.8310702630e+03 0
6.5818981905e+04 1.8086924526e+04 0
7.3592014762e+04 7.8456257098e+03 0
2.1974693979e+04 1.8033353016e+04 0
1.8982609617e+04 1.8028316108e+04 0
2.5962245349e+04 1.8038796455e+04 0
3.0800481346e+04 6.8298094180e+03 0
3.2794814516e+04 6.8323201733e+03 0
4.2912892061e+04 1.8060202804e+04 0
4.1916013914e+04 1.8058954517e+04 0
3.8924725169e+04 1.8055191682e+04 0
6.3835765351e+04 1.8085359746e+04 0
6.4827986446e+04 1.8086317965e+04 0
7.3731835506e+04 9.9723824331e+03 0
7.3768335600e+04 1.3000791431e+04 0
7.3769521254e+04 1.4006318912e+04 0
7.3760195695e+04 1.5015332207e+04 0
7.0823723288e+04 1.8066059366e+04 0
7.3610775812e+04 1.7168815428e+04 0
7.3944444164e+04 1.8280234920e+04 0
7.2918958258e+04 1.8125445286e+04 0
7.1863308989e+04 1.8077786746e+04 0
3.4936113138e+04 1.8050167779e+04 0
3.3939038103e+04 1.8048913531e+04 0
3.1944643349e+04 1.8046396902e+04 0
2.4965466770e+04 1.8037498153e+04 0
2.3822457266e+04 6.8210864132e+03 0
2.0977716691e+04 1.8031821186e+04 0
1.7984539919e+04 1.8026211420e+04 0
1.6985515608e+04 1.8023716078e+04 0
5.9517192419e+03 1.3913222200e+04 0
9.9081041990e+03 1.7981909415e+04 0
1.0933407132e+04 1.7990561581e+04 0
8.8731866946e+03 1.7972828516e+04 0
7.8276222003e+03 1.7975975076e+04 0
1.3976575171e+04 1.8012087583e+04 0
5.7540437534e+03 1.8115224603e+04 0
6.7706834282e+03 1.8002513812e+04 0
6.1014549508e+03 1.7049534156e+04 0
1.2967055299e+04 1.8005902649e+04 0
5.9819002484e+03 1.5932957315e+04 0
5.9642035133e+03 1.4924277403e+04 0
5.9391331829e+03 1.2903120007e+04 0
5.9578724065e+03 8.8660316084e+03 0
5.9295025801e+03 1.1896426956e+04 0
5.9280289233e+03 1.0891094388e+04 0
5.9367853258e+03 9.8822025816e+03 0
8.8741420072e+03 6.8316869353e+03 0
6.0844374317e+03 7.7288639960e+03 0
5.7494219507e+03 6.6174210848e+03 0
1.4872327059e+04 6.8104508789e+03 0
6.7760863619e+03 6.7722717054e+03 0
7.8331213983e+03 6.8199628694e+03 0
9.8961635277e+03 6.8242757132e+03 0
1.0901502036e+04 6.8164687611e+03 0
1.1897900756e+04 6.8120233388e+03 0
1.2890315303e+04 6.8101733769e+03 0
1.3881233775e+04 6.8098722898e+03 0
1.9980524693e+04 1.8030155558e+04 0
1.6855964529e+04 6.8124941981e+03 0
2.2825827017e+04 6.8198398603e+03 0
1.7849019907e+04 6.8136715931e+03 0
2.0833631732e+04 6.8173578207e+03 0
2.1829369647e+04 6.8185907171e+03 0
2.3968793235e+04 1.8036171741e+04 0
2.2972027074e+04 1.8034798204e+04 0
2.6812639204e+04 6.8248151969e+03 0
2.7956370133e+04 1.8041355294e+04 0
2.9950507286e+04 1.8043882490e+04 0
2.7809432894e+04 6.8260586610e+03 0
2.8806232607e+04 6.8273025471e+03 0
2.8953674650e+04 1.8042627506e+04 0
3.0947824736e+04 1.8045147325e+04 0
2.9803101508e+04 6.8285487758e+03 0
3.4789362902e+04 6.8348377544e+03 0
3.9921974930e+04 1.8056450166e+04 0
3.5786335718e+04 6.8360885136e+03 0
3.7780918867e+04 6.8386075912e+03 0
3.8777938268e+04 6.8398597486e+03 0
4.0919231996e+04 1.8057708832e+04 0
4.0772222387e+04 6.8423708044e+03 0
4.1769182835e+04 6.8436214051e+03 0
4.2766213135e+04 6.8448739453e+03 0
4.8895164808e+04 1.8067717057e+04 0
4.6901171637e+04 1.8065216080e+04 0
4.3763246568e+04 6.8461266319e+03 0
4.4760220722e+04 6.8473778100e+03 0
4.5757194264e+04 6.8486291587e+03 0
4.6754163517e+04 6.8498807021e+03 0
6.0854209547e+04 1.8082196473e+04 0
5.3879856904e+04 1.8073934572e+04 0
4.7751130254e+04 6.8511326768e+03 0
4.8748107378e+04 6.8523857079e+03 0
5.2883196642e+04 1.8072704734e+04 0
4.9745090825e+04 6.8536400729e+03 0
5.0742053803e+04 6.8548955756e+03 0
5.1738992402e+04 6.8561528093e+03 0
5.8862935354e+04 1.8079943644e+04 0
5.2735919388e+04 6.8574130184e+03 0
5.6870154792e+04 1.8077588513e+04 0
5.3732841075e+04 6.8586775123e+03 0
5.4729765874e+04 6.8599479567e+03 0
5.5726709577e+04 6.8612266245e+03 0
5.6723700741e+04 6.8625167569e+03 0
5.7720787739e+04 6.8638232630e+03 0
5.8718047836e+04 6.8651543223e+03 0
5.9715598028e+04 6.8665253632e+03 0
6.9803088643e+04 1.8073365877e+04 0
6.0713607067e+04 6.8679685023e+03 0
6.2712337041e+04 6.8713639800e+03 0
6.6810341339e+04 1.8086815504e+04 0
6.3713368643e+04 6.8736839033e+03 0
6.4716369546e+04 6.8768495760e+03 0
7.3744660381e+04 1.0983695298e+04 0
6.6731233055e+04 6.8869571006e+03 0
6.7744683479e+04 6.8944201218e+03 0
6.8763176658e+04 6.9031195996e+03 0
6.9787807703e+04 6.9127708395e+03 0
7.3938523901e+04 6.7783831944e+03 0
7.0821769623e+04 6.9219816732e+03 0
7.1866437589e+04 6.9186765373e+03 0
7.2922564440e+04 6.8916822113e+03 0
6.1193254551e+04 7.7316617004e+03 0
6.7318210695e+04 1.7223862841e+04 0
2.2307371085e+04 7.6820207060e+03 0
3.1278602140e+04 7.6932861044e+03 0
3.7449851801e+04 1.7190469005e+04 0
2.4300412414e+04 7.6845394713e+03 0
2.3303544642e+04 7.6832746932e+03 0
6.7982827400e+03 1.1394111905e+04 0
1.3489011948e+04 1.7140405782e+04 0
1.7506144305e+04 1.7161514577e+04 0
3.2463898747e+04 1.7184181900e+04 0
2.7290492038e+04 7.6882797577e+03 0
3.8447183413e+04 1.7191729770e+04 0
3.7262123551e+04 7.7008359269e+03 0
4.2435496015e+04 1.7196744922e+04 0
4.7420576742e+04 1.7203004221e+04 0
5.6392683311e+04 1.7214151048e+04 0
5.0411512883e+04 1.7206752390e+04 0
7.2867816927e+04 1.1490517504e+04 0
6.8307494440e+04 1.7219951023e+04 0
1.5503997779e+04 1.7154016442e+04 0
1.4361956648e+04 7.6718467442e+03 0
3.2275793885e+04 7.6945423907e+03 0
5.9381727749e+04 1.7217678105e+04 0
6.3358834764e+04 1.7222116324e+04 0
6.4350701791e+04 1.7223298082e+04 0
7.2895653446e+04 1.4503295546e+04 0
5.1408715850e+04 1.7208005391e+04 0
1.6506317654e+04 1.7158236280e+04 0
3.6452937467e+04 1.7189219558e+04 0
4.5426445524e+04 1.7200498187e+04 0
5.3402585941e+04 1.7210488665e+04 0
5.5396076347e+04 1.7212941321e+04 0
6.2366070574e+04 1.7221017105e+04 0
2.5296881968e+04 7.6857832403e+03 0
3.3273034292e+04 7.6958001886e+03 0
6.6330043301e+04 1.7224862332e+04 0
1.9321060020e+04 7.6782071759e+03 0
1.9502619432e+04 1.7166193902e+04 0
2.6481410115e+04 1.7176590658e+04 0
4.4429566358e+04 1.7199250002e+04 0
6.5202258870e+04 7.7442428616e+03 0
6.5341207144e+04 1.7224416347e+04 0
7.2901732531e+04 8.5841487329e+03 0
7.2889451990e+04 1.2500991692e+04 0
7.2900993596e+04 1.3502780098e+04 0
6.9300795666e+04 1.7209441430e+04 0
7.2876493954e+04 1.5510614113e+04 0
7.1356960719e+04 1.7150326996e+04 0
7.2917513086e+04 1.6401441992e+04 0
7.2432672387e+04 1.7174323923e+04 0
3.4458364238e+04 1.7186699956e+04 0
3.3461323544e+04 1.7185446422e+04 0
2.5484672804e+04 1.7175300065e+04 0
2.2494137915e+04 1.7171194780e+04 0
1.8504995611e+04 1.7164057353e+04 0
1.8326806022e+04 7.6768993776e+03 0
1.2473498791e+04 1.7130531282e+04 0
1.0424221956e+04 1.7107907070e+04 0
1.1451583564e+04 1.7119332660e+04 0
6.8468501549e+03 1.4422996292e+04 0
9.3903818613e+03 1.7092019362e+04 0
1.5351254441e+04 7.6728824527e+03 0
8.3356232108e+03 1.7063867020e+04 0
7.2662274467e+03 1.7077816191e+04 0
1.4498880229e+04 1.7148035419e+04 0
6.7932503415e+03 1.6311518581e+04 0
6.8496714549e+03 1.5433823720e+04 0
6.8311772757e+03 1.3405626884e+04 0
6.8103459627e+03 1.2395311180e+04 0
6.8215921391e+03 9.3868609654e+03 0
6.8036497240e+03 1.0393726574e+04 0
8.3418876914e+03 7.7472584096e+03 0
6.7795773281e+03 8.4961655695e+03 0
7.2642858923e+03 7.7233265248e+03 0
9.3917647457e+03 7.7117520596e+03 0
1.0401117667e+04 7.6877473931e+03 0
1.1395135549e+04 7.6768763113e+03 0
1.2384670955e+04 7.6725391543e+03 0
1.3373009448e+04 7.6713371584e+03 0
2.0500173828e+04 1.7168029584e+04 0
1.6341782379e+04 7.6741864737e+03 0
2.1497407480e+04 1.7169679006e+04 0
1.7333526515e+04 7.6755367261e+03 0
2.0315755073e+04 7.6794757614e+03 0
2.1311106838e+04 7.6807429100e+03 0
2.4487992288e+04 1.7173982720e+04 0
2.3491370375e+04 1.7172623806e+04 0
2.6293398480e+04 7.6870244879e+03 0
2.7478652784e+04 1.7177876299e+04 0
2.8287233909e+04 7.6895237515e+03 0
2.9472785314e+04 1.7180411289e+04 0
2.8475945490e+04 1.7179153032e+04 0
3.1467053692e+04 1.7182932147e+04 0
3.0470170685e+04 1.7181679708e+04 0
2.9284077578e+04 7.6907701886e+03 0
3.0281026983e+04 7.6920195231e+03 0
3.4270226642e+04 7.6970568188e+03 0
3.5455919332e+04 1.7187967165e+04 0
3.9444536696e+04 1.7192991093e+04 0
3.5267403121e+04 7.6983131207e+03 0
3.6264575359e+04 7.6995693743e+03 0
3.8259149718e+04 7.7020882643e+03 0
3.9256283004e+04 7.7033435411e+03 0
4.1438742684e+04 1.7195500023e+04 0
4.0441904705e+04 1.7194252796e+04 0
4.3432752173e+04 1.7198003513e+04 0
4.0253388307e+04 7.7045980685e+03 0
4.1250403588e+04 7.7058501568e+03 0
4.2247416119e+04 7.7071021974e+03 0
4.8417749040e+04 1.7204259630e+04 0
4.6423842399e+04 1.7201760347e+04 0
4.3244433796e+04 7.7083544269e+03 0
4.4241446003e+04 7.7096065934e+03 0
4.5238448767e+04 7.7108586522e+03 0
4.9414884399e+04 1.7205513385e+04 0
4.6235431857e+04 7.7121104275e+03 0
6.1372192191e+04 1.7219918733e+04 0
4.7232394319e+04 7.7133620510e+03 0
4.8229348789e+04 7.7146140984e+03 0
5.4399562727e+04 1.7211724622e+04 0
5.2405953291e+04 1.7209256879e+04 0
4.9226360813e+04 7.7158686692e+03 0
5.0223364487e+04 7.7171244272e+03 0
5.1220294389e+04 7.7183802001e+03 0
6.0377492875e+04 1.7218815011e+04 0
5.2217214792e+04 7.7196384957e+03 0
5.8385887759e+04 1.7216531592e+04 0
5.3214129468e+04 7.7209003853e+03 0
5.7389655838e+04 1.7215358324e+04 0
5.4211042664e+04 7.7221672021e+03 0
5.5207965669e+04 7.7234408068e+03 0
5.6204921134e+04 7.7247238952e+03 0
5.7201949569e+04 7.7260206546e+03 0
5.8199118665e+04 7.7273383781e+03 0
5.9196535525e+04 7.7286916957e+03 0
7.0309027823e+04 1.7185682228e+04 0
6.0194361545e+04 7.7301132320e+03 0
6.2192641080e+04 7.7334898702e+03 0
6.3193428709e+04 7.7358962401e+03 0
6.4196266191e+04 7.7393757342e+03 0
7.2846696836e+04 9.4622091008e+03 0
7.2850306160e+04 1.0473368260e+04 0
6.6211985591e+04 7.7516874933e+03 0
6.7226995662e+04 7.7616017727e+03 0
6.8247851070e+04 7.7732376214e+03 0
6.9274068658e+04 7.7860076128e+03 0
7.0306563875e+04 7.8025483811e+03 0
7.1360049388e+04 7.8311158260e+03 0
7.2428253621e+04 7.8172728721e+03 0
6.6841513672e+04 1.6365046802e+04 0
5.5918426531e+04 1.6350803184e+04 0
6.0670669969e+04 8.5936647494e+03 0
2.2019581450e+04 1.6307643919e+04 0
4.7943248199e+04 1.6340881607e+04 0
6.3877886277e+04 1.6360607785e+04 0
1.6030078834e+04 1.6291830041e+04 0
2.0025558062e+04 1.6304239903e+04 0
2.1786020634e+04 8.5440712488e+03 0
2.7765331455e+04 8.5516627171e+03 0
3.2751059008e+04 8.5579416348e+03 0
3.8969821771e+04 1.6329606326e+04 0
4.4952123831e+04 1.6337124329e+04 0
4.6946354634e+04 1.6339633423e+04 0
4.9937203828e+04 1.6343381041e+04 0
4.9701821128e+04 8.5792754478e+03 0
5.4921889716e+04 1.6349588461e+04 0
6.4677101728e+04 8.6067214651e+03 0
2.5009974691e+04 1.6311873750e+04 0
2.3778615774e+04 8.5466432820e+03 0
3.7972638463e+04 1.6328349623e+04 0
1.7807859822e+04 8.5385161204e+03 0
1.4017556766e+04 1.6275894213e+04 0
3.3983549055e+04 1.6323312123e+04 0
3.1753595751e+04 8.5566776027e+03 0
7.2000774059e+04 1.2010668066e+04 0
1.8030126396e+04 1.6299627977e+04 0
3.6975522926e+04 1.6327094720e+04 0
5.6915328125e+04 1.6352017164e+04 0
6.2886196817e+04 1.6359149598e+04 0
2.3016563509e+04 1.6309130159e+04 0
2.4775014338e+04 8.5479016626e+03 0
6.7825342685e+04 1.6363674799e+04 0
1.8801015474e+04 8.5399986479e+03 0
4.5949418876e+04 1.6338383846e+04 0
6.4868178321e+04 1.6362454684e+04 0
6.5856249492e+04 1.6364345198e+04 0
6.8806894649e+04 1.6358143987e+04 0
7.2032058362e+04 1.3011457843e+04 0
7.2045307517e+04 1.3996865373e+04 0
6.9786468666e+04 1.6339586202e+04 0
7.2016142909e+04 1.4990843644e+04 0
7.1929844008e+04 1.6123045594e+04 0
3.5742819704e+04 8.5617169145e+03 0
3.2986407311e+04 1.6322055584e+04 0
2.2781952245e+04 8.5453571036e+03 0
2.6006858502e+04 1.6313184055e+04 0
2.1022921115e+04 1.6306032901e+04 0
1.9028361571e+04 1.6302145256e+04 0
1.7031210962e+04 1.6296294520e+04 0
1.3849986063e+04 8.5311438868e+03 0
1.1978136411e+04 1.6247343357e+04 0
1.3002198431e+04 1.6262567728e+04 0
1.0946526327e+04 1.6232393189e+04 0
9.9132364184e+03 1.6219886973e+04 0
1.4836738383e+04 8.5328890671e+03 0
7.7463269875e+03 1.4946194896e+04 0
8.8863900130e+03 1.6197673438e+04 0
1.5026275889e+04 1.6285136459e+04 0
7.7696141380e+03 1.6061984174e+04 0
7.7466578560e+03 1.3909839723e+04 0
7.7009336732e+03 1.2884332347e+04 0
7.6698807978e+03 1.1884198258e+04 0
7.6563070131e+03 1.0899440307e+04 0
7.6846778936e+03 9.9060091773e+03 0
7.7696354109e+03 8.7742783645e+03 0
8.9143437379e+03 8.6210549770e+03 0
9.9172792428e+03 8.5571636444e+03 0
1.0898136595e+04 8.5380925064e+03 0
1.1880364358e+04 8.5319562461e+03 0
1.2864271441e+04 8.5301489524e+03 0
1.5825315059e+04 8.5348906859e+03 0
1.6815623946e+04 8.5367747776e+03 0
1.9795188710e+04 8.5413961815e+03 0
2.0790092455e+04 8.5427402224e+03 0
2.4013544661e+04 1.6310534634e+04 0
2.5771558902e+04 8.5491544435e+03 0
2.6768198138e+04 8.5504035559e+03 0
2.7003902440e+04 1.6314475086e+04 0
2.8997955852e+04 1.6317017992e+04 0
2.8001126217e+04 1.6315756146e+04 0
3.1989319543e+04 1.6320799738e+04 0
3.0992357824e+04 1.6319545988e+04 0
2.8762103226e+04 8.5529093138e+03 0
2.9995369993e+04 1.6318289341e+04 0
2.9759048004e+04 8.5541597236e+03 0
3.0756113618e+04 8.5554130354e+03 0
3.3748140879e+04 8.5591953129e+03 0
3.6740060673e+04 8.5629750905e+03 0
3.4981095843e+04 1.6324579249e+04 0
4.2958123970e+04 1.6334621175e+04 0
3.4745235665e+04 8.5604494134e+03 0
3.5978548158e+04 1.6325843565e+04 0
3.7737284593e+04 8.5642328241e+03 0
3.8734429173e+04 8.5654884083e+03 0
4.1961245902e+04 1.6333372874e+04 0
4.0964328538e+04 1.6332123484e+04 0
3.9967368994e+04 1.6330872930e+04 0
3.9731553273e+04 8.5667434458e+03 0
4.3955385424e+04 1.6335879909e+04 0
4.0728633477e+04 8.5679972991e+03 0
4.1725674150e+04 8.5692500948e+03 0
4.2722694198e+04 8.5705023647e+03 0
4.3719698780e+04 8.5717542791e+03 0
4.4716742729e+04 8.5730073811e+03 0
5.0934343112e+04 1.6344633674e+04 0
4.8940512245e+04 1.6342139447e+04 0
4.5713772748e+04 8.5742602987e+03 0
6.1893085443e+04 1.6357873560e+04 0
4.6710734930e+04 8.5755116890e+03 0
4.7707677314e+04 8.5767630494e+03 0
5.3925185535e+04 1.6348361472e+04 0
5.1931454164e+04 1.6345883768e+04 0
4.8704546245e+04 8.5780131979e+03 0
5.2928488550e+04 1.6347129103e+04 0
5.0698671998e+04 8.5805278379e+03 0
6.0898853853e+04 1.6356689111e+04 0
5.1695580065e+04 8.5817840136e+03 0
5.9903742688e+04 1.6355536121e+04 0
5.2692490173e+04 8.5830432591e+03 0
5.8908008850e+04 1.6354380620e+04 0
5.3689395938e+04 8.5843063674e+03 0
5.7911999677e+04 1.6353213382e+04 0
5.4686303075e+04 8.5855747077e+03 0
5.5683227417e+04 8.5868503167e+03 0
5.6680199389e+04 8.5881364217e+03 0
5.7677272230e+04 8.5894388720e+03 0
5.8674533986e+04 8.5907701124e+03 0
7.0787590680e+04 1.6276057338e+04 0
5.9672123158e+04 8.5921597399e+03 0
6.1669613755e+04 8.5954401154e+03 0
6.2669804135e+04 8.5978162836e+03 0
6.3671886462e+04 8.6013971998e+03 0
7.1953376538e+04 1.0985358756e+04 0
6.5686215475e+04 8.6155311142e+03 0
6.6701501817e+04 8.6283869077e+03 0
7.1951720742e+04 9.9494863803e+03 0
6.7724706240e+04 8.6444817662e+03 0
6.8754901421e+04 8.6602519613e+03 0
6.9786424233e+04 8.6739527484e+03 0
7.0811520204e+04 8.6971341918e+03 0
7.1926896145e+04 8.8334446613e+03 0
4.9465488827e+04 1.5480080124e+04 0
6.7353135908e+04 1.5510253601e+04 0
2.0551042239e+04 1.5442415623e+04 0
6.8330441539e+04 1.5509177265e+04 0
2.6243776854e+04 9.4124620134e+03 0
2.8237501580e+04 9.4149738841e+03 0
4.5477428987e+04 1.5475073688e+04 0
3.8497892574e+04 1.5466297565e+04 0
4.3483403869e+04 1.5472569808e+04 0
4.4480610543e+04 1.5473827062e+04 0
4.6474593738e+04 1.5476329692e+04 0
5.3453366743e+04 1.5485067372e+04 0
5.5446857935e+04 1.5487528314e+04 0
5.2456610643e+04 1.5483829532e+04 0
5.8436677043e+04 1.5491148985e+04 0
6.3409263066e+04 1.5498103021e+04 0
4.5189492670e+04 9.4363386916e+03 0
2.1262081383e+04 9.4059740109e+03 0
2.3254243391e+04 9.4086452154e+03 0
4.7471636082e+04 1.5477582229e+04 0
5.0462583981e+04 1.5481332774e+04 0
5.6443701182e+04 1.5488750385e+04 0
6.4400090103e+04 1.5500768351e+04 0
2.2544589233e+04 1.5445694823e+04 0
1.7286218825e+04 9.3994610017e+03 0
1.6559277804e+04 1.5430493333e+04 0
3.2226190025e+04 9.4200038100e+03 0
1.8556715074e+04 1.5438022675e+04 0
6.4147481570e+04 9.4682155090e+03 0
2.3541455116e+04 1.5447142657e+04 0
2.4250545658e+04 9.4099285254e+03 0
2.5534778495e+04 1.5449841612e+04 0
7.1101126414e+04 1.1543308982e+04 0
1.8278560751e+04 9.4013976780e+03 0
6.5388258875e+04 1.5504377329e+04 0
6.6372815402e+04 1.5508304846e+04 0
7.0222663528e+04 1.5500283262e+04 0
7.1152105211e+04 1.2541161271e+04 0
7.1197403694e+04 1.3522586732e+04 0
6.9295939699e+04 1.5510766380e+04 0
7.1225532663e+04 1.4454790658e+04 0
3.7500744243e+04 1.5465041797e+04 0
3.3511392959e+04 1.5459996794e+04 0
2.2257808646e+04 9.4073207370e+03 0
2.1548058106e+04 1.5444136520e+04 0
1.9554243847e+04 1.5440418029e+04 0
1.7558829741e+04 1.5434836027e+04 0
1.4551789282e+04 1.5413578842e+04 0
1.3336367222e+04 9.3861354364e+03 0
1.3539378655e+04 1.5397709055e+04 0
1.2516337988e+04 1.5375604187e+04 0
1.1478847712e+04 1.5350554959e+04 0
1.4319823195e+04 9.3898871801e+03 0
1.0432988473e+04 1.5337180432e+04 0
9.3992897372e+03 1.5341106982e+04 0
1.5557666333e+04 1.5423671405e+04 0
8.5117392265e+03 1.5398736353e+04 0
8.7592383788e+03 1.4441338580e+04 0
8.6022929022e+03 1.3350302336e+04 0
8.5522627402e+03 1.2353005621e+04 0
8.5069482159e+03 1.1372517987e+04 0
8.4780974081e+03 1.0441192034e+04 0
9.4821462572e+03 9.3959206667e+03 0
1.0410869535e+04 9.3848658559e+03 0
1.1377631581e+04 9.3855458076e+03 0
1.2355399049e+04 9.3836958137e+03 0
1.5306210295e+04 9.3936821654e+03 0
1.6295032609e+04 9.3968473541e+03 0
1.9272082318e+04 9.4030458841e+03 0
2.0266527168e+04 9.4045430134e+03 0
2.4538284540e+04 1.5448519083e+04 0
2.5246934599e+04 9.4111947949e+03 0
2.6531782191e+04 1.5451143002e+04 0
2.7240385179e+04 9.4137130501e+03 0
2.8525770048e+04 1.5453695799e+04 0
2.7528941772e+04 1.5452429456e+04 0
3.2514288287e+04 1.5458740942e+04 0
3.1517243039e+04 1.5457485674e+04 0
3.0231541036e+04 9.4174821838e+03 0
3.1228603556e+04 9.4187359840e+03 0
2.9523028068e+04 1.5454965563e+04 0
2.9234265791e+04 9.4162216834e+03 0
3.0520311871e+04 1.5456231690e+04 0
3.3223406636e+04 9.4212613674e+03 0
3.4508933890e+04 1.5461263927e+04 0
3.6215493422e+04 9.4250458897e+03 0
3.4220594401e+04 9.4225181082e+03 0
3.5217855115e+04 9.4237768424e+03 0
3.6503603130e+04 1.5463786160e+04 0
3.5506481728e+04 1.5462530945e+04 0
3.7212670218e+04 9.4263023513e+03 0
3.8209866075e+04 9.4275593411e+03 0
4.1489390415e+04 1.5470066160e+04 0
4.0492463653e+04 1.5468816502e+04 0
3.9495384575e+04 1.5467562676e+04 0
4.2486559042e+04 1.5471322408e+04 0
3.9207027078e+04 9.4288153870e+03 0
4.0204148657e+04 9.4300703661e+03 0
4.1201228692e+04 9.4313242261e+03 0
4.2198273057e+04 9.4325771393e+03 0
4.3195282584e+04 9.4338291507e+03 0
4.4192215068e+04 9.4350791486e+03 0
6.2416877072e+04 1.5496289050e+04 0
4.6186399270e+04 9.4375883645e+03 0
4.7183354300e+04 9.4388397386e+03 0
4.8468762222e+04 1.5478836811e+04 0
5.1459751126e+04 1.5482586211e+04 0
4.8180311611e+04 9.4400917586e+03 0
4.9177324859e+04 9.4413461506e+03 0
5.4450342610e+04 1.5486306908e+04 0
5.0174327629e+04 9.4426014854e+03 0
6.1423064713e+04 1.5494820240e+04 0
5.1171255315e+04 9.4438564904e+03 0
6.0428281551e+04 1.5493543458e+04 0
5.2168170093e+04 9.4451134337e+03 0
6.0145352607e+04 9.4555759011e+03 0
5.3165074890e+04 9.4463731044e+03 0
5.9432874561e+04 1.5492343590e+04 0
5.7440488288e+04 1.5489961999e+04 0
5.4161973087e+04 9.4476364594e+03 0
5.5158874650e+04 9.4489048832e+03 0
5.6155799877e+04 9.4501805857e+03 0
5.7152785532e+04 9.4514677317e+03 0
5.8149894966e+04 9.4527757717e+03 0
5.9147232777e+04 9.4541287454e+03 0
6.1143736060e+04 9.4572559922e+03 0
6.2143089228e+04 9.4594886390e+03 0
6.3143954627e+04 9.4629089666e+03 0
6.5154400154e+04 9.4776390016e+03 0
6.6167344469e+04 9.4929263698e+03 0
7.0942133279e+04 1.0452748133e+04 0
6.7189999785e+04 9.5151404882e+03 0
6.8226187244e+04 9.5409854542e+03 0
6.9270027023e+04 9.5556174984e+03 0
7.0301338574e+04 9.5532106310e+03 0
7.1186940390e+04 9.4965242528e+03 0
4.5007823001e+04 1.4611828504e+04 0
5.5974145127e+04 1.4625537696e+04 0
6.3935737596e+04 1.4638871106e+04 0
1.9085183305e+04 1.4576599254e+04 0
7.1122793386e+04 1.5359417320e+04 0
1.7090369292e+04 1.4569767104e+04 0
8.5798934452e+03 9.5371661948e+03 0
2.4068369352e+04 1.4585212836e+04 0
2.8707508256e+04 1.0278227252e+04 0
3.2696426731e+04 1.0283265868e+04 0
3.7030850796e+04 1.4601788561e+04 0
4.3013786825e+04 1.4609324204e+04 0
4.7001939214e+04 1.4614334935e+04 0
5.9617867755e+04 1.0317429915e+04 0
5.7967469740e+04 1.4627973988e+04 0
7.0264891870e+04 1.2080358747e+04 0
6.4925486251e+04 1.4644144159e+04 0
2.6061823485e+04 1.4587868460e+04 0
5.3980610744e+04 1.4623073134e+04 0
5.1986882766e+04 1.4620587398e+04 0
4.6005006448e+04 1.4613085155e+04 0
2.1078518031e+04 1.4580673112e+04 0
4.9992869123e+04 1.4618087026e+04 0
5.2983900128e+04 1.4621835683e+04 0
6.6890155066e+04 1.4659808033e+04 0
2.2727701281e+04 1.0270544122e+04 0
2.0082054433e+04 1.4578805752e+04 0
2.3071798089e+04 1.4583806836e+04 0
2.3723925626e+04 1.0271868029e+04 0
6.8841359512e+04 1.4655411952e+04 0
1.7753668003e+04 1.0262213899e+04 0
6.5911060907e+04 1.4651808155e+04 0
6.7863400392e+04 1.4664019801e+04 0
7.0286394925e+04 1.1202702223e+04 0
7.0310646241e+04 1.3088632459e+04 0
6.9789922359e+04 1.4707400969e+04 0
7.0414871934e+04 1.4050333178e+04 0
2.1731539259e+04 1.0269160084e+04 0
2.2075276683e+04 1.4582306970e+04 0
2.0735857474e+04 1.0267699656e+04 0
1.8088272956e+04 1.4573699081e+04 0
1.6091222936e+04 1.4563634882e+04 0
1.5089325204e+04 1.4553740566e+04 0
1.4082518899e+04 1.4537396591e+04 0
1.3066696471e+04 1.4511099792e+04 0
1.2821215862e+04 1.0233055927e+04 0
1.3799884638e+04 1.0241346407e+04 0
1.2033247209e+04 1.4471821192e+04 0
1.0966536606e+04 1.4425245687e+04 0
1.6761676157e+04 1.0259263036e+04 0
9.8950350404e+03 1.4440616972e+04 0
9.4183439477e+03 1.3690285558e+04 0
9.4416409369e+03 1.2812095600e+04 0
9.3963630668e+03 1.1804900230e+04 0
9.2915186505e+03 1.0844697272e+04 0
9.9174292012e+03 1.0187611804e+04 0
1.0867969249e+04 1.0238286231e+04 0
1.1847235829e+04 1.0229010458e+04 0
1.4783804527e+04 1.0249088687e+04 0
1.5771337160e+04 1.0254922257e+04 0
1.8746679766e+04 1.0264323230e+04 0
1.9740749689e+04 1.0266099908e+04 0
2.5065210149e+04 1.4586561433e+04 0
2.4720323905e+04 1.0273162992e+04 0
2.5716926528e+04 1.0274441296e+04 0
2.6713641232e+04 1.0275707563e+04 0
2.7058850034e+04 1.4589158985e+04 0
2.8055865034e+04 1.4590434710e+04 0
2.7710394425e+04 1.0276965005e+04 0
3.3041443303e+04 1.4596741637e+04 0
3.2044338339e+04 1.4595485418e+04 0
2.9052964226e+04 1.4591703415e+04 0
3.0701754467e+04 1.0280742871e+04 0
3.1698916222e+04 1.0281999822e+04 0
2.9704420161e+04 1.0279480082e+04 0
3.1047257697e+04 1.4594228549e+04 0
3.0050226377e+04 1.4592970746e+04 0
3.5688466877e+04 1.0287049533e+04 0
3.4038916157e+04 1.4598007101e+04 0
3.8028190767e+04 1.4603049578e+04 0
3.3693639392e+04 1.0284523507e+04 0
3.4690875006e+04 1.0285781680e+04 0
3.6033715819e+04 1.4600533055e+04 0
3.5036475480e+04 1.4599274533e+04 0
3.6685766100e+04 1.0288309371e+04 0
3.7683013516e+04 1.0289567787e+04 0
4.2016841432e+04 1.4608074036e+04 0
4.0022624249e+04 1.4605564784e+04 0
3.9025554036e+04 1.4604311189e+04 0
4.1019866407e+04 1.4606823057e+04 0
3.8680223293e+04 1.0290825173e+04 0
3.9677388541e+04 1.0292081346e+04 0
4.0674508410e+04 1.0293336287e+04 0
4.1671587323e+04 1.0294590128e+04 0
4.2668632400e+04 1.0295843078e+04 0
4.4010947106e+04 1.4610580235e+04 0
4.3665653577e+04 1.0297095435e+04 0
4.4662712911e+04 1.0298348932e+04 0
6.3614922189e+04 1.0328825594e+04 0
4.5659761420e+04 1.0299602303e+04 0
4.6656747263e+04 1.0300854236e+04 0
4.8995992513e+04 1.4616839309e+04 0
4.7999130918e+04 1.4615591702e+04 0
4.7653726901e+04 1.0302106416e+04 0
5.0990052000e+04 1.4619342480e+04 0
4.8650711811e+04 1.0303359355e+04 0
4.9647697419e+04 1.0304613192e+04 0
6.2943651658e+04 1.4635610422e+04 0
5.0644658280e+04 1.0305867574e+04 0
6.1949956622e+04 1.4633398575e+04 0
5.1641589445e+04 1.0307122771e+04 0
6.0955231752e+04 1.4631789148e+04 0
5.4977541681e+04 1.4624312491e+04 0
5.2638501371e+04 1.0308379537e+04 0
5.9959814234e+04 1.4630440655e+04 0
5.8963920557e+04 1.4629196095e+04 0
5.3635398567e+04 1.0309638536e+04 0
5.6971045351e+04 1.4626764817e+04 0
5.4632287351e+04 1.0310900596e+04 0
5.5629179975e+04 1.0312167014e+04 0
5.6626098299e+04 1.0313440348e+04 0
5.7623079961e+04 1.0314726914e+04 0
5.8620190427e+04 1.0316044136e+04 0
6.0615676598e+04 1.0318995304e+04 0
6.1614122210e+04 1.0321010485e+04 0
6.2613582252e+04 1.0324050992e+04 0
6.4618563969e+04 1.0337683423e+04 0
6.5626540616e+04 1.0353271767e+04 0
6.6642636422e+04 1.0379272582e+04 0
6.7675271422e+04 1.0418899308e+04 0
6.8740132826e+04 1.0466489702e+04 0
6.9808980070e+04 1.0452687760e+04 0
4.4539705824e+04 1.3748623883e+04 0
2.1607371915e+04 1.3718964694e+04 0
6.9422025192e+04 1.2627167396e+04 0
1.4256926069e+04 1.1099187444e+04 0
2.2199499752e+04 1.1132339145e+04 0
9.1498906534e+03 1.0081790936e+04 0
1.9614772018e+04 1.3715248390e+04 0
2.3195682817e+04 1.1133725510e+04 0
2.9175973457e+04 1.1141439817e+04 0
3.3570405023e+04 1.3734791421e+04 0
4.1548632865e+04 1.3744866830e+04 0
4.9524776642e+04 1.3754884850e+04 0
5.1518743145e+04 1.3757387077e+04 0
5.9088890777e+04 1.1179260264e+04 0
5.3512543323e+04 1.3759881857e+04 0
5.5506176509e+04 1.3762363565e+04 0
6.2479371411e+04 1.3772659862e+04 0
6.5454782924e+04 1.3792815472e+04 0
2.0208050800e+04 1.1129235028e+04 0
4.5536789578e+04 1.3749877905e+04 0
6.6437021777e+04 1.3808571427e+04 0
5.4509464733e+04 1.3761127032e+04 0
2.4596939227e+04 1.3723319350e+04 0
2.1203460471e+04 1.1130847554e+04 0
2.3600391166e+04 1.3721951479e+04 0
2.6185303770e+04 1.1137649526e+04 0
1.7622134623e+04 1.3709317040e+04 0
6.7406325271e+04 1.3827476211e+04 0
6.8360309710e+04 1.3831169435e+04 0
6.9409164766e+04 1.3721463166e+04 0
7.0555173289e+04 1.4813991033e+04 0
2.2603937114e+04 1.3720510186e+04 0
2.0611123589e+04 1.3717234615e+04 0
1.8618623566e+04 1.3712703115e+04 0
1.7226091893e+04 1.1122080190e+04 0
1.5627033363e+04 1.3695876394e+04 0
1.0299975086e+04 1.1172159504e+04 0
1.6234061624e+04 1.1117387484e+04 0
1.4626554446e+04 1.3681545325e+04 0
1.3621606096e+04 1.3656966198e+04 0
1.3275686447e+04 1.1083111250e+04 0
1.2607111052e+04 1.3614556549e+04 0
1.2306200943e+04 1.1064183336e+04 0
1.6625222877e+04 1.3704062769e+04 0
1.1564357944e+04 1.3539524287e+04 0
1.0396248625e+04 1.3397281392e+04 0
1.0287182682e+04 1.2264256907e+04 0
1.1351021010e+04 1.1060714615e+04 0
1.5243778116e+04 1.1109913042e+04 0
1.8219129020e+04 1.1125072597e+04 0
1.9213115904e+04 1.1127340261e+04 0
2.5593697035e+04 1.3724641002e+04 0
2.4192045075e+04 1.1135060885e+04 0
2.5188530591e+04 1.1136362820e+04 0
2.6590509988e+04 1.3725935414e+04 0
2.7587444617e+04 1.3727214290e+04 0
2.7182014179e+04 1.1138915844e+04 0
2.8178863003e+04 1.1140176965e+04 0
3.1170359035e+04 1.1143960132e+04 0
3.2573109770e+04 1.3733530579e+04 0
2.8584482248e+04 1.3728484286e+04 0
3.2167641916e+04 1.1145220651e+04 0
3.1575898767e+04 1.3732271115e+04 0
3.0173012794e+04 1.1142696610e+04 0
3.0578748961e+04 1.3731011718e+04 0
2.9581659985e+04 1.3729751192e+04 0
3.7559836842e+04 1.3739838373e+04 0
3.3164990377e+04 1.1146482425e+04 0
3.4162327459e+04 1.1147743604e+04 0
3.6562595690e+04 1.3738580030e+04 0
3.5159734851e+04 1.1149006552e+04 0
3.5565313724e+04 1.3737320482e+04 0
3.4567958786e+04 1.3736058780e+04 0
3.6157139148e+04 1.1150269334e+04 0
3.7154457089e+04 1.1151529716e+04 0
4.3542744930e+04 1.3747373247e+04 0
4.2545759211e+04 1.3746121952e+04 0
3.9554373283e+04 1.3742356405e+04 0
3.8557232908e+04 1.3741100888e+04 0
4.0551613109e+04 1.3743614622e+04 0
3.8151719917e+04 1.1152788571e+04 0
3.9148932971e+04 1.1154046057e+04 0
4.0146093844e+04 1.1155302118e+04 0
4.1143207396e+04 1.1156556894e+04 0
4.2140283108e+04 1.1157810658e+04 0
4.3137330905e+04 1.1159063697e+04 0
4.6533857017e+04 1.3751131524e+04 0
4.4134369130e+04 1.1160316540e+04 0
6.4465857091e+04 1.3782772842e+04 0
4.5131406755e+04 1.1161569479e+04 0
4.6128429706e+04 1.1162822198e+04 0
5.0521856509e+04 1.3756138750e+04 0
4.8527887554e+04 1.3753636031e+04 0
4.7530946896e+04 1.3752385801e+04 0
4.7125433484e+04 1.1164074672e+04 0
5.2515750355e+04 1.3758637967e+04 0
4.8122424612e+04 1.1165327212e+04 0
4.9119405518e+04 1.1166580056e+04 0
6.3473560279e+04 1.3776539041e+04 0
5.0116374167e+04 1.1167833366e+04 0
6.3081162441e+04 1.1188980234e+04 0
5.1113322818e+04 1.1169087177e+04 0
6.1484346431e+04 1.3770405062e+04 0
5.6503001015e+04 1.3763599548e+04 0
5.2110247917e+04 1.1170341655e+04 0
6.0488697222e+04 1.3768732753e+04 0
5.9492644408e+04 1.3767343460e+04 0
5.3107151493e+04 1.1171597121e+04 0
5.8496283031e+04 1.3766070338e+04 0
5.4104036971e+04 1.1172853941e+04 0
5.7499763027e+04 1.3764833401e+04 0
5.5100911213e+04 1.1174112680e+04 0
5.6097786056e+04 1.1175374605e+04 0
5.7094678648e+04 1.1176643351e+04 0
5.8091615486e+04 1.1177930120e+04 0
6.0086198772e+04 1.1180715144e+04 0
6.1083825085e+04 1.1182498552e+04 0
6.2081973857e+04 1.1185056330e+04 0
6.4081465953e+04 1.1196312749e+04 0
6.5083761302e+04 1.1209694407e+04 0
6.6089711677e+04 1.1233692752e+04 0
6.7104100359e+04 1.1275997971e+04 0
6.8145595901e+04 1.1351485349e+04 0
6.9311368265e+04 1.1494924278e+04 0
2.1670271016e+04 1.1994037043e+04 0
2.5126401144e+04 1.2861439494e+04 0
6.8723743625e+04 1.3099276205e+04 0
1.6695831627e+04 1.1980800414e+04 0
1.6162840342e+04 1.2838453402e+04 0
1.9149039441e+04 1.2851712364e+04 0
2.7119953095e+04 1.2864020279e+04 0
2.8646493122e+04 1.2003368214e+04 0
3.1638031956e+04 1.2007152379e+04 0
4.5069405395e+04 1.2886693286e+04 0
4.1081229446e+04 1.2881681587e+04 0
5.2048336988e+04 1.2895458158e+04 0
6.3011273536e+04 1.2913027988e+04 0
5.8029320734e+04 1.2902945387e+04 0
2.2136911109e+04 1.2857252357e+04 0
2.0144765328e+04 1.2853855613e+04 0
5.6035757394e+04 1.2900448735e+04 0
2.2666469224e+04 1.1995511012e+04 0
2.0674403944e+04 1.1992404170e+04 0
2.4129814150e+04 1.2860105402e+04 0
2.3133340415e+04 1.2858714615e+04 0
2.1140730810e+04 1.2855642889e+04 0
1.9678954331e+04 1.1990528396e+04 0
1.8153596090e+04 1.2848875602e+04 0
1.5702738367e+04 1.1973288531e+04 0
1.5167092760e+04 1.2827533058e+04 0
1.4170970876e+04 1.2809084242e+04 0
1.3722557444e+04 1.1941321330e+04 0
1.3174713849e+04 1.2776481459e+04 0
1.2743003885e+04 1.1908668873e+04 0
1.7158224683e+04 1.2844690584e+04 0
1.2181270285e+04 1.2717568822e+04 0
1.1795345357e+04 1.1858402167e+04 0
1.0987201883e+04 1.1791890816e+04 0
1.4710929123e+04 1.1960692261e+04 0
1.7689579358e+04 1.1985126541e+04 0
1.8683961160e+04 1.1988191418e+04 0
2.5655974457e+04 1.1999551909e+04 0
2.3662850456e+04 1.1996903182e+04 0
2.4659323605e+04 1.1998243015e+04 0
2.6123156688e+04 1.2862738500e+04 0
2.6652725676e+04 1.2000833932e+04 0
2.7649516409e+04 1.2002102952e+04 0
2.8116875025e+04 1.2865289315e+04 0
3.3102840807e+04 1.2871601616e+04 0
3.2105514907e+04 1.2870339758e+04 0
3.0640732367e+04 1.2005890092e+04 0
3.1108236283e+04 1.2869078116e+04 0
2.9643540410e+04 1.2004628662e+04 0
3.0111048415e+04 1.2867817060e+04 0
2.9113944277e+04 1.2866555053e+04 0
3.2635378447e+04 1.2008414699e+04 0
3.3632730823e+04 1.2009676697e+04 0
3.5097680443e+04 1.2874128911e+04 0
3.7092363279e+04 1.2876651192e+04 0
3.4100260948e+04 1.2872865398e+04 0
3.6095073729e+04 1.2875391510e+04 0
3.4630146497e+04 1.2010940084e+04 0
3.5627551673e+04 1.2012203019e+04 0
3.6624908459e+04 1.2013464533e+04 0
4.4072393228e+04 1.2885441170e+04 0
4.0084113670e+04 1.2880426754e+04 0
3.8089676915e+04 1.2877911468e+04 0
4.2078326077e+04 1.2882935905e+04 0
3.9086941445e+04 1.2879170376e+04 0
3.7622212224e+04 1.2014724544e+04 0
3.8619474714e+04 1.2015983399e+04 0
3.9616678788e+04 1.2017240645e+04 0
4.0613823784e+04 1.2018496277e+04 0
4.3075392710e+04 1.2884189424e+04 0
4.1610926412e+04 1.2019750761e+04 0
4.2607997593e+04 1.2021004407e+04 0
4.3605038732e+04 1.2022257272e+04 0
6.5990319616e+04 1.2949551324e+04 0
4.6066465323e+04 1.2887946799e+04 0
4.4602065170e+04 1.2023509803e+04 0
4.9057463337e+04 1.2891703279e+04 0
4.5599096681e+04 1.2024762582e+04 0
5.0054446859e+04 1.2892955438e+04 0
4.7063511902e+04 1.2889200071e+04 0
4.8060527604e+04 1.2890452673e+04 0
4.6596126440e+04 1.2026015484e+04 0
5.4042107246e+04 1.2897956952e+04 0
4.7593138532e+04 1.2027268152e+04 0
4.8590122803e+04 1.2028520404e+04 0
6.5000347309e+04 1.2930596726e+04 0
5.1051422753e+04 1.2894207591e+04 0
4.9587092553e+04 1.2029772720e+04 0
6.4006619131e+04 1.2919571620e+04 0
5.0584057324e+04 1.2031025480e+04 0
6.2547636258e+04 1.2049155150e+04 0
5.3045259251e+04 1.2896708806e+04 0
5.1580998157e+04 1.2032278258e+04 0
6.2015269634e+04 1.2909581540e+04 0
6.0022569989e+04 1.2905606706e+04 0
5.2577914052e+04 1.2033531075e+04 0
5.9026020726e+04 1.2904233925e+04 0
5.5038965926e+04 1.2899204330e+04 0
5.3574804076e+04 1.2034783889e+04 0
5.8559154104e+04 1.2041095834e+04 0
5.4571671189e+04 1.2036036707e+04 0
5.7032582864e+04 1.2901695291e+04 0
5.5568521615e+04 1.2037289861e+04 0
5.6565364798e+04 1.2038545147e+04 0
5.7562200582e+04 1.2039809023e+04 0
6.1019028379e+04 1.2907299521e+04 0
5.9556085191e+04 1.2042458992e+04 0
6.0553078853e+04 1.2044040074e+04 0
6.1550202779e+04 1.2046162801e+04 0
6.3545335710e+04 1.2054679277e+04 0
6.4543224160e+04 1.2064624197e+04 0
6.6970103262e+04 1.2981984777e+04 0
6.5541042133e+04 1.2082497609e+04 0
6.7916927423e+04 1.3032648428e+04 0
6.6537898049e+04 1.2114613698e+04 0
6.7530824455e+04 1.2173566770e+04 0
1.1201955025e+04 1.2596013565e+04 0
6.8508661685e+04 1.2295194122e+04 0
