252
-100.000000 173.205081 0
100.000000 173.205081 0
300.000000 173.205081 0
500.000000 173.205081 0
700.000000 173.205081 0
900.000000 173.205081 0
1100.000000 173.205081 0
1300.000000 173.205081 0
1500.000000 173.205081 0
1700.000000 173.205081 0
1900.000000 173.205081 0
2100.000000 173.205081 0
2300.000000 173.205081 0
2500.000000 173.205081 0
2700.000000 173.205081 0
2900.000000 173.205081 0
3100.000000 173.205081 0
3300.000000 173.205081 0
3500.000000 173.205081 0
3700.000000 173.205081 0
3900.000000 173.205081 0
4100.000000 173.205081 0
4300.000000 173.205081 0
4500.000000 173.205081 0
4700.000000 173.205081 0
4900.000000 173.205081 0
5100.000000 173.205081 0
5300.000000 173.205081 0
5500.000000 173.205081 0
5700.000000 173.205081 0
5900.000000 173.205081 0
6100.000000 173.205081 0
6300.000000 173.205081 0
6500.000000 173.205081 0
6700.000000 173.205081 0
6900.000000 173.205081 0
7100.000000 173.205081 0
7300.000000 173.205081 0
7500.000000 173.205081 0
7700.000000 173.205081 0
7900.000000 173.205081 0
8100.000000 173.205081 0
8300.000000 173.205081 0
8500.000000 173.205081 0
8700.000000 173.205081 0
8900.000000 173.205081 0
9100.000000 173.205081 0
9300.000000 173.205081 0
9500.000000 173.205081 0
9700.000000 173.205081 0
9900.000000 173.205081 0
10100.000000 173.205081 0
10300.000000 173.205081 0
10500.000000 173.205081 0
10700.000000 173.205081 0
10900.000000 173.205081 0
11100.000000 173.205081 0
11300.000000 173.205081 0
11500.000000 173.205081 0
11700.000000 173.205081 0
11900.000000 173.205081 0
12100.000000 173.205081 0
12300.000000 173.205081 0
12500.000000 173.205081 0
12700.000000 173.205081 0
12900.000000 173.205081 0
13100.000000 173.205081 0
13300.000000 173.205081 0
13500.000000 173.205081 0
13700.000000 173.205081 0
13900.000000 173.205081 0
14100.000000 173.205081 0
14300.000000 173.205081 0
14500.000000 173.205081 0
14700.000000 173.205081 0
14900.000000 173.205081 0
15100.000000 173.205081 0
15300.000000 173.205081 0
15500.000000 173.205081 0
15700.000000 173.205081 0
15900.000000 173.205081 0
16100.000000 173.205081 0
16300.000000 173.205081 0
16500.000000 173.205081 0
16700.000000 173.205081 0
16900.000000 173.205081 0
17100.000000 173.205081 0
17300.000000 173.205081 0
17500.000000 173.205081 0
17700.000000 173.205081 0
17900.000000 173.205081 0
18100.000000 173.205081 0
18300.000000 173.205081 0
18500.000000 173.205081 0
18700.000000 173.205081 0
18900.000000 173.205081 0
19100.000000 173.205081 0
19300.000000 173.205081 0
19500.000000 173.205081 0
19700.000000 173.205081 0
19900.000000 173.205081 0
20100.000000 173.205081 0
20300.000000 173.205081 0
20500.000000 173.205081 0
20700.000000 173.205081 0
20900.000000 173.205081 0
21100.000000 173.205081 0
21300.000000 173.205081 0
21500.000000 173.205081 0
21700.000000 173.205081 0
21900.000000 173.205081 0
22100.000000 173.205081 0
22300.000000 173.205081 0
22500.000000 173.205081 0
22700.000000 173.205081 0
22900.000000 173.205081 0
23100.000000 173.205081 0
23300.000000 173.205081 0
23500.000000 173.205081 0
23700.000000 173.205081 0
23900.000000 173.205081 0
24100.000000 173.205081 0
24300.000000 173.205081 0
24500.000000 173.205081 0
24700.000000 173.205081 0
24900.000000 173.205081 0
25000.000000 0.000000 0
24800.000000 0.000000 0
24600.000000 0.000000 0
24400.000000 0.000000 0
24200.000000 0.000000 0
24000.000000 0.000000 0
23800.000000 0.000000 0
23600.000000 0.000000 0
23400.000000 0.000000 0
23200.000000 0.000000 0
23000.000000 0.000000 0
22800.000000 0.000000 0
22600.000000 0.000000 0
22400.000000 0.000000 0
22200.000000 0.000000 0
22000.000000 0.000000 0
21800.000000 0.000000 0
21600.000000 0.000000 0
21400.000000 0.000000 0
21200.000000 0.000000 0
21000.000000 0.000000 0
20800.000000 0.000000 0
20600.000000 0.000000 0
20400.000000 0.000000 0
20200.000000 0.000000 0
20000.000000 0.000000 0
19800.000000 0.000000 0
19600.000000 0.000000 0
19400.000000 0.000000 0
19200.000000 0.000000 0
19000.000000 0.000000 0
18800.000000 0.000000 0
18600.000000 0.000000 0
18400.000000 0.000000 0
18200.000000 0.000000 0
18000.000000 0.000000 0
17800.000000 0.000000 0
17600.000000 0.000000 0
17400.000000 0.000000 0
17200.000000 0.000000 0
17000.000000 0.000000 0
16800.000000 0.000000 0
16600.000000 0.000000 0
16400.000000 0.000000 0
16200.000000 0.000000 0
16000.000000 0.000000 0
15800.000000 0.000000 0
15600.000000 0.000000 0
15400.000000 0.000000 0
15200.000000 0.000000 0
15000.000000 0.000000 0
14800.000000 0.000000 0
14600.000000 0.000000 0
14400.000000 0.000000 0
14200.000000 0.000000 0
14000.000000 0.000000 0
13800.000000 0.000000 0
13600.000000 0.000000 0
13400.000000 0.000000 0
13200.000000 0.000000 0
13000.000000 0.000000 0
12800.000000 0.000000 0
12600.000000 0.000000 0
12400.000000 0.000000 0
12200.000000 0.000000 0
12000.000000 0.000000 0
11800.000000 0.000000 0
11600.000000 0.000000 0
11400.000000 0.000000 0
11200.000000 0.000000 0
11000.000000 0.000000 0
10800.000000 0.000000 0
10600.000000 0.000000 0
10400.000000 0.000000 0
10200.000000 0.000000 0
10000.000000 0.000000 0
9800.000000 0.000000 0
9600.000000 0.000000 0
9400.000000 0.000000 0
9200.000000 0.000000 0
9000.000000 0.000000 0
8800.000000 0.000000 0
8600.000000 0.000000 0
8400.000000 0.000000 0
8200.000000 0.000000 0
8000.000000 0.000000 0
7800.000000 0.000000 0
7600.000000 0.000000 0
7400.000000 0.000000 0
7200.000000 0.000000 0
7000.000000 0.000000 0
6800.000000 0.000000 0
6600.000000 0.000000 0
6400.000000 0.000000 0
6200.000000 0.000000 0
6000.000000 0.000000 0
5800.000000 0.000000 0
5600.000000 0.000000 0
5400.000000 0.000000 0
5200.000000 0.000000 0
5000.000000 0.000000 0
4800.000000 0.000000 0
4600.000000 0.000000 0
4400.000000 0.000000 0
4200.000000 0.000000 0
4000.000000 0.000000 0
3800.000000 0.000000 0
3600.000000 0.000000 0
3400.000000 0.000000 0
3200.000000 0.000000 0
3000.000000 0.000000 0
2800.000000 0.000000 0
2600.000000 0.000000 0
2400.000000 0.000000 0
2200.000000 0.000000 0
2000.000000 0.000000 0
1800.000000 0.000000 0
1600.000000 0.000000 0
1400.000000 0.000000 0
1200.000000 0.000000 0
1000.000000 0.000000 0
800.000000 0.000000 0
600.000000 0.000000 0
400.000000 0.000000 0
200.000000 0.000000 0
0.000000 0.000000 0
252
0 1 0
1 2 0
2 3 0
3 4 0
4 5 0
5 6 0
6 7 0
7 8 0
8 9 0
9 10 0
10 11 0
11 12 0
12 13 0
13 14 0
14 15 0
15 16 0
16 17 0
17 18 0
18 19 0
19 20 0
20 21 0
21 22 0
22 23 0
23 24 0
24 25 0
25 26 0
26 27 0
27 28 0
28 29 0
29 30 0
30 31 0
31 32 0
32 33 0
33 34 0
34 35 0
35 36 0
36 37 0
37 38 0
38 39 0
39 40 0
40 41 0
41 42 0
42 43 0
43 44 0
44 45 0
45 46 0
46 47 0
47 48 0
48 49 0
49 50 0
50 51 0
51 52 0
52 53 0
53 54 0
54 55 0
55 56 0
56 57 0
57 58 0
58 59 0
59 60 0
60 61 0
61 62 0
62 63 0
63 64 0
64 65 0
65 66 0
66 67 0
67 68 0
68 69 0
69 70 0
70 71 0
71 72 0
72 73 0
73 74 0
74 75 0
75 76 0
76 77 0
77 78 0
78 79 0
79 80 0
80 81 0
81 82 0
82 83 0
83 84 0
84 85 0
85 86 0
86 87 0
87 88 0
88 89 0
89 90 0
90 91 0
91 92 0
92 93 0
93 94 0
94 95 0
95 96 0
96 97 0
97 98 0
98 99 0
99 100 0
100 101 0
101 102 0
102 103 0
103 104 0
104 105 0
105 106 0
106 107 0
107 108 0
108 109 0
109 110 0
110 111 0
111 112 0
112 113 0
113 114 0
114 115 0
115 116 0
116 117 0
117 118 0
118 119 0
119 120 0
120 121 0
121 122 0
122 123 0
123 124 0
124 125 0
125 126 1
126 127 0
127 128 0
128 129 0
129 130 0
130 131 0
131 132 0
132 133 0
133 134 0
134 135 0
135 136 0
136 137 0
137 138 0
138 139 0
139 140 0
140 141 0
141 142 0
142 143 0
143 144 0
144 145 0
145 146 0
146 147 0
147 148 0
148 149 0
149 150 0
150 151 0
151 152 0
152 153 0
153 154 0
154 155 0
155 156 0
156 157 0
157 158 0
158 159 0
159 160 0
160 161 0
161 162 0
162 163 0
163 164 0
164 165 0
165 166 0
166 167 0
167 168 0
168 169 0
169 170 0
170 171 0
171 172 0
172 173 0
173 174 0
174 175 0
175 176 0
176 177 0
177 178 0
178 179 0
179 180 0
180 181 0
181 182 0
182 183 0
183 184 0
184 185 0
185 186 0
186 187 0
187 188 0
188 189 0
189 190 0
190 191 0
191 192 0
192 193 0
193 194 0
194 195 0
195 196 0
196 197 0
197 198 0
198 199 0
199 200 0
200 201 0
201 202 0
202 203 0
203 204 0
204 205 0
205 206 0
206 207 0
207 208 0
208 209 0
209 210 0
210 211 0
211 212 0
212 213 0
213 214 0
214 215 0
215 216 0
216 217 0
217 218 0
218 219 0
219 220 0
220 221 0
221 222 0
222 223 0
223 224 0
224 225 0
225 226 0
226 227 0
227 228 0
228 229 0
229 230 0
230 231 0
231 232 0
232 233 0
233 234 0
234 235 0
235 236 0
236 237 0
237 238 0
238 239 0
239 240 0
240 241 0
241 242 0
242 243 0
243 244 0
244 245 0
245 246 0
246 247 0
247 248 0
248 249 0
249 250 0
250 251 0
251 0 1
0
34641.016151
