202
-10.000000 17.320508 0
10.000000 17.320508 0
30.000000 17.320508 0
50.000000 17.320508 0
70.000000 17.320508 0
90.000000 17.320508 0
110.000000 17.320508 0
130.000000 17.320508 0
150.000000 17.320508 0
170.000000 17.320508 0
190.000000 17.320508 0
210.000000 17.320508 0
230.000000 17.320508 0
250.000000 17.320508 0
270.000000 17.320508 0
290.000000 17.320508 0
310.000000 17.320508 0
330.000000 17.320508 0
350.000000 17.320508 0
370.000000 17.320508 0
390.000000 17.320508 0
410.000000 17.320508 0
430.000000 17.320508 0
450.000000 17.320508 0
470.000000 17.320508 0
490.000000 17.320508 0
510.000000 17.320508 0
530.000000 17.320508 0
550.000000 17.320508 0
570.000000 17.320508 0
590.000000 17.320508 0
610.000000 17.320508 0
630.000000 17.320508 0
650.000000 17.320508 0
670.000000 17.320508 0
690.000000 17.320508 0
710.000000 17.320508 0
730.000000 17.320508 0
750.000000 17.320508 0
770.000000 17.320508 0
790.000000 17.320508 0
810.000000 17.320508 0
830.000000 17.320508 0
850.000000 17.320508 0
870.000000 17.320508 0
890.000000 17.320508 0
910.000000 17.320508 0
930.000000 17.320508 0
950.000000 17.320508 0
970.000000 17.320508 0
990.000000 17.320508 0
1010.000000 17.320508 0
1030.000000 17.320508 0
1050.000000 17.320508 0
1070.000000 17.320508 0
1090.000000 17.320508 0
1110.000000 17.320508 0
1130.000000 17.320508 0
1150.000000 17.320508 0
1170.000000 17.320508 0
1190.000000 17.320508 0
1210.000000 17.320508 0
1230.000000 17.320508 0
1250.000000 17.320508 0
1270.000000 17.320508 0
1290.000000 17.320508 0
1310.000000 17.320508 0
1330.000000 17.320508 0
1350.000000 17.320508 0
1370.000000 17.320508 0
1390.000000 17.320508 0
1410.000000 17.320508 0
1430.000000 17.320508 0
1450.000000 17.320508 0
1470.000000 17.320508 0
1490.000000 17.320508 0
1510.000000 17.320508 0
1530.000000 17.320508 0
1550.000000 17.320508 0
1570.000000 17.320508 0
1590.000000 17.320508 0
1610.000000 17.320508 0
1630.000000 17.320508 0
1650.000000 17.320508 0
1670.000000 17.320508 0
1690.000000 17.320508 0
1710.000000 17.320508 0
1730.000000 17.320508 0
1750.000000 17.320508 0
1770.000000 17.320508 0
1790.000000 17.320508 0
1810.000000 17.320508 0
1830.000000 17.320508 0
1850.000000 17.320508 0
1870.000000 17.320508 0
1890.000000 17.320508 0
1910.000000 17.320508 0
1930.000000 17.320508 0
1950.000000 17.320508 0
1970.000000 17.320508 0
1990.000000 17.320508 0
2000.000000 0.000000 0
1980.000000 0.000000 0
1960.000000 0.000000 0
1940.000000 0.000000 0
1920.000000 0.000000 0
1900.000000 0.000000 0
1880.000000 0.000000 0
1860.000000 0.000000 0
1840.000000 0.000000 0
1820.000000 0.000000 0
1800.000000 0.000000 0
1780.000000 0.000000 0
1760.000000 0.000000 0
1740.000000 0.000000 0
1720.000000 0.000000 0
1700.000000 0.000000 0
1680.000000 0.000000 0
1660.000000 0.000000 0
1640.000000 0.000000 0
1620.000000 0.000000 0
1600.000000 0.000000 0
1580.000000 0.000000 0
1560.000000 0.000000 0
1540.000000 0.000000 0
1520.000000 0.000000 0
1500.000000 0.000000 0
1480.000000 0.000000 0
1460.000000 0.000000 0
1440.000000 0.000000 0
1420.000000 0.000000 0
1400.000000 0.000000 0
1380.000000 0.000000 0
1360.000000 0.000000 0
1340.000000 0.000000 0
1320.000000 0.000000 0
1300.000000 0.000000 0
1280.000000 0.000000 0
1260.000000 0.000000 0
1240.000000 0.000000 0
1220.000000 0.000000 0
1200.000000 0.000000 0
1180.000000 0.000000 0
1160.000000 0.000000 0
1140.000000 0.000000 0
1120.000000 0.000000 0
1100.000000 0.000000 0
1080.000000 0.000000 0
1060.000000 0.000000 0
1040.000000 0.000000 0
1020.000000 0.000000 0
1000.000000 0.000000 0
980.000000 0.000000 0
960.000000 0.000000 0
940.000000 0.000000 0
920.000000 0.000000 0
900.000000 0.000000 0
880.000000 0.000000 0
860.000000 0.000000 0
840.000000 0.000000 0
820.000000 0.000000 0
800.000000 0.000000 0
780.000000 0.000000 0
760.000000 0.000000 0
740.000000 0.000000 0
720.000000 0.000000 0
700.000000 0.000000 0
680.000000 0.000000 0
660.000000 0.000000 0
640.000000 0.000000 0
620.000000 0.000000 0
600.000000 0.000000 0
580.000000 0.000000 0
560.000000 0.000000 0
540.000000 0.000000 0
520.000000 0.000000 0
500.000000 0.000000 0
480.000000 0.000000 0
460.000000 0.000000 0
440.000000 0.000000 0
420.000000 0.000000 0
400.000000 0.000000 0
380.000000 0.000000 0
360.000000 0.000000 0
340.000000 0.000000 0
320.000000 0.000000 0
300.000000 0.000000 0
280.000000 0.000000 0
260.000000 0.000000 0
240.000000 0.000000 0
220.000000 0.000000 0
200.000000 0.000000 0
180.000000 0.000000 0
160.000000 0.000000 0
140.000000 0.000000 0
120.000000 0.000000 0
100.000000 0.000000 0
80.000000 0.000000 0
60.000000 0.000000 0
40.000000 0.000000 0
20.000000 0.000000 0
0.000000 0.000000 0
202
0 1 0
1 2 0
2 3 0
3 4 0
4 5 0
5 6 0
6 7 0
7 8 0
8 9 0
9 10 0
10 11 0
11 12 0
12 13 0
13 14 0
14 15 0
15 16 0
16 17 0
17 18 0
18 19 0
19 20 0
20 21 0
21 22 0
22 23 0
23 24 0
24 25 0
25 26 0
26 27 0
27 28 0
28 29 0
29 30 0
30 31 0
31 32 0
32 33 0
33 34 0
34 35 0
35 36 0
36 37 0
37 38 0
38 39 0
39 40 0
40 41 0
41 42 0
42 43 0
43 44 0
44 45 0
45 46 0
46 47 0
47 48 0
48 49 0
49 50 0
50 51 0
51 52 0
52 53 0
53 54 0
54 55 0
55 56 0
56 57 0
57 58 0
58 59 0
59 60 0
60 61 0
61 62 0
62 63 0
63 64 0
64 65 0
65 66 0
66 67 0
67 68 0
68 69 0
69 70 0
70 71 0
71 72 0
72 73 0
73 74 0
74 75 0
75 76 0
76 77 0
77 78 0
78 79 0
79 80 0
80 81 0
81 82 0
82 83 0
83 84 0
84 85 0
85 86 0
86 87 0
87 88 0
88 89 0
89 90 0
90 91 0
91 92 0
92 93 0
93 94 0
94 95 0
95 96 0
96 97 0
97 98 0
98 99 0
99 100 0
100 101 1
101 102 0
102 103 0
103 104 0
104 105 0
105 106 0
106 107 0
107 108 0
108 109 0
109 110 0
110 111 0
111 112 0
112 113 0
113 114 0
114 115 0
115 116 0
116 117 0
117 118 0
118 119 0
119 120 0
120 121 0
121 122 0
122 123 0
123 124 0
124 125 0
125 126 0
126 127 0
127 128 0
128 129 0
129 130 0
130 131 0
131 132 0
132 133 0
133 134 0
134 135 0
135 136 0
136 137 0
137 138 0
138 139 0
139 140 0
140 141 0
141 142 0
142 143 0
143 144 0
144 145 0
145 146 0
146 147 0
147 148 0
148 149 0
149 150 0
150 151 0
151 152 0
152 153 0
153 154 0
154 155 0
155 156 0
156 157 0
157 158 0
158 159 0
159 160 0
160 161 0
161 162 0
162 163 0
163 164 0
164 165 0
165 166 0
166 167 0
167 168 0
168 169 0
169 170 0
170 171 0
171 172 0
172 173 0
173 174 0
174 175 0
175 176 0
176 177 0
177 178 0
178 179 0
179 180 0
180 181 0
181 182 0
182 183 0
183 184 0
184 185 0
185 186 0
186 187 0
187 188 0
188 189 0
189 190 0
190 191 0
191 192 0
192 193 0
193 194 0
194 195 0
195 196 0
196 197 0
197 198 0
198 199 0
199 200 0
200 201 0
201 0 1
0
346.410162
