4.8218177000e+05 4.0837980000e+06 0
5.4529047000e+05 3.9396989000e+06 0
6.4144535000e+05 3.9696128000e+06 0
5.4884993943e+05 4.1433566938e+06 0
4.8474160162e+05 4.0881796982e+06 0
4.8736796459e+05 4.0925217355e+06 0
4.9012086924e+05 4.0967844813e+06 0
4.9304259187e+05 4.1009331514e+06 0
4.9615661798e+05 4.1049393629e+06 0
4.9946102766e+05 4.1087901587e+06 0
5.0292170545e+05 4.1125013263e+06 0
5.0651379378e+05 4.1160855349e+06 0
5.1022502252e+05 4.1195462508e+06 0
5.1405099716e+05 4.1228796355e+06 0
5.1799784971e+05 4.1260688684e+06 0
5.2207017464e+05 4.1290961887e+06 0
5.2626123760e+05 4.1319569256e+06 0
5.3055514388e+05 4.1346610788e+06 0
5.3490410122e+05 4.1372738395e+06 0
5.3946951083e+05 4.1394840763e+06 0
5.4417193212e+05 4.1413913530e+06 0
5.5091010326e+05 4.1387642661e+06 0
5.5307006093e+05 4.1342508425e+06 0
5.5259196081e+05 4.1292438834e+06 0
5.5198937396e+05 4.1242448311e+06 0
5.5212118884e+05 4.1193546164e+06 0
5.5423393148e+05 4.1150861132e+06 0
5.5703390335e+05 4.1113418327e+06 0
5.5854076823e+05 4.1072028840e+06 0
5.6301482389e+05 4.1068357974e+06 0
5.6571995085e+05 4.1026073655e+06 0
5.6884529338e+05 4.0986783248e+06 0
5.7247772017e+05 4.0952312203e+06 0
5.7653193076e+05 4.0922745487e+06 0
5.8098864329e+05 4.0899439337e+06 0
5.8597210274e+05 4.0897206010e+06 0
5.9053926617e+05 4.0905594549e+06 0
5.9465671950e+05 4.0926694830e+06 0
5.9901987448e+05 4.0904989017e+06 0
6.0192827633e+05 4.0864142390e+06 0
6.0436799082e+05 4.0820083100e+06 0
6.0660462424e+05 4.0774958855e+06 0
6.0752049707e+05 4.0727054152e+06 0
6.0659341895e+05 4.0677555455e+06 0
6.0624531722e+05 4.0627397127e+06 0
6.0503340675e+05 4.0578657014e+06 0
6.0266930292e+05 4.0534258119e+06 0
5.9856169859e+05 4.0526648354e+06 0
5.9442954892e+05 4.0543999225e+06 0
5.9250481366e+05 4.0497770593e+06 0
5.9453555756e+05 4.0469085735e+06 0
5.9559587132e+05 4.0426055786e+06 0
5.9474872948e+05 4.0399988596e+06 0
5.9565883444e+05 4.0351082312e+06 0
5.9712370420e+05 4.0303679109e+06 0
5.9816472912e+05 4.0255063236e+06 0
5.9902801810e+05 4.0206928397e+06 0
6.0056902467e+05 4.0170574252e+06 0
6.0399120868e+05 4.0135537400e+06 0
6.0771749859e+05 4.0103939740e+06 0
6.1215718755e+05 4.0080586577e+06 0
6.1619493198e+05 4.0050807511e+06 0
6.1987495283e+05 4.0016436379e+06 0
6.2284260620e+05 3.9975807870e+06 0
6.2519636384e+05 3.9931419171e+06 0
6.2776587430e+05 3.9888303250e+06 0
6.3190238367e+05 3.9863386595e+06 0
6.3569597429e+05 3.9832978837e+06 0
6.3719153873e+05 3.9785019221e+06 0
6.3853915085e+05 3.9736974150e+06 0
5.5016756845e+05 3.9409889015e+06 0
5.5504555449e+05 3.9422755413e+06 0
5.5992590302e+05 3.9435531884e+06 0
5.6480922923e+05 3.9448194031e+06 0
5.6969605213e+05 3.9460720546e+06 0
5.7458627750e+05 3.9473113580e+06 0
5.7947940726e+05 3.9485391491e+06 0
5.8437078610e+05 3.9497738873e+06 0
5.8925541062e+05 3.9510350444e+06 0
5.9412888688e+05 3.9523385793e+06 0
5.9898750973e+05 3.9536963915e+06 0
6.0382784765e+05 3.9551179753e+06 0
6.0864623840e+05 3.9566122241e+06 0
6.1343931665e+05 3.9581857413e+06 0
6.1820325851e+05 3.9598453588e+06 0
6.2293437883e+05 3.9615963132e+06 0
6.2762858025e+05 3.9634439462e+06 0
6.3228144110e+05 3.9653933097e+06 0
6.3688868356e+05 3.9674481403e+06 0
4.8488170352e+05 4.0796500380e+06 0
4.8757494751e+05 4.0754977312e+06 0
4.9025170019e+05 4.0713347795e+06 0
4.9290279137e+05 4.0671554452e+06 0
4.9551904938e+05 4.0629542257e+06 0
4.9808987934e+05 4.0587250642e+06 0
5.0060624600e+05 4.0544632885e+06 0
5.0305841894e+05 4.0501642717e+06 0
5.0543733541e+05 4.0458242947e+06 0
5.0774653058e+05 4.0414468124e+06 0
5.0999248172e+05 4.0370365360e+06 0
5.1218220803e+05 4.0325980648e+06 0
5.1432319285e+05 4.0281358698e+06 0
5.1642110189e+05 4.0236532518e+06 0
5.1848301845e+05 4.0191539610e+06 0
5.2051629937e+05 4.0146416512e+06 0
5.2252813392e+05 4.0101197347e+06 0
5.2452527638e+05 4.0055913086e+06 0
5.2651101729e+05 4.0010578735e+06 0
5.2846852873e+05 3.9965121890e+06 0
5.3037959396e+05 3.9919468033e+06 0
5.3222478179e+05 3.9873544215e+06 0
5.3398639435e+05 3.9827293616e+06 0
5.3564841430e+05 3.9780676202e+06 0
5.3719893082e+05 3.9733676368e+06 0
5.3862861993e+05 3.9686295164e+06 0
5.3993233730e+05 3.9638551991e+06 0
5.4112498634e+05 3.9590518672e+06 0
5.4223415295e+05 3.9542285322e+06 0
5.4328388354e+05 3.9493918899e+06 0
5.4429617444e+05 3.9445472604e+06 0
5.4782712389e+05 3.9439284600e+06 0
5.8148915185e+05 3.9654768148e+06 0
5.5014070777e+05 3.9511149320e+06 0
5.4726476995e+05 4.1386480216e+06 0
5.4731558425e+05 3.9480874122e+06 0
5.5176844476e+05 3.9465178844e+06 0
5.4374137656e+05 4.1363803228e+06 0
5.3938750747e+05 4.1342747287e+06 0
5.3503591597e+05 4.1319585064e+06 0
5.4850191076e+05 4.1336702787e+06 0
5.3080124081e+05 4.1293754277e+06 0
5.2668189619e+05 4.1266178454e+06 0
5.2264811753e+05 4.1237183023e+06 0
5.1870428067e+05 4.1206754531e+06 0
5.1487501128e+05 4.1174937862e+06 0
5.1115987989e+05 4.1141974292e+06 0
5.0755740814e+05 4.1108065486e+06 0
5.0407915404e+05 4.1073291354e+06 0
5.0074742101e+05 4.1037763001e+06 0
4.9758854648e+05 4.1001473420e+06 0
4.9466702583e+05 4.0963472378e+06 0
4.9199730274e+05 4.0923812255e+06 0
4.8951573598e+05 4.0882437800e+06 0
5.4656599115e+05 3.9528714788e+06 0
5.5683105572e+05 3.9476167327e+06 0
4.8717813697e+05 4.0839625593e+06 0
5.4576677050e+05 3.9577163090e+06 0
5.6170452645e+05 3.9487634028e+06 0
5.6655297194e+05 3.9499387134e+06 0
5.7139642128e+05 3.9511284126e+06 0
5.4455916984e+05 3.9626428204e+06 0
5.7622879330e+05 3.9522737720e+06 0
5.4330812068e+05 3.9675192559e+06 0
4.9000000973e+05 4.0798746951e+06 0
4.9280709530e+05 4.0757813852e+06 0
5.8106162128e+05 3.9533617884e+06 0
4.9544926382e+05 4.0715218126e+06 0
5.4192292052e+05 3.9723556782e+06 0
5.8589308343e+05 3.9544804106e+06 0
5.9069980425e+05 3.9557035334e+06 0
5.9547639410e+05 3.9570246619e+06 0
6.0023796559e+05 3.9584167129e+06 0
6.0498624134e+05 3.9598791576e+06 0
6.0971416582e+05 3.9614199606e+06 0
6.1441380510e+05 3.9630387358e+06 0
6.1908411555e+05 3.9647261292e+06 0
6.2373704437e+05 3.9664844549e+06 0
6.2840665978e+05 3.9683790179e+06 0
6.3319521009e+05 3.9706598713e+06 0
4.9805112454e+05 4.0672596100e+06 0
5.0061184568e+05 4.0629735372e+06 0
5.0313098911e+05 4.0586616679e+06 0
5.0560300863e+05 4.0543239505e+06 0
5.4041016667e+05 3.9771513789e+06 0
5.0802039012e+05 4.0499592275e+06 0
5.1037805904e+05 4.0455673722e+06 0
5.1267552732e+05 4.0411492321e+06 0
5.1491493455e+05 4.0367057319e+06 0
5.1710048421e+05 4.0322381428e+06 0
5.1923813185e+05 4.0277480900e+06 0
5.2133517891e+05 4.0232380559e+06 0
5.2339980830e+05 4.0187114972e+06 0
5.2543940082e+05 4.0141718863e+06 0
5.2745932974e+05 4.0096219280e+06 0
5.2946122240e+05 4.0050619331e+06 0
5.3143869881e+05 4.0004876987e+06 0
5.3337720332e+05 3.9958923250e+06 0
5.3525926573e+05 3.9912678471e+06 0
5.3706771084e+05 3.9866064299e+06 0
5.3878871448e+05 3.9819016554e+06 0
5.9387543454e+05 4.0880942188e+06 0
5.9707778119e+05 4.0850254492e+06 0
5.9971678837e+05 4.0810611667e+06 0
6.0198775051e+05 4.0766817563e+06 0
6.0407250661e+05 4.0721797596e+06 0
5.4805302429e+05 4.1279947099e+06 0
5.6102149742e+05 4.1027000416e+06 0
5.9964126281e+05 4.0567689575e+06 0
6.0111413224e+05 4.0617433633e+06 0
6.0239452259e+05 4.0669028435e+06 0
5.6390032354e+05 4.0983755281e+06 0
5.4769013658e+05 4.1228502240e+06 0
5.6728707513e+05 4.0943430542e+06 0
5.7109956736e+05 4.0907757455e+06 0
5.7523314762e+05 4.0876844651e+06 0
5.8900949476e+05 4.0863553641e+06 0
5.8409207050e+05 4.0854315670e+06 0
6.3159767650e+05 3.9808945599e+06 0
6.2737997046e+05 3.9846444653e+06 0
6.3323817956e+05 3.9756769992e+06 0
6.2372634557e+05 3.9883433415e+06 0
6.2066876130e+05 3.9923383386e+06 0
6.1765727306e+05 3.9962670289e+06 0
6.1434642817e+05 3.9999134098e+06 0
6.1069542305e+05 4.0032248731e+06 0
6.0681041902e+05 4.0062411495e+06 0
6.0290196598e+05 4.0093485335e+06 0
5.9918832410e+05 4.0127981085e+06 0
5.9546428873e+05 4.0167725696e+06 0
5.9440826983e+05 4.0220745199e+06 0
5.9350892246e+05 4.0270095948e+06 0
5.9252220277e+05 4.0317938930e+06 0
5.9163897383e+05 4.0364638652e+06 0
5.4679668853e+05 4.1180340968e+06 0
5.4989707195e+05 4.1143035520e+06 0
5.5265632990e+05 4.1103672076e+06 0
5.5516995030e+05 4.1073248930e+06 0
5.9162139644e+05 4.0439733191e+06 0
5.9124608979e+05 4.0406345346e+06 0
5.8969121529e+05 4.0468719210e+06 0
5.8769720047e+05 4.0506678084e+06 0
5.8979605029e+05 4.0544563025e+06 0
5.7905006019e+05 4.0844628606e+06 0
4.9193151888e+05 4.0841800882e+06 0
5.5634114521e+05 4.1030253404e+06 0
4.9410298213e+05 4.0882847384e+06 0
4.9644819005e+05 4.0920074311e+06 0
4.9900038920e+05 4.0956558124e+06 0
5.0200783824e+05 4.0989443223e+06 0
5.0521457733e+05 4.1022943085e+06 0
5.0859113757e+05 4.1056509653e+06 0
5.1210288025e+05 4.1089551219e+06 0
5.1571959150e+05 4.1122048324e+06 0
5.1943842768e+05 4.1153785665e+06 0
5.2327485652e+05 4.1184375841e+06 0
5.2722467181e+05 4.1213499341e+06 0
5.3118198542e+05 4.1241543097e+06 0
5.3520053346e+05 4.1268262262e+06 0
5.3942393497e+05 4.1291902062e+06 0
5.4384249430e+05 4.1312987224e+06 0
5.9230090683e+05 4.0834699686e+06 0
5.9522551162e+05 4.0801202266e+06 0
5.9745123366e+05 4.0759793299e+06 0
5.9963923180e+05 4.0713900296e+06 0
5.5879695174e+05 4.0983468521e+06 0
6.2894461114e+05 3.9730972708e+06 0
6.2908467710e+05 3.9772179720e+06 0
6.2623249488e+05 3.9803151291e+06 0
6.2261595676e+05 3.9837110691e+06 0
6.2444437601e+05 3.9712651219e+06 0
6.1989050982e+05 3.9695634490e+06 0
6.1531328773e+05 3.9678788148e+06 0
6.1070797448e+05 3.9662190869e+06 0
6.0606745736e+05 3.9646267717e+06 0
6.0140110295e+05 3.9631246916e+06 0
5.9672652756e+05 3.9617014409e+06 0
5.9205632449e+05 3.9603425430e+06 0
5.8738234570e+05 3.9590748820e+06 0
5.4364176968e+05 4.1262147540e+06 0
5.8264300064e+05 3.9580230931e+06 0
5.7786774744e+05 3.9571481179e+06 0
5.7308041900e+05 3.9561708844e+06 0
5.6828069594e+05 3.9550033324e+06 0
5.6347865907e+05 3.9538738708e+06 0
5.5871827789e+05 3.9528363889e+06 0
5.5402718962e+05 3.9518690163e+06 0
5.4323687232e+05 4.1214339018e+06 0
6.1907833513e+05 3.9873356116e+06 0
5.6203618312e+05 4.0938367242e+06 0
4.9581789304e+05 4.0848196439e+06 0
4.9540156965e+05 4.0804295142e+06 0
4.9804336121e+05 4.0759360813e+06 0
5.0063547392e+05 4.0716285549e+06 0
5.0317626477e+05 4.0672862483e+06 0
5.0568616693e+05 4.0629183248e+06 0
5.0816488240e+05 4.0585338973e+06 0
5.1060635696e+05 4.0541354703e+06 0
5.1300279970e+05 4.0497219026e+06 0
5.1534747352e+05 4.0452906391e+06 0
5.1763618878e+05 4.0408389406e+06 0
5.1986792262e+05 4.0363645411e+06 0
5.2204561065e+05 4.0318663629e+06 0
5.2417631825e+05 4.0273452053e+06 0
5.2626981026e+05 4.0228039583e+06 0
5.2833568949e+05 4.0182467733e+06 0
5.3038050496e+05 4.0136769032e+06 0
5.3240635058e+05 4.0090949570e+06 0
5.3440989752e+05 4.0044977231e+06 0
5.3638118349e+05 3.9998789928e+06 0
5.3830425424e+05 3.9952306394e+06 0
5.4016076946e+05 3.9905430120e+06 0
5.4193548409e+05 3.9858065797e+06 0
6.1573660569e+05 3.9910753904e+06 0
6.1243944401e+05 3.9947902036e+06 0
6.0901291154e+05 3.9983439102e+06 0
6.0541940877e+05 4.0016721212e+06 0
6.0175637985e+05 4.0049140708e+06 0
5.9814724459e+05 4.0082220538e+06 0
5.9450924512e+05 4.0115373216e+06 0
5.6560875030e+05 4.0895410021e+06 0
5.6964679326e+05 4.0859156768e+06 0
5.9631070235e+05 4.0600497332e+06 0
5.9175336448e+05 4.0588279768e+06 0
5.9720752752e+05 4.0659367686e+06 0
5.8707041506e+05 4.0428528985e+06 0
5.5068184889e+05 3.9560893556e+06 0
5.4915309063e+05 3.9613493177e+06 0
5.4802640216e+05 3.9663249756e+06 0
5.4669824114e+05 3.9712637649e+06 0
5.4521077482e+05 3.9761656970e+06 0
5.8744915260e+05 4.0813843165e+06 0
5.8508865289e+05 4.0471960625e+06 0
5.9047068135e+05 4.0190098621e+06 0
5.9053326362e+05 4.0142356281e+06 0
5.8977108811e+05 4.0238435489e+06 0
5.8898816192e+05 4.0286205694e+06 0
5.8818845696e+05 4.0333415766e+06 0
5.4525384856e+05 4.1133180160e+06 0
5.4199498706e+05 4.1169164256e+06 0
5.4837101795e+05 4.1093895771e+06 0
5.5165298579e+05 4.1049151197e+06 0
5.8497760635e+05 4.0545894026e+06 0
5.8712145830e+05 4.0587328710e+06 0
5.9124111274e+05 4.0793917463e+06 0
5.9295479259e+05 4.0756517252e+06 0
5.9494790577e+05 4.0711931888e+06 0
5.5583442240e+05 3.9570284517e+06 0
5.8352920088e+05 4.0509917488e+06 0
5.3939155668e+05 4.1243524413e+06 0
5.3552535392e+05 4.1217832441e+06 0
5.3180865276e+05 4.1189610557e+06 0
5.2777616018e+05 4.1161980338e+06 0
5.2391294176e+05 4.1132484916e+06 0
5.2019945772e+05 4.1101581463e+06 0
5.1657437458e+05 4.1069933102e+06 0
5.1302187695e+05 4.1038034447e+06 0
5.0956206188e+05 4.1006028355e+06 0
5.0626950002e+05 4.0973273881e+06 0
5.0315998675e+05 4.0942297636e+06 0
5.0028391320e+05 4.0917441334e+06 0
4.9897232734e+05 4.0877999419e+06 0
5.5328243199e+05 3.9604531504e+06 0
5.6207976496e+05 4.0159747104e+06 0
5.6046952996e+05 3.9579483679e+06 0
6.2507752278e+05 3.9758660466e+06 0
5.3933740416e+05 4.1201378380e+06 0
6.2153930603e+05 3.9790740241e+06 0
5.9340871043e+05 4.0630228323e+06 0
5.8931253770e+05 4.0630411471e+06 0
6.2064968179e+05 3.9743469019e+06 0
6.1614598711e+05 3.9727219819e+06 0
6.1163277097e+05 3.9710243447e+06 0
6.0708471267e+05 3.9693545483e+06 0
6.0249329102e+05 3.9678020304e+06 0
5.9788338382e+05 3.9663593683e+06 0
5.9328413659e+05 3.9649743655e+06 0
5.8873094401e+05 3.9636324778e+06 0
5.8423976874e+05 3.9624092239e+06 0
5.4362016326e+05 3.9810144329e+06 0
5.6521534305e+05 3.9588247702e+06 0
5.6993708144e+05 3.9600970012e+06 0
5.7483432364e+05 3.9612603422e+06 0
5.7957151745e+05 3.9618120824e+06 0
5.7390395078e+05 4.0827684801e+06 0
5.8748775545e+05 4.0380027507e+06 0
5.8237759848e+05 4.0807852661e+06 0
5.5278799374e+05 3.9650274735e+06 0
5.5155814266e+05 3.9700704237e+06 0
6.1787511356e+05 3.9824635268e+06 0
5.5005845863e+05 3.9751078367e+06 0
6.1412942069e+05 3.9859688245e+06 0
6.1061323159e+05 3.9896594592e+06 0
6.0724706893e+05 3.9934501257e+06 0
6.0380698152e+05 3.9969895905e+06 0
6.0031880517e+05 4.0003691737e+06 0
5.9687897846e+05 4.0036844177e+06 0
5.9360083965e+05 4.0069138774e+06 0
5.8998851156e+05 4.0096248830e+06 0
5.5325240087e+05 4.0987455513e+06 0
5.5670490760e+05 4.0937043715e+06 0
5.6012557444e+05 4.0889926730e+06 0
5.6375134057e+05 4.0840023847e+06 0
5.0079602347e+05 4.0801545220e+06 0
4.9886698112e+05 4.0835329665e+06 0
5.0329684868e+05 4.0760621656e+06 0
5.0578598897e+05 4.0716726537e+06 0
5.0827208554e+05 4.0672365707e+06 0
5.1074421547e+05 4.0627933980e+06 0
5.1319717478e+05 4.0583513029e+06 0
5.1562254530e+05 4.0539089021e+06 0
5.1800942633e+05 4.0494601828e+06 0
5.2034733742e+05 4.0449979804e+06 0
5.2262822176e+05 4.0405160328e+06 0
5.2484878806e+05 4.0360097683e+06 0
5.2701303598e+05 4.0314773285e+06 0
5.2913216666e+05 4.0269206452e+06 0
5.3122024673e+05 4.0223448703e+06 0
5.3328797704e+05 4.0177555261e+06 0
5.3533907510e+05 4.0131546799e+06 0
5.3737155045e+05 4.0085395205e+06 0
5.3937916463e+05 4.0039037663e+06 0
5.4134894904e+05 3.9992394450e+06 0
5.4326019333e+05 3.9945360460e+06 0
5.4509118191e+05 3.9897805488e+06 0
5.8192904853e+05 4.0439804587e+06 0
5.8309865675e+05 4.0395104543e+06 0
5.4375275571e+05 4.1087775934e+06 0
5.4053051692e+05 4.1125561446e+06 0
5.4667301739e+05 4.1049290696e+06 0
5.8626547022e+05 4.0163393832e+06 0
5.8585221833e+05 4.0208878699e+06 0
5.8527961779e+05 4.0255606244e+06 0
5.8462650200e+05 4.0302408723e+06 0
5.8225076088e+05 4.0585648206e+06 0
5.7973012875e+05 4.0537539003e+06 0
5.9206541164e+05 4.0671237947e+06 0
5.3674202131e+05 4.1164913823e+06 0
5.8599665561e+05 4.0117496261e+06 0
5.5769596205e+05 3.9628295446e+06 0
5.6235245686e+05 3.9623203143e+06 0
5.6654707431e+05 3.9639119387e+06 0
5.9005114237e+05 4.0716484149e+06 0
5.8852576234e+05 4.0762216322e+06 0
5.8490230915e+05 4.0773457535e+06 0
5.4847858075e+05 3.9800730505e+06 0
5.3220509006e+05 4.1139575442e+06 0
5.2826664370e+05 4.1111501257e+06 0
5.2460318757e+05 4.1081180649e+06 0
5.2099530111e+05 4.1049890626e+06 0
5.1740739524e+05 4.1018301560e+06 0
5.1385393026e+05 4.0987246313e+06 0
5.1038228811e+05 4.0956764795e+06 0
5.0720347962e+05 4.0922119374e+06 0
5.0373769581e+05 4.0893552697e+06 0
5.8389264608e+05 4.0348884212e+06 0
5.7771174674e+05 4.0795353509e+06 0
5.4905799067e+05 4.1012184924e+06 0
6.1695065805e+05 3.9775964416e+06 0
6.1246821593e+05 3.9758918888e+06 0
6.0803667869e+05 3.9740766683e+06 0
6.0353917855e+05 3.9724194875e+06 0
5.9898706702e+05 3.9709771745e+06 0
5.9441113290e+05 3.9695962526e+06 0
5.8986251134e+05 3.9682149057e+06 0
5.8544595001e+05 3.9668158717e+06 0
5.4683032239e+05 3.9849613174e+06 0
5.7160227184e+05 3.9652330717e+06 0
5.7703373914e+05 3.9666217123e+06 0
5.8470243448e+05 4.0630352715e+06 0
6.1313566517e+05 3.9809281160e+06 0
5.8047143774e+05 4.0485311536e+06 0
6.0878383155e+05 3.9842901165e+06 0
6.0543817983e+05 3.9886096297e+06 0
6.0207523679e+05 3.9923122387e+06 0
5.9868045455e+05 3.9957995665e+06 0
5.9529974752e+05 3.9992056822e+06 0
5.9204170544e+05 4.0025503575e+06 0
5.8955944715e+05 4.0056216188e+06 0
5.5661192247e+05 3.9686667988e+06 0
5.5496433854e+05 3.9739811593e+06 0
5.6886800642e+05 4.0808705109e+06 0
5.5151802246e+05 4.0932415944e+06 0
5.4815092795e+05 4.0969848635e+06 0
5.5468069211e+05 4.0888672046e+06 0
5.5768798260e+05 4.0843866527e+06 0
5.8180507395e+05 4.0179603113e+06 0
5.8249113565e+05 4.0139159669e+06 0
5.8139804382e+05 4.0225910726e+06 0
5.8095804397e+05 4.0272251467e+06 0
5.0596953241e+05 4.0808043165e+06 0
5.0305976141e+05 4.0847161811e+06 0
5.0842099542e+05 4.0761792262e+06 0
5.1088681429e+05 4.0716256752e+06 0
5.1334125665e+05 4.0671024133e+06 0
5.1579194859e+05 4.0626037530e+06 0
5.1823553264e+05 4.0581254597e+06 0
5.2065866044e+05 4.0536563629e+06 0
5.2304547153e+05 4.0491829568e+06 0
5.2538072728e+05 4.0446937616e+06 0
5.2765159900e+05 4.0401803664e+06 0
5.2985344640e+05 4.0356372789e+06 0
5.3199557150e+05 4.0310640826e+06 0
5.3409852057e+05 4.0264671719e+06 0
5.3618252277e+05 4.0218562610e+06 0
5.3825663950e+05 4.0172374540e+06 0
5.4031743626e+05 4.0126088835e+06 0
5.4235980934e+05 4.0079624238e+06 0
5.4437853028e+05 4.0032895121e+06 0
5.4635492232e+05 3.9985806490e+06 0
5.4825567822e+05 3.9938192400e+06 0
5.3940130096e+05 4.1080499400e+06 0
5.4210311175e+05 4.1043299057e+06 0
5.7841013179e+05 4.0407149456e+06 0
5.7713677644e+05 4.0452224057e+06 0
5.7731021037e+05 4.0586412980e+06 0
5.7994623208e+05 4.0629866436e+06 0
5.6218381744e+05 3.9675136462e+06 0
5.8111461825e+05 4.0760354754e+06 0
5.3319610240e+05 4.1043667911e+06 0
5.8570861936e+05 4.0071319702e+06 0
5.8103921230e+05 4.0095051862e+06 0
5.4486557044e+05 4.1005755985e+06 0
5.8722133680e+05 4.0675038846e+06 0
5.3617472292e+05 4.1114209434e+06 0
5.3233414775e+05 4.1091116800e+06 0
5.2892600110e+05 4.1061466963e+06 0
5.2541199265e+05 4.1030332068e+06 0
5.2179495886e+05 4.0998456310e+06 0
5.1815181943e+05 4.0966593411e+06 0
5.1447053315e+05 4.0937109277e+06 0
5.1096326305e+05 4.0911665571e+06 0
5.0870969640e+05 4.0864089186e+06 0
6.0882394897e+05 3.9788922430e+06 0
5.7950723205e+05 4.0362824413e+06 0
6.0454545083e+05 3.9769024289e+06 0
6.0010440719e+05 3.9755227529e+06 0
5.9554390598e+05 3.9741954019e+06 0
5.9093002610e+05 3.9728242522e+06 0
5.8631276872e+05 3.9713441270e+06 0
5.8247215333e+05 4.0674634072e+06 0
5.8491288066e+05 4.0724195469e+06 0
5.7309966727e+05 4.0778910645e+06 0
5.8036138507e+05 4.0317920593e+06 0
5.5005321438e+05 3.9889881598e+06 0
5.5991782698e+05 3.9729700478e+06 0
5.5174242142e+05 3.9840806989e+06 0
5.5335377143e+05 3.9790883620e+06 0
5.7586409628e+05 4.0499447867e+06 0
5.7430352950e+05 4.0546120455e+06 0
5.6790265133e+05 3.9689116837e+06 0
5.7307819015e+05 3.9704025764e+06 0
6.0331066556e+05 3.9842463116e+06 0
6.0543846056e+05 3.9809377070e+06 0
6.0023072498e+05 3.9877597602e+06 0
5.9694213827e+05 3.9912343728e+06 0
5.9360134858e+05 3.9946923057e+06 0
5.9025898796e+05 3.9982248863e+06 0
5.8674829323e+05 4.0020978585e+06 0
5.1104398689e+05 4.0807781914e+06 0
5.1353809215e+05 4.0760736881e+06 0
5.1596330158e+05 4.0714541464e+06 0
5.1839127068e+05 4.0668847944e+06 0
5.2083817875e+05 4.0623643939e+06 0
5.2328942044e+05 4.0578753053e+06 0
5.2572250343e+05 4.0533936740e+06 0
5.2811729207e+05 4.0488997556e+06 0
5.3045213953e+05 4.0443810863e+06 0
5.3270548937e+05 4.0398290499e+06 0
5.3487364465e+05 4.0352385414e+06 0
5.3698136504e+05 4.0306156503e+06 0
5.3906705426e+05 4.0259774323e+06 0
5.4115565954e+05 4.0213381169e+06 0
5.4324616157e+05 4.0166988488e+06 0
5.4531854453e+05 4.0120491528e+06 0
5.4737555988e+05 4.0073747129e+06 0
5.4942206617e+05 4.0026706308e+06 0
5.5141726556e+05 3.9979195660e+06 0
5.5977990046e+05 4.0797566069e+06 0
5.6451663734e+05 4.0782541482e+06 0
5.7511913665e+05 4.0632220649e+06 0
5.7232032804e+05 4.0591585456e+06 0
5.3761166002e+05 4.1037810198e+06 0
5.3574297695e+05 4.1073534655e+06 0
5.4946601424e+05 4.0884606677e+06 0
5.4640910645e+05 4.0924031946e+06 0
5.5232604448e+05 4.0843310491e+06 0
5.7739273522e+05 4.0195929326e+06 0
5.7782784590e+05 4.0143002748e+06 0
5.7709959625e+05 4.0243872720e+06 0
5.7371557026e+05 4.0417931651e+06 0
5.7496141992e+05 4.0373847645e+06 0
5.6478733342e+05 3.9727400736e+06 0
5.4328464856e+05 4.0961944636e+06 0
5.7677899488e+05 4.0749071727e+06 0
5.7613198765e+05 4.0331641654e+06 0
6.0135523262e+05 3.9799512888e+06 0
5.7599154841e+05 4.0708782478e+06 0
5.9838949812e+05 3.9832836289e+06 0
5.9518952903e+05 3.9866731729e+06 0
5.9188380860e+05 3.9900942496e+06 0
5.9681304372e+05 3.9787602277e+06 0
5.4017587250e+05 4.0999736996e+06 0
5.9213281476e+05 3.9774587010e+06 0
5.8859416209e+05 3.9935680743e+06 0
5.8740089896e+05 3.9760334857e+06 0
5.8546182661e+05 3.9970900407e+06 0
5.7683413882e+05 4.0288630422e+06 0
5.2994189278e+05 4.1012073204e+06 0
5.2624902013e+05 4.0980100328e+06 0
5.2255583499e+05 4.0946713658e+06 0
5.1867300093e+05 4.0913415430e+06 0
5.1430635695e+05 4.0886742394e+06 0
5.1383345822e+05 4.0844262004e+06 0
5.1630761083e+05 4.0804994427e+06 0
5.1864166526e+05 4.0758316769e+06 0
5.2100374720e+05 4.0711769343e+06 0
5.2342705260e+05 4.0666099857e+06 0
5.2589441118e+05 4.0621075020e+06 0
5.5329967521e+05 3.9930857665e+06 0
5.6884492462e+05 4.0758034168e+06 0
5.2836867691e+05 4.0576284802e+06 0
5.3082082057e+05 4.0531384032e+06 0
5.5504419758e+05 3.9881636031e+06 0
5.6963140578e+05 3.9738879608e+06 0
5.7239283370e+05 4.0463246630e+06 0
5.7092720284e+05 4.0508817977e+06 0
5.6921330314e+05 4.0553951634e+06 0
5.5665442539e+05 3.9831789159e+06 0
5.5819174195e+05 3.9781319012e+06 0
5.8170559766e+05 3.9695655368e+06 0
5.7789093083e+05 3.9723386752e+06 0
5.5475774028e+05 4.0801575220e+06 0
5.7774590086e+05 4.0672297634e+06 0
5.3323355256e+05 4.0486177178e+06 0
5.3556938644e+05 4.0440589272e+06 0
5.3778538933e+05 4.0394514971e+06 0
5.3989155062e+05 4.0347942234e+06 0
5.4195243044e+05 4.0301163826e+06 0
5.4403165702e+05 4.0254500707e+06 0
5.4614582096e+05 4.0208007650e+06 0
5.4826885795e+05 4.0161531579e+06 0
5.5033557390e+05 4.0114871611e+06 0
5.5242277845e+05 4.0067927175e+06 0
5.5453989768e+05 4.0020843977e+06 0
5.8178595322e+05 4.0042010751e+06 0
5.6084797911e+05 4.0749419196e+06 0
5.5656841810e+05 4.0759918014e+06 0
5.4438207345e+05 4.0878901846e+06 0
5.4725859330e+05 4.0839532078e+06 0
5.7047489958e+05 4.0634864858e+06 0
5.7286878788e+05 4.0679305449e+06 0
5.7319487483e+05 4.0169313545e+06 0
5.7309867040e+05 4.0218126871e+06 0
5.7035050094e+05 4.0382678792e+06 0
5.6900793990e+05 4.0427524718e+06 0
5.8247715762e+05 4.0000532329e+06 0
5.7998332871e+05 4.0714844298e+06 0
5.7423593818e+05 3.9757410715e+06 0
5.7270254168e+05 4.0730827557e+06 0
5.6501828179e+05 4.0732479579e+06 0
5.4985735624e+05 4.0799632856e+06 0
5.6733690472e+05 4.0598491727e+06 0
5.7289499348e+05 4.0264750102e+06 0
5.6284010779e+05 3.9773823641e+06 0
5.6683572648e+05 3.9768717759e+06 0
5.7315958345e+05 4.0303642248e+06 0
5.9355255420e+05 3.9820840808e+06 0
5.9021095491e+05 3.9854552180e+06 0
5.5211959943e+05 4.0760838326e+06 0
5.3495886036e+05 4.0995101693e+06 0
5.8870250114e+05 3.9807597773e+06 0
5.6759006009e+05 4.0472441887e+06 0
5.6602114435e+05 4.0517193167e+06 0
5.4143888692e+05 4.0917586874e+06 0
5.7165780805e+05 4.0338896980e+06 0
5.8684034492e+05 3.9888974540e+06 0
5.8356306996e+05 3.9924537728e+06 0
5.8264771583e+05 3.9743903000e+06 0
5.5655751304e+05 3.9972713990e+06 0
5.5839130623e+05 3.9923052533e+06 0
5.6006737338e+05 3.9872788604e+06 0
5.3452933720e+05 4.0949205716e+06 0
5.6153115760e+05 3.9822738675e+06 0
5.1900404669e+05 4.0855790865e+06 0
5.2140259278e+05 4.0802917334e+06 0
5.2334483621e+05 4.0894361950e+06 0
5.2365182875e+05 4.0754519114e+06 0
5.2600204295e+05 4.0708308389e+06 0
5.2846176962e+05 4.0663339827e+06 0
5.3097522303e+05 4.0618804656e+06 0
5.3347937728e+05 4.0574159776e+06 0
5.3595535961e+05 4.0529039066e+06 0
5.3841364823e+05 4.0483384231e+06 0
5.2715430968e+05 4.0929990073e+06 0
5.3074091819e+05 4.0964250653e+06 0
5.4074757793e+05 4.0437182792e+06 0
5.4287103313e+05 4.0390132127e+06 0
5.4487226005e+05 4.0342645292e+06 0
5.4688871179e+05 4.0295603353e+06 0
5.4899497657e+05 4.0249044517e+06 0
5.5117063572e+05 4.0202723507e+06 0
5.5335776282e+05 4.0156053482e+06 0
5.5530077253e+05 4.0109177658e+06 0
5.5754664913e+05 4.0062825123e+06 0
5.5748132351e+05 4.0716380707e+06 0
5.6152183917e+05 4.0703630732e+06 0
5.7634557664e+05 4.0098419840e+06 0
5.7275788772e+05 4.0121590770e+06 0
5.7715495196e+05 4.0055981346e+06 0
5.6908936080e+05 4.0193813266e+06 0
5.6865050299e+05 4.0145686399e+06 0
5.6878550795e+05 4.0670374337e+06 0
5.6594954714e+05 4.0641618930e+06 0
5.4233907223e+05 4.0834614145e+06 0
5.3931127194e+05 4.0873387710e+06 0
5.6569019838e+05 4.0391688317e+06 0
5.6713208894e+05 4.0345453700e+06 0
5.6633607646e+05 3.9812711395e+06 0
5.6898160129e+05 4.0710258764e+06 0
5.6534990869e+05 4.0686580985e+06 0
5.7059693620e+05 3.9790818120e+06 0
5.7896534226e+05 3.9776052476e+06 0
5.8072892635e+05 3.9961822095e+06 0
5.6421425817e+05 4.0562106345e+06 0
5.6208472367e+05 4.0609214759e+06 0
5.6872440205e+05 4.0294988534e+06 0
5.2460137336e+05 4.0844111113e+06 0
5.7775365883e+05 4.0004045860e+06 0
5.2644337064e+05 4.0795704237e+06 0
5.6516886581e+05 3.9862050671e+06 0
5.8383250145e+05 3.9792876445e+06 0
5.5398887104e+05 4.0727046633e+06 0
5.2857885554e+05 4.0749524323e+06 0
5.6887856561e+05 4.0242375778e+06 0
5.5978713232e+05 4.0016380499e+06 0
5.6176216224e+05 3.9965366682e+06 0
5.2840491676e+05 4.0880755525e+06 0
5.3182705057e+05 4.0916103200e+06 0
5.6353198941e+05 3.9914086316e+06 0
5.4506596868e+05 4.0795038412e+06 0
5.4761180418e+05 4.0755340894e+06 0
5.3853493704e+05 4.0956415777e+06 0
5.3659263571e+05 4.0912180522e+06 0
5.8522478450e+05 3.9841388951e+06 0
5.8172226179e+05 3.9876693827e+06 0
5.3097797088e+05 4.0705226047e+06 0
5.3351166971e+05 4.0661380303e+06 0
5.3610045193e+05 4.0617323645e+06 0
5.3861054733e+05 4.0572610462e+06 0
5.4111332008e+05 4.0526939569e+06 0
5.4372821993e+05 4.0480692453e+06 0
5.4599534297e+05 4.0433160099e+06 0
5.6425758707e+05 4.0436653578e+06 0
5.6281138642e+05 4.0480908416e+06 0
5.4788811316e+05 4.0383950025e+06 0
5.4978385889e+05 4.0336299439e+06 0
5.5176418171e+05 4.0289824664e+06 0
5.5398549683e+05 4.0244104623e+06 0
5.5624243728e+05 4.0198075013e+06 0
5.5865278844e+05 4.0149359849e+06 0
5.5976156807e+05 4.0102155750e+06 0
5.7255918026e+05 4.0073799740e+06 0
5.6809678012e+05 4.0096005570e+06 0
5.6508380629e+05 4.0172264032e+06 0
5.6524548248e+05 4.0215555688e+06 0
5.5822387654e+05 4.0675805665e+06 0
5.5365452111e+05 4.0683732670e+06 0
5.3756569021e+05 4.0829877689e+06 0
5.4034230073e+05 4.0790505751e+06 0
5.6244061958e+05 4.0356565806e+06 0
5.6092848298e+05 4.0401554797e+06 0
5.7517432578e+05 3.9810991834e+06 0
5.3357582993e+05 4.0822040220e+06 0
5.5020027368e+05 4.0716949856e+06 0
5.7827612877e+05 3.9915283811e+06 0
5.6208831806e+05 4.0658761404e+06 0
5.2960109915e+05 4.0833983454e+06 0
5.3116276707e+05 4.0788472306e+06 0
5.4295560846e+05 4.0750229009e+06 0
5.6121678646e+05 4.0524488464e+06 0
5.5934732513e+05 4.0567101925e+06 0
5.3343204639e+05 4.0746342750e+06 0
5.6372672627e+05 4.0124946293e+06 0
5.6427389668e+05 4.0261262120e+06 0
5.3382971039e+05 4.0867736251e+06 0
5.7306575019e+05 4.0026274011e+06 0
5.5946357190e+05 4.0446048969e+06 0
5.3593522328e+05 4.0703994286e+06 0
5.6387353085e+05 4.0310820073e+06 0
5.6320438876e+05 4.0064998537e+06 0
5.6483527225e+05 4.0008980586e+06 0
5.6726182094e+05 3.9957234395e+06 0
5.7079407979e+05 3.9848135128e+06 0
5.8021544621e+05 3.9826861117e+06 0
5.3858900682e+05 4.0660918111e+06 0
5.4132910705e+05 4.0616900636e+06 0
5.4366512728e+05 4.0571524871e+06 0
5.4625464411e+05 4.0525502885e+06 0
5.4946099913e+05 4.0479014867e+06 0
5.5107547690e+05 4.0424196707e+06 0
5.6839648808e+05 4.0046231260e+06 0
5.5281709794e+05 4.0375626756e+06 0
5.5459891764e+05 4.0329456192e+06 0
5.5649393598e+05 4.0284922303e+06 0
5.5916275656e+05 4.0242094697e+06 0
5.6109703213e+05 4.0195104897e+06 0
5.5574209719e+05 4.0647711640e+06 0
5.6240152300e+05 4.0229051151e+06 0
5.5900039272e+05 4.0638225542e+06 0
5.3576377709e+05 4.0786717637e+06 0
5.5767168078e+05 4.0366520687e+06 0
5.5388734414e+05 4.0498004924e+06 0
5.5606691438e+05 4.0411897934e+06 0
5.4564247301e+05 4.0709554531e+06 0
5.5642759478e+05 4.0606528219e+06 0
5.7685398166e+05 3.9959468047e+06 0
5.7653561953e+05 3.9862358082e+06 0
5.5814656279e+05 4.0489120232e+06 0
5.5459594678e+05 4.0457508394e+06 0
5.5651547691e+05 4.0529958059e+06 0
5.3822794183e+05 4.0746865670e+06 0
5.4085076176e+05 4.0705310673e+06 0
5.6923765060e+05 4.0002181425e+06 0
5.5926957291e+05 4.0322700947e+06 0
5.6063977521e+05 4.0283760096e+06 0
5.6844602658e+05 3.9901160685e+06 0
5.7278409823e+05 3.9975675137e+06 0
5.4866999083e+05 4.0669842225e+06 0
5.7450779332e+05 3.9935845655e+06 0
5.5203392118e+05 4.0635069732e+06 0
5.4370442517e+05 4.0662467241e+06 0
5.4693978797e+05 4.0616773841e+06 0
5.4796666754e+05 4.0567791196e+06 0
5.5141708079e+05 4.0535252427e+06 0
5.7329910960e+05 3.9897072376e+06 0
5.7111310471e+05 3.9934019638e+06 0
5.5158868171e+05 4.0588519907e+06 0
5.5500827066e+05 4.0565555119e+06 0
