6.935636e+00
7.109027e+00
7.286753e+00
7.468921e+00
7.655644e+00
7.847035e+00
8.043211e+00
8.244292e+00
8.450399e+00
8.661659e+00
8.878200e+00
9.100155e+00
9.327659e+00
9.560851e+00
9.799872e+00
1.004487e+01
1.029599e+01
1.055339e+01
1.081723e+01
1.108766e+01
1.136485e+01
1.164897e+01
1.194019e+01
1.223870e+01
1.254466e+01
1.285828e+01
1.317974e+01
1.350923e+01
1.384696e+01
1.419314e+01
1.454797e+01
1.491166e+01
1.528446e+01
1.566657e+01
1.605823e+01
1.645969e+01
1.687118e+01
1.729296e+01
1.772528e+01
1.816841e+01
1.862263e+01
1.908819e+01
1.956540e+01
2.005453e+01
2.055589e+01
2.106979e+01
2.159654e+01
2.213645e+01
2.268986e+01
2.325711e+01
2.383853e+01
2.443450e+01
2.504536e+01
2.567149e+01
2.631328e+01
2.697111e+01
2.764539e+01
2.833653e+01
2.904494e+01
2.977106e+01
3.051534e+01
3.127822e+01
3.206018e+01
3.286168e+01
3.368323e+01
3.452531e+01
3.538844e+01
3.627315e+01
3.717998e+01
3.810948e+01
3.906222e+01
4.003877e+01
4.103974e+01
4.206573e+01
4.311738e+01
4.419531e+01
4.530019e+01
4.643270e+01
4.759352e+01
4.878335e+01
5.000294e+01
5.125301e+01
5.253434e+01
5.384769e+01
5.519389e+01
5.657373e+01
5.798808e+01
5.943778e+01
6.092372e+01
6.244682e+01
6.400799e+01
6.560819e+01
6.724839e+01
6.892960e+01
7.065284e+01
7.241916e+01
7.422964e+01
7.608538e+01
7.798752e+01
7.993721e+01
