-1.0256410256e+03 -1.1538461538e+02 0
-1.0256410256e+03 8.8564102564e+02 0
-1.0256410256e+03 1.8866666667e+03 0
-1.0256410256e+03 2.8876923077e+03 0
-1.0256410256e+03 3.8887179487e+03 0
-1.0256410256e+03 4.8897435897e+03 0
-1.0256410256e+03 5.8907692308e+03 0
-1.0256410256e+03 6.8917948718e+03 0
-1.0256410256e+03 7.8928205128e+03 0
-1.0256410256e+03 8.8938461538e+03 0
-1.0256410256e+03 9.8948717949e+03 0
-1.0256410256e+03 1.0895897436e+04 0
-1.0256410256e+03 1.1896923077e+04 0
-1.0256410256e+03 1.2897948718e+04 0
-1.0256410256e+03 1.3898974359e+04 0
-1.0256410256e+03 1.4900000000e+04 0
-1.0256410256e+03 1.5901025641e+04 0
-1.0256410256e+03 1.6902051282e+04 0
-1.0256410256e+03 1.7903076923e+04 0
-1.0256410256e+03 1.8904102564e+04 0
-1.0256410256e+03 1.9905128205e+04 0
-1.0256410256e+03 2.0906153846e+04 0
-1.0256410256e+03 2.1907179487e+04 0
-1.0256410256e+03 2.2908205128e+04 0
-1.0256410256e+03 2.3909230769e+04 0
-1.0256410256e+03 2.4910256410e+04 0
-2.8767979987e+01 -1.1413383365e+02 0
-2.8767979987e+01 8.8689180738e+02 0
-2.8767979987e+01 1.8879174484e+03 0
-2.8767979987e+01 2.8889430894e+03 0
-2.8767979987e+01 3.8899687305e+03 0
-2.8767979987e+01 4.8909943715e+03 0
-2.8767979987e+01 5.8920200125e+03 0
-2.8767979987e+01 6.8930456535e+03 0
-2.8767979987e+01 7.8940712946e+03 0
-2.8767979987e+01 8.8950969356e+03 0
-2.8767979987e+01 9.8961225766e+03 0
-2.8767979987e+01 1.0897148218e+04 0
-2.8767979987e+01 1.1898173859e+04 0
-2.8767979987e+01 1.2899199500e+04 0
-2.8767979987e+01 1.3900225141e+04 0
-2.8767979987e+01 1.4901250782e+04 0
-2.8767979987e+01 1.5902276423e+04 0
-2.8767979987e+01 1.6903302064e+04 0
-2.8767979987e+01 1.7904327705e+04 0
-2.8767979987e+01 1.8905353346e+04 0
-2.8767979987e+01 1.9906378987e+04 0
-2.8767979987e+01 2.0907404628e+04 0
-2.8767979987e+01 2.1908430269e+04 0
-2.8767979987e+01 2.2909455910e+04 0
-2.8767979987e+01 2.3910481551e+04 0
-2.8767979987e+01 2.4911507192e+04 0
9.6810506567e+02 -1.1288305191e+02 0
9.6810506567e+02 8.8814258912e+02 0
9.6810506567e+02 1.8891682301e+03 0
9.6810506567e+02 2.8901938712e+03 0
9.6810506567e+02 3.8912195122e+03 0
9.6810506567e+02 4.8922451532e+03 0
9.6810506567e+02 5.8932707942e+03 0
9.6810506567e+02 6.8942964353e+03 0
9.6810506567e+02 7.8953220763e+03 0
9.6810506567e+02 8.8963477173e+03 0
9.6810506567e+02 9.8973733583e+03 0
9.6810506567e+02 1.0898398999e+04 0
9.6810506567e+02 1.1899424640e+04 0
9.6810506567e+02 1.2900450281e+04 0
9.6810506567e+02 1.3901475922e+04 0
9.6810506567e+02 1.4902501563e+04 0
9.6810506567e+02 1.5903527205e+04 0
9.6810506567e+02 1.6904552846e+04 0
9.6810506567e+02 1.7905578487e+04 0
9.6810506567e+02 1.8906604128e+04 0
9.6810506567e+02 1.9907629769e+04 0
9.6810506567e+02 2.0908655410e+04 0
9.6810506567e+02 2.1909681051e+04 0
9.6810506567e+02 2.2910706692e+04 0
9.6810506567e+02 2.3911732333e+04 0
9.6810506567e+02 2.4912757974e+04 0
1.9649781113e+03 -1.1163227017e+02 0
1.9649781113e+03 8.8939337086e+02 0
1.9649781113e+03 1.8904190119e+03 0
1.9649781113e+03 2.8914446529e+03 0
1.9649781113e+03 3.8924702939e+03 0
1.9649781113e+03 4.8934959350e+03 0
1.9649781113e+03 5.8945215760e+03 0
1.9649781113e+03 6.8955472170e+03 0
1.9649781113e+03 7.8965728580e+03 0
1.9649781113e+03 8.8975984991e+03 0
1.9649781113e+03 9.8986241401e+03 0
1.9649781113e+03 1.0899649781e+04 0
1.9649781113e+03 1.1900675422e+04 0
1.9649781113e+03 1.2901701063e+04 0
1.9649781113e+03 1.3902726704e+04 0
1.9649781113e+03 1.4903752345e+04 0
1.9649781113e+03 1.5904777986e+04 0
1.9649781113e+03 1.6905803627e+04 0
1.9649781113e+03 1.7906829268e+04 0
1.9649781113e+03 1.8907854909e+04 0
1.9649781113e+03 1.9908880550e+04 0
1.9649781113e+03 2.0909906191e+04 0
1.9649781113e+03 2.1910931832e+04 0
1.9649781113e+03 2.2911957473e+04 0
1.9649781113e+03 2.3912983114e+04 0
1.9649781113e+03 2.4914008755e+04 0
2.9618511570e+03 -1.1038148843e+02 0
2.9618511570e+03 8.9064415260e+02 0
2.9618511570e+03 1.8916697936e+03 0
2.9618511570e+03 2.8926954346e+03 0
2.9618511570e+03 3.8937210757e+03 0
2.9618511570e+03 4.8947467167e+03 0
2.9618511570e+03 5.8957723577e+03 0
2.9618511570e+03 6.8967979987e+03 0
2.9618511570e+03 7.8978236398e+03 0
2.9618511570e+03 8.8988492808e+03 0
2.9618511570e+03 9.8998749218e+03 0
2.9618511570e+03 1.0900900563e+04 0
2.9618511570e+03 1.1901926204e+04 0
2.9618511570e+03 1.2902951845e+04 0
2.9618511570e+03 1.3903977486e+04 0
2.9618511570e+03 1.4905003127e+04 0
2.9618511570e+03 1.5906028768e+04 0
2.9618511570e+03 1.6907054409e+04 0
2.9618511570e+03 1.7908080050e+04 0
2.9618511570e+03 1.8909105691e+04 0
2.9618511570e+03 1.9910131332e+04 0
2.9618511570e+03 2.0911156973e+04 0
2.9618511570e+03 2.1912182614e+04 0
2.9618511570e+03 2.2913208255e+04 0
2.9618511570e+03 2.3914233896e+04 0
2.9618511570e+03 2.4915259537e+04 0
3.9587242026e+03 -1.0913070669e+02 0
3.9587242026e+03 8.9189493433e+02 0
3.9587242026e+03 1.8929205754e+03 0
3.9587242026e+03 2.8939462164e+03 0
3.9587242026e+03 3.8949718574e+03 0
3.9587242026e+03 4.8959974984e+03 0
3.9587242026e+03 5.8970231395e+03 0
3.9587242026e+03 6.8980487805e+03 0
3.9587242026e+03 7.8990744215e+03 0
3.9587242026e+03 8.9001000625e+03 0
3.9587242026e+03 9.9011257036e+03 0
3.9587242026e+03 1.0902151345e+04 0
3.9587242026e+03 1.1903176986e+04 0
3.9587242026e+03 1.2904202627e+04 0
3.9587242026e+03 1.3905228268e+04 0
3.9587242026e+03 1.4906253909e+04 0
3.9587242026e+03 1.5907279550e+04 0
3.9587242026e+03 1.6908305191e+04 0
3.9587242026e+03 1.7909330832e+04 0
3.9587242026e+03 1.8910356473e+04 0
3.9587242026e+03 1.9911382114e+04 0
3.9587242026e+03 2.0912407755e+04 0
3.9587242026e+03 2.1913433396e+04 0
3.9587242026e+03 2.2914459037e+04 0
3.9587242026e+03 2.3915484678e+04 0
3.9587242026e+03 2.4916510319e+04 0
4.9555972483e+03 -1.0787992495e+02 0
4.9555972483e+03 8.9314571607e+02 0
4.9555972483e+03 1.8941713571e+03 0
4.9555972483e+03 2.8951969981e+03 0
4.9555972483e+03 3.8962226391e+03 0
4.9555972483e+03 4.8972482802e+03 0
4.9555972483e+03 5.8982739212e+03 0
4.9555972483e+03 6.8992995622e+03 0
4.9555972483e+03 7.9003252033e+03 0
4.9555972483e+03 8.9013508443e+03 0
4.9555972483e+03 9.9023764853e+03 0
4.9555972483e+03 1.0903402126e+04 0
4.9555972483e+03 1.1904427767e+04 0
4.9555972483e+03 1.2905453408e+04 0
4.9555972483e+03 1.3906479049e+04 0
4.9555972483e+03 1.4907504690e+04 0
4.9555972483e+03 1.5908530331e+04 0
4.9555972483e+03 1.6909555972e+04 0
4.9555972483e+03 1.7910581614e+04 0
4.9555972483e+03 1.8911607255e+04 0
4.9555972483e+03 1.9912632896e+04 0
4.9555972483e+03 2.0913658537e+04 0
4.9555972483e+03 2.1914684178e+04 0
4.9555972483e+03 2.2915709819e+04 0
4.9555972483e+03 2.3916735460e+04 0
4.9555972483e+03 2.4917761101e+04 0
5.9524702939e+03 -1.0662914321e+02 0
5.9524702939e+03 8.9439649781e+02 0
5.9524702939e+03 1.8954221388e+03 0
5.9524702939e+03 2.8964477799e+03 0
5.9524702939e+03 3.8974734209e+03 0
5.9524702939e+03 4.8984990619e+03 0
5.9524702939e+03 5.8995247029e+03 0
5.9524702939e+03 6.9005503440e+03 0
5.9524702939e+03 7.9015759850e+03 0
5.9524702939e+03 8.9026016260e+03 0
5.9524702939e+03 9.9036272670e+03 0
5.9524702939e+03 1.0904652908e+04 0
5.9524702939e+03 1.1905678549e+04 0
5.9524702939e+03 1.2906704190e+04 0
5.9524702939e+03 1.3907729831e+04 0
5.9524702939e+03 1.4908755472e+04 0
5.9524702939e+03 1.5909781113e+04 0
5.9524702939e+03 1.6910806754e+04 0
5.9524702939e+03 1.7911832395e+04 0
5.9524702939e+03 1.8912858036e+04 0
5.9524702939e+03 1.9913883677e+04 0
5.9524702939e+03 2.0914909318e+04 0
5.9524702939e+03 2.1915934959e+04 0
5.9524702939e+03 2.2916960600e+04 0
5.9524702939e+03 2.3917986241e+04 0
5.9524702939e+03 2.4919011882e+04 0
6.9493433396e+03 -1.0537836148e+02 0
6.9493433396e+03 8.9564727955e+02 0
6.9493433396e+03 1.8966729206e+03 0
6.9493433396e+03 2.8976985616e+03 0
6.9493433396e+03 3.8987242026e+03 0
6.9493433396e+03 4.8997498437e+03 0
6.9493433396e+03 5.9007754847e+03 0
6.9493433396e+03 6.9018011257e+03 0
6.9493433396e+03 7.9028267667e+03 0
6.9493433396e+03 8.9038524078e+03 0
6.9493433396e+03 9.9048780488e+03 0
6.9493433396e+03 1.0905903690e+04 0
6.9493433396e+03 1.1906929331e+04 0
6.9493433396e+03 1.2907954972e+04 0
6.9493433396e+03 1.3908980613e+04 0
6.9493433396e+03 1.4910006254e+04 0
6.9493433396e+03 1.5911031895e+04 0
6.9493433396e+03 1.6912057536e+04 0
6.9493433396e+03 1.7913083177e+04 0
6.9493433396e+03 1.8914108818e+04 0
6.9493433396e+03 1.9915134459e+04 0
6.9493433396e+03 2.0916160100e+04 0
6.9493433396e+03 2.1917185741e+04 0
6.9493433396e+03 2.2918211382e+04 0
6.9493433396e+03 2.3919237023e+04 0
6.9493433396e+03 2.4920262664e+04 0
7.9462163852e+03 -1.0412757974e+02 0
7.9462163852e+03 8.9689806129e+02 0
7.9462163852e+03 1.8979237023e+03 0
7.9462163852e+03 2.8989493433e+03 0
7.9462163852e+03 3.8999749844e+03 0
7.9462163852e+03 4.9010006254e+03 0
7.9462163852e+03 5.9020262664e+03 0
7.9462163852e+03 6.9030519074e+03 0
7.9462163852e+03 7.9040775485e+03 0
7.9462163852e+03 8.9051031895e+03 0
7.9462163852e+03 9.9061288305e+03 0
7.9462163852e+03 1.0907154472e+04 0
7.9462163852e+03 1.1908180113e+04 0
7.9462163852e+03 1.2909205754e+04 0
7.9462163852e+03 1.3910231395e+04 0
7.9462163852e+03 1.4911257036e+04 0
7.9462163852e+03 1.5912282677e+04 0
7.9462163852e+03 1.6913308318e+04 0
7.9462163852e+03 1.7914333959e+04 0
7.9462163852e+03 1.8915359600e+04 0
7.9462163852e+03 1.9916385241e+04 0
7.9462163852e+03 2.0917410882e+04 0
7.9462163852e+03 2.1918436523e+04 0
7.9462163852e+03 2.2919462164e+04 0
7.9462163852e+03 2.3920487805e+04 0
7.9462163852e+03 2.4921513446e+04 0
8.9430894309e+03 -1.0287679800e+02 0
8.9430894309e+03 8.9814884303e+02 0
8.9430894309e+03 1.8991744841e+03 0
8.9430894309e+03 2.9002001251e+03 0
8.9430894309e+03 3.9012257661e+03 0
8.9430894309e+03 4.9022514071e+03 0
8.9430894309e+03 5.9032770482e+03 0
8.9430894309e+03 6.9043026892e+03 0
8.9430894309e+03 7.9053283302e+03 0
8.9430894309e+03 8.9063539712e+03 0
8.9430894309e+03 9.9073796123e+03 0
8.9430894309e+03 1.0908405253e+04 0
8.9430894309e+03 1.1909430894e+04 0
8.9430894309e+03 1.2910456535e+04 0
8.9430894309e+03 1.3911482176e+04 0
8.9430894309e+03 1.4912507817e+04 0
8.9430894309e+03 1.5913533458e+04 0
8.9430894309e+03 1.6914559099e+04 0
8.9430894309e+03 1.7915584740e+04 0
8.9430894309e+03 1.8916610381e+04 0
8.9430894309e+03 1.9917636023e+04 0
8.9430894309e+03 2.0918661664e+04 0
8.9430894309e+03 2.1919687305e+04 0
8.9430894309e+03 2.2920712946e+04 0
8.9430894309e+03 2.3921738587e+04 0
8.9430894309e+03 2.4922764228e+04 0
9.9399624765e+03 -1.0162601626e+02 0
9.9399624765e+03 8.9939962477e+02 0
9.9399624765e+03 1.9004252658e+03 0
9.9399624765e+03 2.9014509068e+03 0
9.9399624765e+03 3.9024765478e+03 0
9.9399624765e+03 4.9035021889e+03 0
9.9399624765e+03 5.9045278299e+03 0
9.9399624765e+03 6.9055534709e+03 0
9.9399624765e+03 7.9065791119e+03 0
9.9399624765e+03 8.9076047530e+03 0
9.9399624765e+03 9.9086303940e+03 0
9.9399624765e+03 1.0909656035e+04 0
9.9399624765e+03 1.1910681676e+04 0
9.9399624765e+03 1.2911707317e+04 0
9.9399624765e+03 1.3912732958e+04 0
9.9399624765e+03 1.4913758599e+04 0
9.9399624765e+03 1.5914784240e+04 0
9.9399624765e+03 1.6915809881e+04 0
9.9399624765e+03 1.7916835522e+04 0
9.9399624765e+03 1.8917861163e+04 0
9.9399624765e+03 1.9918886804e+04 0
9.9399624765e+03 2.0919912445e+04 0
9.9399624765e+03 2.1920938086e+04 0
9.9399624765e+03 2.2921963727e+04 0
9.9399624765e+03 2.3922989368e+04 0
9.9399624765e+03 2.4924015009e+04 0
1.0936835522e+04 -1.0037523452e+02 0
1.0936835522e+04 9.0065040650e+02 0
1.0936835522e+04 1.9016760475e+03 0
1.0936835522e+04 2.9027016886e+03 0
1.0936835522e+04 3.9037273296e+03 0
1.0936835522e+04 4.9047529706e+03 0
1.0936835522e+04 5.9057786116e+03 0
1.0936835522e+04 6.9068042527e+03 0
1.0936835522e+04 7.9078298937e+03 0
1.0936835522e+04 8.9088555347e+03 0
1.0936835522e+04 9.9098811757e+03 0
1.0936835522e+04 1.0910906817e+04 0
1.0936835522e+04 1.1911932458e+04 0
1.0936835522e+04 1.2912958099e+04 0
1.0936835522e+04 1.3913983740e+04 0
1.0936835522e+04 1.4915009381e+04 0
1.0936835522e+04 1.5916035022e+04 0
1.0936835522e+04 1.6917060663e+04 0
1.0936835522e+04 1.7918086304e+04 0
1.0936835522e+04 1.8919111945e+04 0
1.0936835522e+04 1.9920137586e+04 0
1.0936835522e+04 2.0921163227e+04 0
1.0936835522e+04 2.1922188868e+04 0
1.0936835522e+04 2.2923214509e+04 0
1.0936835522e+04 2.3924240150e+04 0
1.0936835522e+04 2.4925265791e+04 0
1.1933708568e+04 -9.9124452783e+01 0
1.1933708568e+04 9.0190118824e+02 0
1.1933708568e+04 1.9029268293e+03 0
1.1933708568e+04 2.9039524703e+03 0
1.1933708568e+04 3.9049781113e+03 0
1.1933708568e+04 4.9060037523e+03 0
1.1933708568e+04 5.9070293934e+03 0
1.1933708568e+04 6.9080550344e+03 0
1.1933708568e+04 7.9090806754e+03 0
1.1933708568e+04 8.9101063164e+03 0
1.1933708568e+04 9.9111319575e+03 0
1.1933708568e+04 1.0912157598e+04 0
1.1933708568e+04 1.1913183240e+04 0
1.1933708568e+04 1.2914208881e+04 0
1.1933708568e+04 1.3915234522e+04 0
1.1933708568e+04 1.4916260163e+04 0
1.1933708568e+04 1.5917285804e+04 0
1.1933708568e+04 1.6918311445e+04 0
1.1933708568e+04 1.7919337086e+04 0
1.1933708568e+04 1.8920362727e+04 0
1.1933708568e+04 1.9921388368e+04 0
1.1933708568e+04 2.0922414009e+04 0
1.1933708568e+04 2.1923439650e+04 0
1.1933708568e+04 2.2924465291e+04 0
1.1933708568e+04 2.3925490932e+04 0
1.1933708568e+04 2.4926516573e+04 0
1.2930581614e+04 -9.7873671044e+01 0
1.2930581614e+04 9.0315196998e+02 0
1.2930581614e+04 1.9041776110e+03 0
1.2930581614e+04 2.9052032520e+03 0
1.2930581614e+04 3.9062288931e+03 0
1.2930581614e+04 4.9072545341e+03 0
1.2930581614e+04 5.9082801751e+03 0
1.2930581614e+04 6.9093058161e+03 0
1.2930581614e+04 7.9103314572e+03 0
1.2930581614e+04 8.9113570982e+03 0
1.2930581614e+04 9.9123827392e+03 0
1.2930581614e+04 1.0913408380e+04 0
1.2930581614e+04 1.1914434021e+04 0
1.2930581614e+04 1.2915459662e+04 0
1.2930581614e+04 1.3916485303e+04 0
1.2930581614e+04 1.4917510944e+04 0
1.2930581614e+04 1.5918536585e+04 0
1.2930581614e+04 1.6919562226e+04 0
1.2930581614e+04 1.7920587867e+04 0
1.2930581614e+04 1.8921613508e+04 0
1.2930581614e+04 1.9922639149e+04 0
1.2930581614e+04 2.0923664790e+04 0
1.2930581614e+04 2.1924690432e+04 0
1.2930581614e+04 2.2925716073e+04 0
1.2930581614e+04 2.3926741714e+04 0
1.2930581614e+04 2.4927767355e+04 0
1.3927454659e+04 -9.6622889306e+01 0
1.3927454659e+04 9.0440275172e+02 0
1.3927454659e+04 1.9054283927e+03 0
1.3927454659e+04 2.9064540338e+03 0
1.3927454659e+04 3.9074796748e+03 0
1.3927454659e+04 4.9085053158e+03 0
1.3927454659e+04 5.9095309568e+03 0
1.3927454659e+04 6.9105565979e+03 0
1.3927454659e+04 7.9115822389e+03 0
1.3927454659e+04 8.9126078799e+03 0
1.3927454659e+04 9.9136335210e+03 0
1.3927454659e+04 1.0914659162e+04 0
1.3927454659e+04 1.1915684803e+04 0
1.3927454659e+04 1.2916710444e+04 0
1.3927454659e+04 1.3917736085e+04 0
1.3927454659e+04 1.4918761726e+04 0
1.3927454659e+04 1.5919787367e+04 0
1.3927454659e+04 1.6920813008e+04 0
1.3927454659e+04 1.7921838649e+04 0
1.3927454659e+04 1.8922864290e+04 0
1.3927454659e+04 1.9923889931e+04 0
1.3927454659e+04 2.0924915572e+04 0
1.3927454659e+04 2.1925941213e+04 0
1.3927454659e+04 2.2926966854e+04 0
1.3927454659e+04 2.3927992495e+04 0
1.3927454659e+04 2.4929018136e+04 0
1.4924327705e+04 -9.5372107567e+01 0
1.4924327705e+04 9.0565353346e+02 0
1.4924327705e+04 1.9066791745e+03 0
1.4924327705e+04 2.9077048155e+03 0
1.4924327705e+04 3.9087304565e+03 0
1.4924327705e+04 4.9097560976e+03 0
1.4924327705e+04 5.9107817386e+03 0
1.4924327705e+04 6.9118073796e+03 0
1.4924327705e+04 7.9128330206e+03 0
1.4924327705e+04 8.9138586617e+03 0
1.4924327705e+04 9.9148843027e+03 0
1.4924327705e+04 1.0915909944e+04 0
1.4924327705e+04 1.1916935585e+04 0
1.4924327705e+04 1.2917961226e+04 0
1.4924327705e+04 1.3918986867e+04 0
1.4924327705e+04 1.4920012508e+04 0
1.4924327705e+04 1.5921038149e+04 0
1.4924327705e+04 1.6922063790e+04 0
1.4924327705e+04 1.7923089431e+04 0
1.4924327705e+04 1.8924115072e+04 0
1.4924327705e+04 1.9925140713e+04 0
1.4924327705e+04 2.0926166354e+04 0
1.4924327705e+04 2.1927191995e+04 0
1.4924327705e+04 2.2928217636e+04 0
1.4924327705e+04 2.3929243277e+04 0
1.4924327705e+04 2.4930268918e+04 0
1.5921200750e+04 -9.4121325829e+01 0
1.5921200750e+04 9.0690431520e+02 0
1.5921200750e+04 1.9079299562e+03 0
1.5921200750e+04 2.9089555972e+03 0
1.5921200750e+04 3.9099812383e+03 0
1.5921200750e+04 4.9110068793e+03 0
1.5921200750e+04 5.9120325203e+03 0
1.5921200750e+04 6.9130581614e+03 0
1.5921200750e+04 7.9140838024e+03 0
1.5921200750e+04 8.9151094434e+03 0
1.5921200750e+04 9.9161350844e+03 0
1.5921200750e+04 1.0917160725e+04 0
1.5921200750e+04 1.1918186366e+04 0
1.5921200750e+04 1.2919212008e+04 0
1.5921200750e+04 1.3920237649e+04 0
1.5921200750e+04 1.4921263290e+04 0
1.5921200750e+04 1.5922288931e+04 0
1.5921200750e+04 1.6923314572e+04 0
1.5921200750e+04 1.7924340213e+04 0
1.5921200750e+04 1.8925365854e+04 0
1.5921200750e+04 1.9926391495e+04 0
1.5921200750e+04 2.0927417136e+04 0
1.5921200750e+04 2.1928442777e+04 0
1.5921200750e+04 2.2929468418e+04 0
1.5921200750e+04 2.3930494059e+04 0
1.5921200750e+04 2.4931519700e+04 0
1.6918073796e+04 -9.2870544090e+01 0
1.6918073796e+04 9.0815509694e+02 0
1.6918073796e+04 1.9091807380e+03 0
1.6918073796e+04 2.9102063790e+03 0
1.6918073796e+04 3.9112320200e+03 0
1.6918073796e+04 4.9122576610e+03 0
1.6918073796e+04 5.9132833021e+03 0
1.6918073796e+04 6.9143089431e+03 0
1.6918073796e+04 7.9153345841e+03 0
1.6918073796e+04 8.9163602251e+03 0
1.6918073796e+04 9.9173858662e+03 0
1.6918073796e+04 1.0918411507e+04 0
1.6918073796e+04 1.1919437148e+04 0
1.6918073796e+04 1.2920462789e+04 0
1.6918073796e+04 1.3921488430e+04 0
1.6918073796e+04 1.4922514071e+04 0
1.6918073796e+04 1.5923539712e+04 0
1.6918073796e+04 1.6924565353e+04 0
1.6918073796e+04 1.7925590994e+04 0
1.6918073796e+04 1.8926616635e+04 0
1.6918073796e+04 1.9927642276e+04 0
1.6918073796e+04 2.0928667917e+04 0
1.6918073796e+04 2.1929693558e+04 0
1.6918073796e+04 2.2930719199e+04 0
1.6918073796e+04 2.3931744841e+04 0
1.6918073796e+04 2.4932770482e+04 0
1.7914946842e+04 -9.1619762351e+01 0
1.7914946842e+04 9.0940587867e+02 0
1.7914946842e+04 1.9104315197e+03 0
1.7914946842e+04 2.9114571607e+03 0
1.7914946842e+04 3.9124828018e+03 0
1.7914946842e+04 4.9135084428e+03 0
1.7914946842e+04 5.9145340838e+03 0
1.7914946842e+04 6.9155597248e+03 0
1.7914946842e+04 7.9165853659e+03 0
1.7914946842e+04 8.9176110069e+03 0
1.7914946842e+04 9.9186366479e+03 0
1.7914946842e+04 1.0919662289e+04 0
1.7914946842e+04 1.1920687930e+04 0
1.7914946842e+04 1.2921713571e+04 0
1.7914946842e+04 1.3922739212e+04 0
1.7914946842e+04 1.4923764853e+04 0
1.7914946842e+04 1.5924790494e+04 0
1.7914946842e+04 1.6925816135e+04 0
1.7914946842e+04 1.7926841776e+04 0
1.7914946842e+04 1.8927867417e+04 0
1.7914946842e+04 1.9928893058e+04 0
1.7914946842e+04 2.0929918699e+04 0
1.7914946842e+04 2.1930944340e+04 0
1.7914946842e+04 2.2931969981e+04 0
1.7914946842e+04 2.3932995622e+04 0
1.7914946842e+04 2.4934021263e+04 0
1.8911819887e+04 -9.0368980613e+01 0
1.8911819887e+04 9.1065666041e+02 0
1.8911819887e+04 1.9116823014e+03 0
1.8911819887e+04 2.9127079425e+03 0
1.8911819887e+04 3.9137335835e+03 0
1.8911819887e+04 4.9147592245e+03 0
1.8911819887e+04 5.9157848655e+03 0
1.8911819887e+04 6.9168105066e+03 0
1.8911819887e+04 7.9178361476e+03 0
1.8911819887e+04 8.9188617886e+03 0
1.8911819887e+04 9.9198874296e+03 0
1.8911819887e+04 1.0920913071e+04 0
1.8911819887e+04 1.1921938712e+04 0
1.8911819887e+04 1.2922964353e+04 0
1.8911819887e+04 1.3923989994e+04 0
1.8911819887e+04 1.4925015635e+04 0
1.8911819887e+04 1.5926041276e+04 0
1.8911819887e+04 1.6927066917e+04 0
1.8911819887e+04 1.7928092558e+04 0
1.8911819887e+04 1.8929118199e+04 0
1.8911819887e+04 1.9930143840e+04 0
1.8911819887e+04 2.0931169481e+04 0
1.8911819887e+04 2.1932195122e+04 0
1.8911819887e+04 2.2933220763e+04 0
1.8911819887e+04 2.3934246404e+04 0
1.8911819887e+04 2.4935272045e+04 0
1.9908692933e+04 -8.9118198874e+01 0
1.9908692933e+04 9.1190744215e+02 0
1.9908692933e+04 1.9129330832e+03 0
1.9908692933e+04 2.9139587242e+03 0
1.9908692933e+04 3.9149843652e+03 0
1.9908692933e+04 4.9160100063e+03 0
1.9908692933e+04 5.9170356473e+03 0
1.9908692933e+04 6.9180612883e+03 0
1.9908692933e+04 7.9190869293e+03 0
1.9908692933e+04 8.9201125704e+03 0
1.9908692933e+04 9.9211382114e+03 0
1.9908692933e+04 1.0922163852e+04 0
1.9908692933e+04 1.1923189493e+04 0
1.9908692933e+04 1.2924215134e+04 0
1.9908692933e+04 1.3925240775e+04 0
1.9908692933e+04 1.4926266417e+04 0
1.9908692933e+04 1.5927292058e+04 0
1.9908692933e+04 1.6928317699e+04 0
1.9908692933e+04 1.7929343340e+04 0
1.9908692933e+04 1.8930368981e+04 0
1.9908692933e+04 1.9931394622e+04 0
1.9908692933e+04 2.0932420263e+04 0
1.9908692933e+04 2.1933445904e+04 0
1.9908692933e+04 2.2934471545e+04 0
1.9908692933e+04 2.3935497186e+04 0
1.9908692933e+04 2.4936522827e+04 0
2.0905565979e+04 -8.7867417136e+01 0
2.0905565979e+04 9.1315822389e+02 0
2.0905565979e+04 1.9141838649e+03 0
2.0905565979e+04 2.9152095059e+03 0
2.0905565979e+04 3.9162351470e+03 0
2.0905565979e+04 4.9172607880e+03 0
2.0905565979e+04 5.9182864290e+03 0
2.0905565979e+04 6.9193120700e+03 0
2.0905565979e+04 7.9203377111e+03 0
2.0905565979e+04 8.9213633521e+03 0
2.0905565979e+04 9.9223889931e+03 0
2.0905565979e+04 1.0923414634e+04 0
2.0905565979e+04 1.1924440275e+04 0
2.0905565979e+04 1.2925465916e+04 0
2.0905565979e+04 1.3926491557e+04 0
2.0905565979e+04 1.4927517198e+04 0
2.0905565979e+04 1.5928542839e+04 0
2.0905565979e+04 1.6929568480e+04 0
2.0905565979e+04 1.7930594121e+04 0
2.0905565979e+04 1.8931619762e+04 0
2.0905565979e+04 1.9932645403e+04 0
2.0905565979e+04 2.0933671044e+04 0
2.0905565979e+04 2.1934696685e+04 0
2.0905565979e+04 2.2935722326e+04 0
2.0905565979e+04 2.3936747967e+04 0
2.0905565979e+04 2.4937773609e+04 0
2.1902439024e+04 -8.6616635397e+01 0
2.1902439024e+04 9.1440900563e+02 0
2.1902439024e+04 1.9154346467e+03 0
2.1902439024e+04 2.9164602877e+03 0
2.1902439024e+04 3.9174859287e+03 0
2.1902439024e+04 4.9185115697e+03 0
2.1902439024e+04 5.9195372108e+03 0
2.1902439024e+04 6.9205628518e+03 0
2.1902439024e+04 7.9215884928e+03 0
2.1902439024e+04 8.9226141338e+03 0
2.1902439024e+04 9.9236397749e+03 0
2.1902439024e+04 1.0924665416e+04 0
2.1902439024e+04 1.1925691057e+04 0
2.1902439024e+04 1.2926716698e+04 0
2.1902439024e+04 1.3927742339e+04 0
2.1902439024e+04 1.4928767980e+04 0
2.1902439024e+04 1.5929793621e+04 0
2.1902439024e+04 1.6930819262e+04 0
2.1902439024e+04 1.7931844903e+04 0
2.1902439024e+04 1.8932870544e+04 0
2.1902439024e+04 1.9933896185e+04 0
2.1902439024e+04 2.0934921826e+04 0
2.1902439024e+04 2.1935947467e+04 0
2.1902439024e+04 2.2936973108e+04 0
2.1902439024e+04 2.3937998749e+04 0
2.1902439024e+04 2.4939024390e+04 0
2.2899312070e+04 -8.5365853659e+01 0
2.2899312070e+04 9.1565978737e+02 0
2.2899312070e+04 1.9166854284e+03 0
2.2899312070e+04 2.9177110694e+03 0
2.2899312070e+04 3.9187367104e+03 0
2.2899312070e+04 4.9197623515e+03 0
2.2899312070e+04 5.9207879925e+03 0
2.2899312070e+04 6.9218136335e+03 0
2.2899312070e+04 7.9228392745e+03 0
2.2899312070e+04 8.9238649156e+03 0
2.2899312070e+04 9.9248905566e+03 0
2.2899312070e+04 1.0925916198e+04 0
2.2899312070e+04 1.1926941839e+04 0
2.2899312070e+04 1.2927967480e+04 0
2.2899312070e+04 1.3928993121e+04 0
2.2899312070e+04 1.4930018762e+04 0
2.2899312070e+04 1.5931044403e+04 0
2.2899312070e+04 1.6932070044e+04 0
2.2899312070e+04 1.7933095685e+04 0
2.2899312070e+04 1.8934121326e+04 0
2.2899312070e+04 1.9935146967e+04 0
2.2899312070e+04 2.0936172608e+04 0
2.2899312070e+04 2.1937198249e+04 0
2.2899312070e+04 2.2938223890e+04 0
2.2899312070e+04 2.3939249531e+04 0
2.2899312070e+04 2.4940275172e+04 0
2.3896185116e+04 -8.4115071920e+01 0
2.3896185116e+04 9.1691056911e+02 0
2.3896185116e+04 1.9179362101e+03 0
2.3896185116e+04 2.9189618512e+03 0
2.3896185116e+04 3.9199874922e+03 0
2.3896185116e+04 4.9210131332e+03 0
2.3896185116e+04 5.9220387742e+03 0
2.3896185116e+04 6.9230644153e+03 0
2.3896185116e+04 7.9240900563e+03 0
2.3896185116e+04 8.9251156973e+03 0
2.3896185116e+04 9.9261413383e+03 0
2.3896185116e+04 1.0927166979e+04 0
2.3896185116e+04 1.1928192620e+04 0
2.3896185116e+04 1.2929218261e+04 0
2.3896185116e+04 1.3930243902e+04 0
2.3896185116e+04 1.4931269543e+04 0
2.3896185116e+04 1.5932295184e+04 0
2.3896185116e+04 1.6933320826e+04 0
2.3896185116e+04 1.7934346467e+04 0
2.3896185116e+04 1.8935372108e+04 0
2.3896185116e+04 1.9936397749e+04 0
2.3896185116e+04 2.0937423390e+04 0
2.3896185116e+04 2.1938449031e+04 0
2.3896185116e+04 2.2939474672e+04 0
2.3896185116e+04 2.3940500313e+04 0
2.3896185116e+04 2.4941525954e+04 0
2.4893058161e+04 -8.2864290181e+01 0
2.4893058161e+04 9.1816135084e+02 0
2.4893058161e+04 1.9191869919e+03 0
2.4893058161e+04 2.9202126329e+03 0
2.4893058161e+04 3.9212382739e+03 0
2.4893058161e+04 4.9222639149e+03 0
2.4893058161e+04 5.9232895560e+03 0
2.4893058161e+04 6.9243151970e+03 0
2.4893058161e+04 7.9253408380e+03 0
2.4893058161e+04 8.9263664790e+03 0
2.4893058161e+04 9.9273921201e+03 0
2.4893058161e+04 1.0928417761e+04 0
2.4893058161e+04 1.1929443402e+04 0
2.4893058161e+04 1.2930469043e+04 0
2.4893058161e+04 1.3931494684e+04 0
2.4893058161e+04 1.4932520325e+04 0
2.4893058161e+04 1.5933545966e+04 0
2.4893058161e+04 1.6934571607e+04 0
2.4893058161e+04 1.7935597248e+04 0
2.4893058161e+04 1.8936622889e+04 0
2.4893058161e+04 1.9937648530e+04 0
2.4893058161e+04 2.0938674171e+04 0
2.4893058161e+04 2.1939699812e+04 0
2.4893058161e+04 2.2940725453e+04 0
2.4893058161e+04 2.3941751094e+04 0
2.4893058161e+04 2.4942776735e+04 0
2.5889931207e+04 -8.1613508443e+01 0
2.5889931207e+04 9.1941213258e+02 0
2.5889931207e+04 1.9204377736e+03 0
2.5889931207e+04 2.9214634146e+03 0
2.5889931207e+04 3.9224890557e+03 0
2.5889931207e+04 4.9235146967e+03 0
2.5889931207e+04 5.9245403377e+03 0
2.5889931207e+04 6.9255659787e+03 0
2.5889931207e+04 7.9265916198e+03 0
2.5889931207e+04 8.9276172608e+03 0
2.5889931207e+04 9.9286429018e+03 0
2.5889931207e+04 1.0929668543e+04 0
2.5889931207e+04 1.1930694184e+04 0
2.5889931207e+04 1.2931719825e+04 0
2.5889931207e+04 1.3932745466e+04 0
2.5889931207e+04 1.4933771107e+04 0
2.5889931207e+04 1.5934796748e+04 0
2.5889931207e+04 1.6935822389e+04 0
2.5889931207e+04 1.7936848030e+04 0
2.5889931207e+04 1.8937873671e+04 0
2.5889931207e+04 1.9938899312e+04 0
2.5889931207e+04 2.0939924953e+04 0
2.5889931207e+04 2.1940950594e+04 0
2.5889931207e+04 2.2941976235e+04 0
2.5889931207e+04 2.3943001876e+04 0
2.5889931207e+04 2.4944027517e+04 0
2.6886804253e+04 -8.0362726704e+01 0
2.6886804253e+04 9.2066291432e+02 0
2.6886804253e+04 1.9216885553e+03 0
2.6886804253e+04 2.9227141964e+03 0
2.6886804253e+04 3.9237398374e+03 0
2.6886804253e+04 4.9247654784e+03 0
2.6886804253e+04 5.9257911194e+03 0
2.6886804253e+04 6.9268167605e+03 0
2.6886804253e+04 7.9278424015e+03 0
2.6886804253e+04 8.9288680425e+03 0
2.6886804253e+04 9.9298936836e+03 0
2.6886804253e+04 1.0930919325e+04 0
2.6886804253e+04 1.1931944966e+04 0
2.6886804253e+04 1.2932970607e+04 0
2.6886804253e+04 1.3933996248e+04 0
2.6886804253e+04 1.4935021889e+04 0
2.6886804253e+04 1.5936047530e+04 0
2.6886804253e+04 1.6937073171e+04 0
2.6886804253e+04 1.7938098812e+04 0
2.6886804253e+04 1.8939124453e+04 0
2.6886804253e+04 1.9940150094e+04 0
2.6886804253e+04 2.0941175735e+04 0
2.6886804253e+04 2.1942201376e+04 0
2.6886804253e+04 2.2943227017e+04 0
2.6886804253e+04 2.3944252658e+04 0
2.6886804253e+04 2.4945278299e+04 0
2.7883677298e+04 -7.9111944966e+01 0
2.7883677298e+04 9.2191369606e+02 0
2.7883677298e+04 1.9229393371e+03 0
2.7883677298e+04 2.9239649781e+03 0
2.7883677298e+04 3.9249906191e+03 0
2.7883677298e+04 4.9260162602e+03 0
2.7883677298e+04 5.9270419012e+03 0
2.7883677298e+04 6.9280675422e+03 0
2.7883677298e+04 7.9290931832e+03 0
2.7883677298e+04 8.9301188243e+03 0
2.7883677298e+04 9.9311444653e+03 0
2.7883677298e+04 1.0932170106e+04 0
2.7883677298e+04 1.1933195747e+04 0
2.7883677298e+04 1.2934221388e+04 0
2.7883677298e+04 1.3935247029e+04 0
2.7883677298e+04 1.4936272670e+04 0
2.7883677298e+04 1.5937298311e+04 0
2.7883677298e+04 1.6938323952e+04 0
2.7883677298e+04 1.7939349593e+04 0
2.7883677298e+04 1.8940375235e+04 0
2.7883677298e+04 1.9941400876e+04 0
2.7883677298e+04 2.0942426517e+04 0
2.7883677298e+04 2.1943452158e+04 0
2.7883677298e+04 2.2944477799e+04 0
2.7883677298e+04 2.3945503440e+04 0
2.7883677298e+04 2.4946529081e+04 0
2.8880550344e+04 -7.7861163227e+01 0
2.8880550344e+04 9.2316447780e+02 0
2.8880550344e+04 1.9241901188e+03 0
2.8880550344e+04 2.9252157598e+03 0
2.8880550344e+04 3.9262414009e+03 0
2.8880550344e+04 4.9272670419e+03 0
2.8880550344e+04 5.9282926829e+03 0
2.8880550344e+04 6.9293183240e+03 0
2.8880550344e+04 7.9303439650e+03 0
2.8880550344e+04 8.9313696060e+03 0
2.8880550344e+04 9.9323952470e+03 0
2.8880550344e+04 1.0933420888e+04 0
2.8880550344e+04 1.1934446529e+04 0
2.8880550344e+04 1.2935472170e+04 0
2.8880550344e+04 1.3936497811e+04 0
2.8880550344e+04 1.4937523452e+04 0
2.8880550344e+04 1.5938549093e+04 0
2.8880550344e+04 1.6939574734e+04 0
2.8880550344e+04 1.7940600375e+04 0
2.8880550344e+04 1.8941626016e+04 0
2.8880550344e+04 1.9942651657e+04 0
2.8880550344e+04 2.0943677298e+04 0
2.8880550344e+04 2.1944702939e+04 0
2.8880550344e+04 2.2945728580e+04 0
2.8880550344e+04 2.3946754221e+04 0
2.8880550344e+04 2.4947779862e+04 0
2.9877423390e+04 -7.6610381488e+01 0
2.9877423390e+04 9.2441525954e+02 0
2.9877423390e+04 1.9254409006e+03 0
2.9877423390e+04 2.9264665416e+03 0
2.9877423390e+04 3.9274921826e+03 0
2.9877423390e+04 4.9285178236e+03 0
2.9877423390e+04 5.9295434647e+03 0
2.9877423390e+04 6.9305691057e+03 0
2.9877423390e+04 7.9315947467e+03 0
2.9877423390e+04 8.9326203877e+03 0
2.9877423390e+04 9.9336460288e+03 0
2.9877423390e+04 1.0934671670e+04 0
2.9877423390e+04 1.1935697311e+04 0
2.9877423390e+04 1.2936722952e+04 0
2.9877423390e+04 1.3937748593e+04 0
2.9877423390e+04 1.4938774234e+04 0
2.9877423390e+04 1.5939799875e+04 0
2.9877423390e+04 1.6940825516e+04 0
2.9877423390e+04 1.7941851157e+04 0
2.9877423390e+04 1.8942876798e+04 0
2.9877423390e+04 1.9943902439e+04 0
2.9877423390e+04 2.0944928080e+04 0
2.9877423390e+04 2.1945953721e+04 0
2.9877423390e+04 2.2946979362e+04 0
2.9877423390e+04 2.3948005003e+04 0
2.9877423390e+04 2.4949030644e+04 0
3.0874296435e+04 -7.5359599750e+01 0
3.0874296435e+04 9.2566604128e+02 0
3.0874296435e+04 1.9266916823e+03 0
3.0874296435e+04 2.9277173233e+03 0
3.0874296435e+04 3.9287429644e+03 0
3.0874296435e+04 4.9297686054e+03 0
3.0874296435e+04 5.9307942464e+03 0
3.0874296435e+04 6.9318198874e+03 0
3.0874296435e+04 7.9328455285e+03 0
3.0874296435e+04 8.9338711695e+03 0
3.0874296435e+04 9.9348968105e+03 0
3.0874296435e+04 1.0935922452e+04 0
3.0874296435e+04 1.1936948093e+04 0
3.0874296435e+04 1.2937973734e+04 0
3.0874296435e+04 1.3938999375e+04 0
3.0874296435e+04 1.4940025016e+04 0
3.0874296435e+04 1.5941050657e+04 0
3.0874296435e+04 1.6942076298e+04 0
3.0874296435e+04 1.7943101939e+04 0
3.0874296435e+04 1.8944127580e+04 0
3.0874296435e+04 1.9945153221e+04 0
3.0874296435e+04 2.0946178862e+04 0
3.0874296435e+04 2.1947204503e+04 0
3.0874296435e+04 2.2948230144e+04 0
3.0874296435e+04 2.3949255785e+04 0
3.0874296435e+04 2.4950281426e+04 0
3.1871169481e+04 -7.4108818011e+01 0
3.1871169481e+04 9.2691682301e+02 0
3.1871169481e+04 1.9279424640e+03 0
3.1871169481e+04 2.9289681051e+03 0
3.1871169481e+04 3.9299937461e+03 0
3.1871169481e+04 4.9310193871e+03 0
3.1871169481e+04 5.9320450281e+03 0
3.1871169481e+04 6.9330706692e+03 0
3.1871169481e+04 7.9340963102e+03 0
3.1871169481e+04 8.9351219512e+03 0
3.1871169481e+04 9.9361475922e+03 0
3.1871169481e+04 1.0937173233e+04 0
3.1871169481e+04 1.1938198874e+04 0
3.1871169481e+04 1.2939224515e+04 0
3.1871169481e+04 1.3940250156e+04 0
3.1871169481e+04 1.4941275797e+04 0
3.1871169481e+04 1.5942301438e+04 0
3.1871169481e+04 1.6943327079e+04 0
3.1871169481e+04 1.7944352720e+04 0
3.1871169481e+04 1.8945378361e+04 0
3.1871169481e+04 1.9946404003e+04 0
3.1871169481e+04 2.0947429644e+04 0
3.1871169481e+04 2.1948455285e+04 0
3.1871169481e+04 2.2949480926e+04 0
3.1871169481e+04 2.3950506567e+04 0
3.1871169481e+04 2.4951532208e+04 0
3.2868042527e+04 -7.2858036273e+01 0
3.2868042527e+04 9.2816760475e+02 0
3.2868042527e+04 1.9291932458e+03 0
3.2868042527e+04 2.9302188868e+03 0
3.2868042527e+04 3.9312445278e+03 0
3.2868042527e+04 4.9322701689e+03 0
3.2868042527e+04 5.9332958099e+03 0
3.2868042527e+04 6.9343214509e+03 0
3.2868042527e+04 7.9353470919e+03 0
3.2868042527e+04 8.9363727330e+03 0
3.2868042527e+04 9.9373983740e+03 0
3.2868042527e+04 1.0938424015e+04 0
3.2868042527e+04 1.1939449656e+04 0
3.2868042527e+04 1.2940475297e+04 0
3.2868042527e+04 1.3941500938e+04 0
3.2868042527e+04 1.4942526579e+04 0
3.2868042527e+04 1.5943552220e+04 0
3.2868042527e+04 1.6944577861e+04 0
3.2868042527e+04 1.7945603502e+04 0
3.2868042527e+04 1.8946629143e+04 0
3.2868042527e+04 1.9947654784e+04 0
3.2868042527e+04 2.0948680425e+04 0
3.2868042527e+04 2.1949706066e+04 0
3.2868042527e+04 2.2950731707e+04 0
3.2868042527e+04 2.3951757348e+04 0
3.2868042527e+04 2.4952782989e+04 0
3.3864915572e+04 -7.1607254534e+01 0
3.3864915572e+04 9.2941838649e+02 0
3.3864915572e+04 1.9304440275e+03 0
3.3864915572e+04 2.9314696685e+03 0
3.3864915572e+04 3.9324953096e+03 0
3.3864915572e+04 4.9335209506e+03 0
3.3864915572e+04 5.9345465916e+03 0
3.3864915572e+04 6.9355722326e+03 0
3.3864915572e+04 7.9365978737e+03 0
3.3864915572e+04 8.9376235147e+03 0
3.3864915572e+04 9.9386491557e+03 0
3.3864915572e+04 1.0939674797e+04 0
3.3864915572e+04 1.1940700438e+04 0
3.3864915572e+04 1.2941726079e+04 0
3.3864915572e+04 1.3942751720e+04 0
3.3864915572e+04 1.4943777361e+04 0
3.3864915572e+04 1.5944803002e+04 0
3.3864915572e+04 1.6945828643e+04 0
3.3864915572e+04 1.7946854284e+04 0
3.3864915572e+04 1.8947879925e+04 0
3.3864915572e+04 1.9948905566e+04 0
3.3864915572e+04 2.0949931207e+04 0
3.3864915572e+04 2.1950956848e+04 0
3.3864915572e+04 2.2951982489e+04 0
3.3864915572e+04 2.3953008130e+04 0
3.3864915572e+04 2.4954033771e+04 0
3.4861788618e+04 -7.0356472795e+01 0
3.4861788618e+04 9.3066916823e+02 0
3.4861788618e+04 1.9316948093e+03 0
3.4861788618e+04 2.9327204503e+03 0
3.4861788618e+04 3.9337460913e+03 0
3.4861788618e+04 4.9347717323e+03 0
3.4861788618e+04 5.9357973734e+03 0
3.4861788618e+04 6.9368230144e+03 0
3.4861788618e+04 7.9378486554e+03 0
3.4861788618e+04 8.9388742964e+03 0
3.4861788618e+04 9.9398999375e+03 0
3.4861788618e+04 1.0940925578e+04 0
3.4861788618e+04 1.1941951220e+04 0
3.4861788618e+04 1.2942976861e+04 0
3.4861788618e+04 1.3944002502e+04 0
3.4861788618e+04 1.4945028143e+04 0
3.4861788618e+04 1.5946053784e+04 0
3.4861788618e+04 1.6947079425e+04 0
3.4861788618e+04 1.7948105066e+04 0
3.4861788618e+04 1.8949130707e+04 0
3.4861788618e+04 1.9950156348e+04 0
3.4861788618e+04 2.0951181989e+04 0
3.4861788618e+04 2.1952207630e+04 0
3.4861788618e+04 2.2953233271e+04 0
3.4861788618e+04 2.3954258912e+04 0
3.4861788618e+04 2.4955284553e+04 0
3.5858661664e+04 -6.9105691057e+01 0
3.5858661664e+04 9.3191994997e+02 0
3.5858661664e+04 1.9329455910e+03 0
3.5858661664e+04 2.9339712320e+03 0
3.5858661664e+04 3.9349968730e+03 0
3.5858661664e+04 4.9360225141e+03 0
3.5858661664e+04 5.9370481551e+03 0
3.5858661664e+04 6.9380737961e+03 0
3.5858661664e+04 7.9390994371e+03 0
3.5858661664e+04 8.9401250782e+03 0
3.5858661664e+04 9.9411507192e+03 0
3.5858661664e+04 1.0942176360e+04 0
3.5858661664e+04 1.1943202001e+04 0
3.5858661664e+04 1.2944227642e+04 0
3.5858661664e+04 1.3945253283e+04 0
3.5858661664e+04 1.4946278924e+04 0
3.5858661664e+04 1.5947304565e+04 0
3.5858661664e+04 1.6948330206e+04 0
3.5858661664e+04 1.7949355847e+04 0
3.5858661664e+04 1.8950381488e+04 0
3.5858661664e+04 1.9951407129e+04 0
3.5858661664e+04 2.0952432770e+04 0
3.5858661664e+04 2.1953458412e+04 0
3.5858661664e+04 2.2954484053e+04 0
3.5858661664e+04 2.3955509694e+04 0
3.5858661664e+04 2.4956535335e+04 0
3.6855534709e+04 -6.7854909318e+01 0
3.6855534709e+04 9.3317073171e+02 0
3.6855534709e+04 1.9341963727e+03 0
3.6855534709e+04 2.9352220138e+03 0
3.6855534709e+04 3.9362476548e+03 0
3.6855534709e+04 4.9372732958e+03 0
3.6855534709e+04 5.9382989368e+03 0
3.6855534709e+04 6.9393245779e+03 0
3.6855534709e+04 7.9403502189e+03 0
3.6855534709e+04 8.9413758599e+03 0
3.6855534709e+04 9.9424015009e+03 0
3.6855534709e+04 1.0943427142e+04 0
3.6855534709e+04 1.1944452783e+04 0
3.6855534709e+04 1.2945478424e+04 0
3.6855534709e+04 1.3946504065e+04 0
3.6855534709e+04 1.4947529706e+04 0
3.6855534709e+04 1.5948555347e+04 0
3.6855534709e+04 1.6949580988e+04 0
3.6855534709e+04 1.7950606629e+04 0
3.6855534709e+04 1.8951632270e+04 0
3.6855534709e+04 1.9952657911e+04 0
3.6855534709e+04 2.0953683552e+04 0
3.6855534709e+04 2.1954709193e+04 0
3.6855534709e+04 2.2955734834e+04 0
3.6855534709e+04 2.3956760475e+04 0
3.6855534709e+04 2.4957786116e+04 0
3.7852407755e+04 -6.6604127580e+01 0
3.7852407755e+04 9.3442151345e+02 0
3.7852407755e+04 1.9354471545e+03 0
3.7852407755e+04 2.9364727955e+03 0
3.7852407755e+04 3.9374984365e+03 0
3.7852407755e+04 4.9385240775e+03 0
3.7852407755e+04 5.9395497186e+03 0
3.7852407755e+04 6.9405753596e+03 0
3.7852407755e+04 7.9416010006e+03 0
3.7852407755e+04 8.9426266417e+03 0
3.7852407755e+04 9.9436522827e+03 0
3.7852407755e+04 1.0944677924e+04 0
3.7852407755e+04 1.1945703565e+04 0
3.7852407755e+04 1.2946729206e+04 0
3.7852407755e+04 1.3947754847e+04 0
3.7852407755e+04 1.4948780488e+04 0
3.7852407755e+04 1.5949806129e+04 0
3.7852407755e+04 1.6950831770e+04 0
3.7852407755e+04 1.7951857411e+04 0
3.7852407755e+04 1.8952883052e+04 0
3.7852407755e+04 1.9953908693e+04 0
3.7852407755e+04 2.0954934334e+04 0
3.7852407755e+04 2.1955959975e+04 0
3.7852407755e+04 2.2956985616e+04 0
3.7852407755e+04 2.3958011257e+04 0
3.7852407755e+04 2.4959036898e+04 0
3.8849280801e+04 -6.5353345841e+01 0
3.8849280801e+04 9.3567229518e+02 0
3.8849280801e+04 1.9366979362e+03 0
3.8849280801e+04 2.9377235772e+03 0
3.8849280801e+04 3.9387492183e+03 0
3.8849280801e+04 4.9397748593e+03 0
3.8849280801e+04 5.9408005003e+03 0
3.8849280801e+04 6.9418261413e+03 0
3.8849280801e+04 7.9428517824e+03 0
3.8849280801e+04 8.9438774234e+03 0
3.8849280801e+04 9.9449030644e+03 0
3.8849280801e+04 1.0945928705e+04 0
3.8849280801e+04 1.1946954346e+04 0
3.8849280801e+04 1.2947979987e+04 0
3.8849280801e+04 1.3949005629e+04 0
3.8849280801e+04 1.4950031270e+04 0
3.8849280801e+04 1.5951056911e+04 0
3.8849280801e+04 1.6952082552e+04 0
3.8849280801e+04 1.7953108193e+04 0
3.8849280801e+04 1.8954133834e+04 0
3.8849280801e+04 1.9955159475e+04 0
3.8849280801e+04 2.0956185116e+04 0
3.8849280801e+04 2.1957210757e+04 0
3.8849280801e+04 2.2958236398e+04 0
3.8849280801e+04 2.3959262039e+04 0
3.8849280801e+04 2.4960287680e+04 0
3.9846153846e+04 -6.4102564103e+01 0
3.9846153846e+04 9.3692307692e+02 0
3.9846153846e+04 1.9379487179e+03 0
3.9846153846e+04 2.9389743590e+03 0
3.9846153846e+04 3.9400000000e+03 0
3.9846153846e+04 4.9410256410e+03 0
3.9846153846e+04 5.9420512821e+03 0
3.9846153846e+04 6.9430769231e+03 0
3.9846153846e+04 7.9441025641e+03 0
3.9846153846e+04 8.9451282051e+03 0
3.9846153846e+04 9.9461538462e+03 0
3.9846153846e+04 1.0947179487e+04 0
3.9846153846e+04 1.1948205128e+04 0
3.9846153846e+04 1.2949230769e+04 0
3.9846153846e+04 1.3950256410e+04 0
3.9846153846e+04 1.4951282051e+04 0
3.9846153846e+04 1.5952307692e+04 0
3.9846153846e+04 1.6953333333e+04 0
3.9846153846e+04 1.7954358974e+04 0
3.9846153846e+04 1.8955384615e+04 0
3.9846153846e+04 1.9956410256e+04 0
3.9846153846e+04 2.0957435897e+04 0
3.9846153846e+04 2.1958461538e+04 0
3.9846153846e+04 2.2959487179e+04 0
3.9846153846e+04 2.3960512821e+04 0
3.9846153846e+04 2.4961538462e+04 0
4.0843026892e+04 -6.2851782364e+01 0
4.0843026892e+04 9.3817385866e+02 0
4.0843026892e+04 1.9391994997e+03 0
4.0843026892e+04 2.9402251407e+03 0
4.0843026892e+04 3.9412507817e+03 0
4.0843026892e+04 4.9422764228e+03 0
4.0843026892e+04 5.9433020638e+03 0
4.0843026892e+04 6.9443277048e+03 0
4.0843026892e+04 7.9453533458e+03 0
4.0843026892e+04 8.9463789869e+03 0
4.0843026892e+04 9.9474046279e+03 0
4.0843026892e+04 1.0948430269e+04 0
4.0843026892e+04 1.1949455910e+04 0
4.0843026892e+04 1.2950481551e+04 0
4.0843026892e+04 1.3951507192e+04 0
4.0843026892e+04 1.4952532833e+04 0
4.0843026892e+04 1.5953558474e+04 0
4.0843026892e+04 1.6954584115e+04 0
4.0843026892e+04 1.7955609756e+04 0
4.0843026892e+04 1.8956635397e+04 0
4.0843026892e+04 1.9957661038e+04 0
4.0843026892e+04 2.0958686679e+04 0
4.0843026892e+04 2.1959712320e+04 0
4.0843026892e+04 2.2960737961e+04 0
4.0843026892e+04 2.3961763602e+04 0
4.0843026892e+04 2.4962789243e+04 0
4.1839899937e+04 -6.1601000625e+01 0
4.1839899937e+04 9.3942464040e+02 0
4.1839899937e+04 1.9404502814e+03 0
4.1839899937e+04 2.9414759225e+03 0
4.1839899937e+04 3.9425015635e+03 0
4.1839899937e+04 4.9435272045e+03 0
4.1839899937e+04 5.9445528455e+03 0
4.1839899937e+04 6.9455784866e+03 0
4.1839899937e+04 7.9466041276e+03 0
4.1839899937e+04 8.9476297686e+03 0
4.1839899937e+04 9.9486554096e+03 0
4.1839899937e+04 1.0949681051e+04 0
4.1839899937e+04 1.1950706692e+04 0
4.1839899937e+04 1.2951732333e+04 0
4.1839899937e+04 1.3952757974e+04 0
4.1839899937e+04 1.4953783615e+04 0
4.1839899937e+04 1.5954809256e+04 0
4.1839899937e+04 1.6955834897e+04 0
4.1839899937e+04 1.7956860538e+04 0
4.1839899937e+04 1.8957886179e+04 0
4.1839899937e+04 1.9958911820e+04 0
4.1839899937e+04 2.0959937461e+04 0
4.1839899937e+04 2.1960963102e+04 0
4.1839899937e+04 2.2961988743e+04 0
4.1839899937e+04 2.3963014384e+04 0
4.1839899937e+04 2.4964040025e+04 0
4.2836772983e+04 -6.0350218887e+01 0
4.2836772983e+04 9.4067542214e+02 0
4.2836772983e+04 1.9417010632e+03 0
4.2836772983e+04 2.9427267042e+03 0
4.2836772983e+04 3.9437523452e+03 0
4.2836772983e+04 4.9447779862e+03 0
4.2836772983e+04 5.9458036273e+03 0
4.2836772983e+04 6.9468292683e+03 0
4.2836772983e+04 7.9478549093e+03 0
4.2836772983e+04 8.9488805503e+03 0
4.2836772983e+04 9.9499061914e+03 0
4.2836772983e+04 1.0950931832e+04 0
4.2836772983e+04 1.1951957473e+04 0
4.2836772983e+04 1.2952983114e+04 0
4.2836772983e+04 1.3954008755e+04 0
4.2836772983e+04 1.4955034396e+04 0
4.2836772983e+04 1.5956060038e+04 0
4.2836772983e+04 1.6957085679e+04 0
4.2836772983e+04 1.7958111320e+04 0
4.2836772983e+04 1.8959136961e+04 0
4.2836772983e+04 1.9960162602e+04 0
4.2836772983e+04 2.0961188243e+04 0
4.2836772983e+04 2.1962213884e+04 0
4.2836772983e+04 2.2963239525e+04 0
4.2836772983e+04 2.3964265166e+04 0
4.2836772983e+04 2.4965290807e+04 0
4.3833646029e+04 -5.9099437148e+01 0
4.3833646029e+04 9.4192620388e+02 0
4.3833646029e+04 1.9429518449e+03 0
4.3833646029e+04 2.9439774859e+03 0
4.3833646029e+04 3.9450031270e+03 0
4.3833646029e+04 4.9460287680e+03 0
4.3833646029e+04 5.9470544090e+03 0
4.3833646029e+04 6.9480800500e+03 0
4.3833646029e+04 7.9491056911e+03 0
4.3833646029e+04 8.9501313321e+03 0
4.3833646029e+04 9.9511569731e+03 0
4.3833646029e+04 1.0952182614e+04 0
4.3833646029e+04 1.1953208255e+04 0
4.3833646029e+04 1.2954233896e+04 0
4.3833646029e+04 1.3955259537e+04 0
4.3833646029e+04 1.4956285178e+04 0
4.3833646029e+04 1.5957310819e+04 0
4.3833646029e+04 1.6958336460e+04 0
4.3833646029e+04 1.7959362101e+04 0
4.3833646029e+04 1.8960387742e+04 0
4.3833646029e+04 1.9961413383e+04 0
4.3833646029e+04 2.0962439024e+04 0
4.3833646029e+04 2.1963464665e+04 0
4.3833646029e+04 2.2964490306e+04 0
4.3833646029e+04 2.3965515947e+04 0
4.3833646029e+04 2.4966541588e+04 0
4.4830519074e+04 -5.7848655410e+01 0
4.4830519074e+04 9.4317698562e+02 0
4.4830519074e+04 1.9442026266e+03 0
4.4830519074e+04 2.9452282677e+03 0
4.4830519074e+04 3.9462539087e+03 0
4.4830519074e+04 4.9472795497e+03 0
4.4830519074e+04 5.9483051907e+03 0
4.4830519074e+04 6.9493308318e+03 0
4.4830519074e+04 7.9503564728e+03 0
4.4830519074e+04 8.9513821138e+03 0
4.4830519074e+04 9.9524077548e+03 0
4.4830519074e+04 1.0953433396e+04 0
4.4830519074e+04 1.1954459037e+04 0
4.4830519074e+04 1.2955484678e+04 0
4.4830519074e+04 1.3956510319e+04 0
4.4830519074e+04 1.4957535960e+04 0
4.4830519074e+04 1.5958561601e+04 0
4.4830519074e+04 1.6959587242e+04 0
4.4830519074e+04 1.7960612883e+04 0
4.4830519074e+04 1.8961638524e+04 0
4.4830519074e+04 1.9962664165e+04 0
4.4830519074e+04 2.0963689806e+04 0
4.4830519074e+04 2.1964715447e+04 0
4.4830519074e+04 2.2965741088e+04 0
4.4830519074e+04 2.3966766729e+04 0
4.4830519074e+04 2.4967792370e+04 0
4.5827392120e+04 -5.6597873671e+01 0
4.5827392120e+04 9.4442776735e+02 0
4.5827392120e+04 1.9454534084e+03 0
4.5827392120e+04 2.9464790494e+03 0
4.5827392120e+04 3.9475046904e+03 0
4.5827392120e+04 4.9485303315e+03 0
4.5827392120e+04 5.9495559725e+03 0
4.5827392120e+04 6.9505816135e+03 0
4.5827392120e+04 7.9516072545e+03 0
4.5827392120e+04 8.9526328956e+03 0
4.5827392120e+04 9.9536585366e+03 0
4.5827392120e+04 1.0954684178e+04 0
4.5827392120e+04 1.1955709819e+04 0
4.5827392120e+04 1.2956735460e+04 0
4.5827392120e+04 1.3957761101e+04 0
4.5827392120e+04 1.4958786742e+04 0
4.5827392120e+04 1.5959812383e+04 0
4.5827392120e+04 1.6960838024e+04 0
4.5827392120e+04 1.7961863665e+04 0
4.5827392120e+04 1.8962889306e+04 0
4.5827392120e+04 1.9963914947e+04 0
4.5827392120e+04 2.0964940588e+04 0
4.5827392120e+04 2.1965966229e+04 0
4.5827392120e+04 2.2966991870e+04 0
4.5827392120e+04 2.3968017511e+04 0
4.5827392120e+04 2.4969043152e+04 0
4.6824265166e+04 -5.5347091932e+01 0
4.6824265166e+04 9.4567854909e+02 0
4.6824265166e+04 1.9467041901e+03 0
4.6824265166e+04 2.9477298311e+03 0
4.6824265166e+04 3.9487554722e+03 0
4.6824265166e+04 4.9497811132e+03 0
4.6824265166e+04 5.9508067542e+03 0
4.6824265166e+04 6.9518323952e+03 0
4.6824265166e+04 7.9528580363e+03 0
4.6824265166e+04 8.9538836773e+03 0
4.6824265166e+04 9.9549093183e+03 0
4.6824265166e+04 1.0955934959e+04 0
4.6824265166e+04 1.1956960600e+04 0
4.6824265166e+04 1.2957986241e+04 0
4.6824265166e+04 1.3959011882e+04 0
4.6824265166e+04 1.4960037523e+04 0
4.6824265166e+04 1.5961063164e+04 0
4.6824265166e+04 1.6962088806e+04 0
4.6824265166e+04 1.7963114447e+04 0
4.6824265166e+04 1.8964140088e+04 0
4.6824265166e+04 1.9965165729e+04 0
4.6824265166e+04 2.0966191370e+04 0
4.6824265166e+04 2.1967217011e+04 0
4.6824265166e+04 2.2968242652e+04 0
4.6824265166e+04 2.3969268293e+04 0
4.6824265166e+04 2.4970293934e+04 0
4.7821138211e+04 -5.4096310194e+01 0
4.7821138211e+04 9.4692933083e+02 0
4.7821138211e+04 1.9479549719e+03 0
4.7821138211e+04 2.9489806129e+03 0
4.7821138211e+04 3.9500062539e+03 0
4.7821138211e+04 4.9510318949e+03 0
4.7821138211e+04 5.9520575360e+03 0
4.7821138211e+04 6.9530831770e+03 0
4.7821138211e+04 7.9541088180e+03 0
4.7821138211e+04 8.9551344590e+03 0
4.7821138211e+04 9.9561601001e+03 0
4.7821138211e+04 1.0957185741e+04 0
4.7821138211e+04 1.1958211382e+04 0
4.7821138211e+04 1.2959237023e+04 0
4.7821138211e+04 1.3960262664e+04 0
4.7821138211e+04 1.4961288305e+04 0
4.7821138211e+04 1.5962313946e+04 0
4.7821138211e+04 1.6963339587e+04 0
4.7821138211e+04 1.7964365228e+04 0
4.7821138211e+04 1.8965390869e+04 0
4.7821138211e+04 1.9966416510e+04 0
4.7821138211e+04 2.0967442151e+04 0
4.7821138211e+04 2.1968467792e+04 0
4.7821138211e+04 2.2969493433e+04 0
4.7821138211e+04 2.3970519074e+04 0
4.7821138211e+04 2.4971544715e+04 0
4.8818011257e+04 -5.2845528455e+01 0
4.8818011257e+04 9.4818011257e+02 0
4.8818011257e+04 1.9492057536e+03 0
4.8818011257e+04 2.9502313946e+03 0
4.8818011257e+04 3.9512570356e+03 0
4.8818011257e+04 4.9522826767e+03 0
4.8818011257e+04 5.9533083177e+03 0
4.8818011257e+04 6.9543339587e+03 0
4.8818011257e+04 7.9553595997e+03 0
4.8818011257e+04 8.9563852408e+03 0
4.8818011257e+04 9.9574108818e+03 0
4.8818011257e+04 1.0958436523e+04 0
4.8818011257e+04 1.1959462164e+04 0
4.8818011257e+04 1.2960487805e+04 0
4.8818011257e+04 1.3961513446e+04 0
4.8818011257e+04 1.4962539087e+04 0
4.8818011257e+04 1.5963564728e+04 0
4.8818011257e+04 1.6964590369e+04 0
4.8818011257e+04 1.7965616010e+04 0
4.8818011257e+04 1.8966641651e+04 0
4.8818011257e+04 1.9967667292e+04 0
4.8818011257e+04 2.0968692933e+04 0
4.8818011257e+04 2.1969718574e+04 0
4.8818011257e+04 2.2970744215e+04 0
4.8818011257e+04 2.3971769856e+04 0
4.8818011257e+04 2.4972795497e+04 0
4.9814884303e+04 -5.1594746717e+01 0
4.9814884303e+04 9.4943089431e+02 0
4.9814884303e+04 1.9504565353e+03 0
4.9814884303e+04 2.9514821764e+03 0
4.9814884303e+04 3.9525078174e+03 0
4.9814884303e+04 4.9535334584e+03 0
4.9814884303e+04 5.9545590994e+03 0
4.9814884303e+04 6.9555847405e+03 0
4.9814884303e+04 7.9566103815e+03 0
4.9814884303e+04 8.9576360225e+03 0
4.9814884303e+04 9.9586616635e+03 0
4.9814884303e+04 1.0959687305e+04 0
4.9814884303e+04 1.1960712946e+04 0
4.9814884303e+04 1.2961738587e+04 0
4.9814884303e+04 1.3962764228e+04 0
4.9814884303e+04 1.4963789869e+04 0
4.9814884303e+04 1.5964815510e+04 0
4.9814884303e+04 1.6965841151e+04 0
4.9814884303e+04 1.7966866792e+04 0
4.9814884303e+04 1.8967892433e+04 0
4.9814884303e+04 1.9968918074e+04 0
4.9814884303e+04 2.0969943715e+04 0
4.9814884303e+04 2.1970969356e+04 0
4.9814884303e+04 2.2971994997e+04 0
4.9814884303e+04 2.3973020638e+04 0
4.9814884303e+04 2.4974046279e+04 0
5.0811757348e+04 -5.0343964978e+01 0
5.0811757348e+04 9.5068167605e+02 0
5.0811757348e+04 1.9517073171e+03 0
5.0811757348e+04 2.9527329581e+03 0
5.0811757348e+04 3.9537585991e+03 0
5.0811757348e+04 4.9547842402e+03 0
5.0811757348e+04 5.9558098812e+03 0
5.0811757348e+04 6.9568355222e+03 0
5.0811757348e+04 7.9578611632e+03 0
5.0811757348e+04 8.9588868043e+03 0
5.0811757348e+04 9.9599124453e+03 0
5.0811757348e+04 1.0960938086e+04 0
5.0811757348e+04 1.1961963727e+04 0
5.0811757348e+04 1.2962989368e+04 0
5.0811757348e+04 1.3964015009e+04 0
5.0811757348e+04 1.4965040650e+04 0
5.0811757348e+04 1.5966066291e+04 0
5.0811757348e+04 1.6967091932e+04 0
5.0811757348e+04 1.7968117573e+04 0
5.0811757348e+04 1.8969143215e+04 0
5.0811757348e+04 1.9970168856e+04 0
5.0811757348e+04 2.0971194497e+04 0
5.0811757348e+04 2.1972220138e+04 0
5.0811757348e+04 2.2973245779e+04 0
5.0811757348e+04 2.3974271420e+04 0
5.0811757348e+04 2.4975297061e+04 0
5.1808630394e+04 -4.9093183240e+01 0
5.1808630394e+04 9.5193245779e+02 0
5.1808630394e+04 1.9529580988e+03 0
5.1808630394e+04 2.9539837398e+03 0
5.1808630394e+04 3.9550093809e+03 0
5.1808630394e+04 4.9560350219e+03 0
5.1808630394e+04 5.9570606629e+03 0
5.1808630394e+04 6.9580863039e+03 0
5.1808630394e+04 7.9591119450e+03 0
5.1808630394e+04 8.9601375860e+03 0
5.1808630394e+04 9.9611632270e+03 0
5.1808630394e+04 1.0962188868e+04 0
5.1808630394e+04 1.1963214509e+04 0
5.1808630394e+04 1.2964240150e+04 0
5.1808630394e+04 1.3965265791e+04 0
5.1808630394e+04 1.4966291432e+04 0
5.1808630394e+04 1.5967317073e+04 0
5.1808630394e+04 1.6968342714e+04 0
5.1808630394e+04 1.7969368355e+04 0
5.1808630394e+04 1.8970393996e+04 0
5.1808630394e+04 1.9971419637e+04 0
5.1808630394e+04 2.0972445278e+04 0
5.1808630394e+04 2.1973470919e+04 0
5.1808630394e+04 2.2974496560e+04 0
5.1808630394e+04 2.3975522201e+04 0
5.1808630394e+04 2.4976547842e+04 0
5.2805503440e+04 -4.7842401501e+01 0
5.2805503440e+04 9.5318323952e+02 0
5.2805503440e+04 1.9542088806e+03 0
5.2805503440e+04 2.9552345216e+03 0
5.2805503440e+04 3.9562601626e+03 0
5.2805503440e+04 4.9572858036e+03 0
5.2805503440e+04 5.9583114447e+03 0
5.2805503440e+04 6.9593370857e+03 0
5.2805503440e+04 7.9603627267e+03 0
5.2805503440e+04 8.9613883677e+03 0
5.2805503440e+04 9.9624140088e+03 0
5.2805503440e+04 1.0963439650e+04 0
5.2805503440e+04 1.1964465291e+04 0
5.2805503440e+04 1.2965490932e+04 0
5.2805503440e+04 1.3966516573e+04 0
5.2805503440e+04 1.4967542214e+04 0
5.2805503440e+04 1.5968567855e+04 0
5.2805503440e+04 1.6969593496e+04 0
5.2805503440e+04 1.7970619137e+04 0
5.2805503440e+04 1.8971644778e+04 0
5.2805503440e+04 1.9972670419e+04 0
5.2805503440e+04 2.0973696060e+04 0
5.2805503440e+04 2.1974721701e+04 0
5.2805503440e+04 2.2975747342e+04 0
5.2805503440e+04 2.3976772983e+04 0
5.2805503440e+04 2.4977798624e+04 0
5.3802376485e+04 -4.6591619762e+01 0
5.3802376485e+04 9.5443402126e+02 0
5.3802376485e+04 1.9554596623e+03 0
5.3802376485e+04 2.9564853033e+03 0
5.3802376485e+04 3.9575109443e+03 0
5.3802376485e+04 4.9585365854e+03 0
5.3802376485e+04 5.9595622264e+03 0
5.3802376485e+04 6.9605878674e+03 0
5.3802376485e+04 7.9616135084e+03 0
5.3802376485e+04 8.9626391495e+03 0
5.3802376485e+04 9.9636647905e+03 0
5.3802376485e+04 1.0964690432e+04 0
5.3802376485e+04 1.1965716073e+04 0
5.3802376485e+04 1.2966741714e+04 0
5.3802376485e+04 1.3967767355e+04 0
5.3802376485e+04 1.4968792996e+04 0
5.3802376485e+04 1.5969818637e+04 0
5.3802376485e+04 1.6970844278e+04 0
5.3802376485e+04 1.7971869919e+04 0
5.3802376485e+04 1.8972895560e+04 0
5.3802376485e+04 1.9973921201e+04 0
5.3802376485e+04 2.0974946842e+04 0
5.3802376485e+04 2.1975972483e+04 0
5.3802376485e+04 2.2976998124e+04 0
5.3802376485e+04 2.3978023765e+04 0
5.3802376485e+04 2.4979049406e+04 0
5.4799249531e+04 -4.5340838024e+01 0
5.4799249531e+04 9.5568480300e+02 0
5.4799249531e+04 1.9567104440e+03 0
5.4799249531e+04 2.9577360851e+03 0
5.4799249531e+04 3.9587617261e+03 0
5.4799249531e+04 4.9597873671e+03 0
5.4799249531e+04 5.9608130081e+03 0
5.4799249531e+04 6.9618386492e+03 0
5.4799249531e+04 7.9628642902e+03 0
5.4799249531e+04 8.9638899312e+03 0
5.4799249531e+04 9.9649155722e+03 0
5.4799249531e+04 1.0965941213e+04 0
5.4799249531e+04 1.1966966854e+04 0
5.4799249531e+04 1.2967992495e+04 0
5.4799249531e+04 1.3969018136e+04 0
5.4799249531e+04 1.4970043777e+04 0
5.4799249531e+04 1.5971069418e+04 0
5.4799249531e+04 1.6972095059e+04 0
5.4799249531e+04 1.7973120700e+04 0
5.4799249531e+04 1.8974146341e+04 0
5.4799249531e+04 1.9975171982e+04 0
5.4799249531e+04 2.0976197624e+04 0
5.4799249531e+04 2.1977223265e+04 0
5.4799249531e+04 2.2978248906e+04 0
5.4799249531e+04 2.3979274547e+04 0
5.4799249531e+04 2.4980300188e+04 0
5.5796122577e+04 -4.4090056285e+01 0
5.5796122577e+04 9.5693558474e+02 0
5.5796122577e+04 1.9579612258e+03 0
5.5796122577e+04 2.9589868668e+03 0
5.5796122577e+04 3.9600125078e+03 0
5.5796122577e+04 4.9610381488e+03 0
5.5796122577e+04 5.9620637899e+03 0
5.5796122577e+04 6.9630894309e+03 0
5.5796122577e+04 7.9641150719e+03 0
5.5796122577e+04 8.9651407129e+03 0
5.5796122577e+04 9.9661663540e+03 0
5.5796122577e+04 1.0967191995e+04 0
5.5796122577e+04 1.1968217636e+04 0
5.5796122577e+04 1.2969243277e+04 0
5.5796122577e+04 1.3970268918e+04 0
5.5796122577e+04 1.4971294559e+04 0
5.5796122577e+04 1.5972320200e+04 0
5.5796122577e+04 1.6973345841e+04 0
5.5796122577e+04 1.7974371482e+04 0
5.5796122577e+04 1.8975397123e+04 0
5.5796122577e+04 1.9976422764e+04 0
5.5796122577e+04 2.0977448405e+04 0
5.5796122577e+04 2.1978474046e+04 0
5.5796122577e+04 2.2979499687e+04 0
5.5796122577e+04 2.3980525328e+04 0
5.5796122577e+04 2.4981550969e+04 0
5.6792995622e+04 -4.2839274547e+01 0
5.6792995622e+04 9.5818636648e+02 0
5.6792995622e+04 1.9592120075e+03 0
5.6792995622e+04 2.9602376485e+03 0
5.6792995622e+04 3.9612632896e+03 0
5.6792995622e+04 4.9622889306e+03 0
5.6792995622e+04 5.9633145716e+03 0
5.6792995622e+04 6.9643402126e+03 0
5.6792995622e+04 7.9653658537e+03 0
5.6792995622e+04 8.9663914947e+03 0
5.6792995622e+04 9.9674171357e+03 0
5.6792995622e+04 1.0968442777e+04 0
5.6792995622e+04 1.1969468418e+04 0
5.6792995622e+04 1.2970494059e+04 0
5.6792995622e+04 1.3971519700e+04 0
5.6792995622e+04 1.4972545341e+04 0
5.6792995622e+04 1.5973570982e+04 0
5.6792995622e+04 1.6974596623e+04 0
5.6792995622e+04 1.7975622264e+04 0
5.6792995622e+04 1.8976647905e+04 0
5.6792995622e+04 1.9977673546e+04 0
5.6792995622e+04 2.0978699187e+04 0
5.6792995622e+04 2.1979724828e+04 0
5.6792995622e+04 2.2980750469e+04 0
5.6792995622e+04 2.3981776110e+04 0
5.6792995622e+04 2.4982801751e+04 0
5.7789868668e+04 -4.1588492808e+01 0
5.7789868668e+04 9.5943714822e+02 0
5.7789868668e+04 1.9604627892e+03 0
5.7789868668e+04 2.9614884303e+03 0
5.7789868668e+04 3.9625140713e+03 0
5.7789868668e+04 4.9635397123e+03 0
5.7789868668e+04 5.9645653533e+03 0
5.7789868668e+04 6.9655909944e+03 0
5.7789868668e+04 7.9666166354e+03 0
5.7789868668e+04 8.9676422764e+03 0
5.7789868668e+04 9.9686679174e+03 0
5.7789868668e+04 1.0969693558e+04 0
5.7789868668e+04 1.1970719199e+04 0
5.7789868668e+04 1.2971744841e+04 0
5.7789868668e+04 1.3972770482e+04 0
5.7789868668e+04 1.4973796123e+04 0
5.7789868668e+04 1.5974821764e+04 0
5.7789868668e+04 1.6975847405e+04 0
5.7789868668e+04 1.7976873046e+04 0
5.7789868668e+04 1.8977898687e+04 0
5.7789868668e+04 1.9978924328e+04 0
5.7789868668e+04 2.0979949969e+04 0
5.7789868668e+04 2.1980975610e+04 0
5.7789868668e+04 2.2982001251e+04 0
5.7789868668e+04 2.3983026892e+04 0
5.7789868668e+04 2.4984052533e+04 0
5.8786741714e+04 -4.0337711069e+01 0
5.8786741714e+04 9.6068792996e+02 0
5.8786741714e+04 1.9617135710e+03 0
5.8786741714e+04 2.9627392120e+03 0
5.8786741714e+04 3.9637648530e+03 0
5.8786741714e+04 4.9647904941e+03 0
5.8786741714e+04 5.9658161351e+03 0
5.8786741714e+04 6.9668417761e+03 0
5.8786741714e+04 7.9678674171e+03 0
5.8786741714e+04 8.9688930582e+03 0
5.8786741714e+04 9.9699186992e+03 0
5.8786741714e+04 1.0970944340e+04 0
5.8786741714e+04 1.1971969981e+04 0
5.8786741714e+04 1.2972995622e+04 0
5.8786741714e+04 1.3974021263e+04 0
5.8786741714e+04 1.4975046904e+04 0
5.8786741714e+04 1.5976072545e+04 0
5.8786741714e+04 1.6977098186e+04 0
5.8786741714e+04 1.7978123827e+04 0
5.8786741714e+04 1.8979149468e+04 0
5.8786741714e+04 1.9980175109e+04 0
5.8786741714e+04 2.0981200750e+04 0
5.8786741714e+04 2.1982226391e+04 0
5.8786741714e+04 2.2983252033e+04 0
5.8786741714e+04 2.3984277674e+04 0
5.8786741714e+04 2.4985303315e+04 0
5.9783614759e+04 -3.9086929331e+01 0
5.9783614759e+04 9.6193871169e+02 0
5.9783614759e+04 1.9629643527e+03 0
5.9783614759e+04 2.9639899937e+03 0
5.9783614759e+04 3.9650156348e+03 0
5.9783614759e+04 4.9660412758e+03 0
5.9783614759e+04 5.9670669168e+03 0
5.9783614759e+04 6.9680925578e+03 0
5.9783614759e+04 7.9691181989e+03 0
5.9783614759e+04 8.9701438399e+03 0
5.9783614759e+04 9.9711694809e+03 0
5.9783614759e+04 1.0972195122e+04 0
5.9783614759e+04 1.1973220763e+04 0
5.9783614759e+04 1.2974246404e+04 0
5.9783614759e+04 1.3975272045e+04 0
5.9783614759e+04 1.4976297686e+04 0
5.9783614759e+04 1.5977323327e+04 0
5.9783614759e+04 1.6978348968e+04 0
5.9783614759e+04 1.7979374609e+04 0
5.9783614759e+04 1.8980400250e+04 0
5.9783614759e+04 1.9981425891e+04 0
5.9783614759e+04 2.0982451532e+04 0
5.9783614759e+04 2.1983477173e+04 0
5.9783614759e+04 2.2984502814e+04 0
5.9783614759e+04 2.3985528455e+04 0
5.9783614759e+04 2.4986554096e+04 0
6.0780487805e+04 -3.7836147592e+01 0
6.0780487805e+04 9.6318949343e+02 0
6.0780487805e+04 1.9642151345e+03 0
6.0780487805e+04 2.9652407755e+03 0
6.0780487805e+04 3.9662664165e+03 0
6.0780487805e+04 4.9672920575e+03 0
6.0780487805e+04 5.9683176986e+03 0
6.0780487805e+04 6.9693433396e+03 0
6.0780487805e+04 7.9703689806e+03 0
6.0780487805e+04 8.9713946216e+03 0
6.0780487805e+04 9.9724202627e+03 0
6.0780487805e+04 1.0973445904e+04 0
6.0780487805e+04 1.1974471545e+04 0
6.0780487805e+04 1.2975497186e+04 0
6.0780487805e+04 1.3976522827e+04 0
6.0780487805e+04 1.4977548468e+04 0
6.0780487805e+04 1.5978574109e+04 0
6.0780487805e+04 1.6979599750e+04 0
6.0780487805e+04 1.7980625391e+04 0
6.0780487805e+04 1.8981651032e+04 0
6.0780487805e+04 1.9982676673e+04 0
6.0780487805e+04 2.0983702314e+04 0
6.0780487805e+04 2.1984727955e+04 0
6.0780487805e+04 2.2985753596e+04 0
6.0780487805e+04 2.3986779237e+04 0
6.0780487805e+04 2.4987804878e+04 0
6.1777360851e+04 -3.6585365854e+01 0
6.1777360851e+04 9.6444027517e+02 0
6.1777360851e+04 1.9654659162e+03 0
6.1777360851e+04 2.9664915572e+03 0
6.1777360851e+04 3.9675171982e+03 0
6.1777360851e+04 4.9685428393e+03 0
6.1777360851e+04 5.9695684803e+03 0
6.1777360851e+04 6.9705941213e+03 0
6.1777360851e+04 7.9716197624e+03 0
6.1777360851e+04 8.9726454034e+03 0
6.1777360851e+04 9.9736710444e+03 0
6.1777360851e+04 1.0974696685e+04 0
6.1777360851e+04 1.1975722326e+04 0
6.1777360851e+04 1.2976747967e+04 0
6.1777360851e+04 1.3977773609e+04 0
6.1777360851e+04 1.4978799250e+04 0
6.1777360851e+04 1.5979824891e+04 0
6.1777360851e+04 1.6980850532e+04 0
6.1777360851e+04 1.7981876173e+04 0
6.1777360851e+04 1.8982901814e+04 0
6.1777360851e+04 1.9983927455e+04 0
6.1777360851e+04 2.0984953096e+04 0
6.1777360851e+04 2.1985978737e+04 0
6.1777360851e+04 2.2987004378e+04 0
6.1777360851e+04 2.3988030019e+04 0
6.1777360851e+04 2.4989055660e+04 0
6.2774233896e+04 -3.5334584115e+01 0
6.2774233896e+04 9.6569105691e+02 0
6.2774233896e+04 1.9667166979e+03 0
6.2774233896e+04 2.9677423390e+03 0
6.2774233896e+04 3.9687679800e+03 0
6.2774233896e+04 4.9697936210e+03 0
6.2774233896e+04 5.9708192620e+03 0
6.2774233896e+04 6.9718449031e+03 0
6.2774233896e+04 7.9728705441e+03 0
6.2774233896e+04 8.9738961851e+03 0
6.2774233896e+04 9.9749218261e+03 0
6.2774233896e+04 1.0975947467e+04 0
6.2774233896e+04 1.1976973108e+04 0
6.2774233896e+04 1.2977998749e+04 0
6.2774233896e+04 1.3979024390e+04 0
6.2774233896e+04 1.4980050031e+04 0
6.2774233896e+04 1.5981075672e+04 0
6.2774233896e+04 1.6982101313e+04 0
6.2774233896e+04 1.7983126954e+04 0
6.2774233896e+04 1.8984152595e+04 0
6.2774233896e+04 1.9985178236e+04 0
6.2774233896e+04 2.0986203877e+04 0
6.2774233896e+04 2.1987229518e+04 0
6.2774233896e+04 2.2988255159e+04 0
6.2774233896e+04 2.3989280801e+04 0
6.2774233896e+04 2.4990306442e+04 0
6.3771106942e+04 -3.4083802376e+01 0
6.3771106942e+04 9.6694183865e+02 0
6.3771106942e+04 1.9679674797e+03 0
6.3771106942e+04 2.9689931207e+03 0
6.3771106942e+04 3.9700187617e+03 0
6.3771106942e+04 4.9710444028e+03 0
6.3771106942e+04 5.9720700438e+03 0
6.3771106942e+04 6.9730956848e+03 0
6.3771106942e+04 7.9741213258e+03 0
6.3771106942e+04 8.9751469669e+03 0
6.3771106942e+04 9.9761726079e+03 0
6.3771106942e+04 1.0977198249e+04 0
6.3771106942e+04 1.1978223890e+04 0
6.3771106942e+04 1.2979249531e+04 0
6.3771106942e+04 1.3980275172e+04 0
6.3771106942e+04 1.4981300813e+04 0
6.3771106942e+04 1.5982326454e+04 0
6.3771106942e+04 1.6983352095e+04 0
6.3771106942e+04 1.7984377736e+04 0
6.3771106942e+04 1.8985403377e+04 0
6.3771106942e+04 1.9986429018e+04 0
6.3771106942e+04 2.0987454659e+04 0
6.3771106942e+04 2.1988480300e+04 0
6.3771106942e+04 2.2989505941e+04 0
6.3771106942e+04 2.3990531582e+04 0
6.3771106942e+04 2.4991557223e+04 0
6.4767979987e+04 -3.2833020638e+01 0
6.4767979987e+04 9.6819262039e+02 0
6.4767979987e+04 1.9692182614e+03 0
6.4767979987e+04 2.9702439024e+03 0
6.4767979987e+04 3.9712695435e+03 0
6.4767979987e+04 4.9722951845e+03 0
6.4767979987e+04 5.9733208255e+03 0
6.4767979987e+04 6.9743464665e+03 0
6.4767979987e+04 7.9753721076e+03 0
6.4767979987e+04 8.9763977486e+03 0
6.4767979987e+04 9.9774233896e+03 0
6.4767979987e+04 1.0978449031e+04 0
6.4767979987e+04 1.1979474672e+04 0
6.4767979987e+04 1.2980500313e+04 0
6.4767979987e+04 1.3981525954e+04 0
6.4767979987e+04 1.4982551595e+04 0
6.4767979987e+04 1.5983577236e+04 0
6.4767979987e+04 1.6984602877e+04 0
6.4767979987e+04 1.7985628518e+04 0
6.4767979987e+04 1.8986654159e+04 0
6.4767979987e+04 1.9987679800e+04 0
6.4767979987e+04 2.0988705441e+04 0
6.4767979987e+04 2.1989731082e+04 0
6.4767979987e+04 2.2990756723e+04 0
6.4767979987e+04 2.3991782364e+04 0
6.4767979987e+04 2.4992808005e+04 0
6.5764853033e+04 -3.1582238899e+01 0
6.5764853033e+04 9.6944340213e+02 0
6.5764853033e+04 1.9704690432e+03 0
6.5764853033e+04 2.9714946842e+03 0
6.5764853033e+04 3.9725203252e+03 0
6.5764853033e+04 4.9735459662e+03 0
6.5764853033e+04 5.9745716073e+03 0
6.5764853033e+04 6.9755972483e+03 0
6.5764853033e+04 7.9766228893e+03 0
6.5764853033e+04 8.9776485303e+03 0
6.5764853033e+04 9.9786741714e+03 0
6.5764853033e+04 1.0979699812e+04 0
6.5764853033e+04 1.1980725453e+04 0
6.5764853033e+04 1.2981751094e+04 0
6.5764853033e+04 1.3982776735e+04 0
6.5764853033e+04 1.4983802376e+04 0
6.5764853033e+04 1.5984828018e+04 0
6.5764853033e+04 1.6985853659e+04 0
6.5764853033e+04 1.7986879300e+04 0
6.5764853033e+04 1.8987904941e+04 0
6.5764853033e+04 1.9988930582e+04 0
6.5764853033e+04 2.0989956223e+04 0
6.5764853033e+04 2.1990981864e+04 0
6.5764853033e+04 2.2992007505e+04 0
6.5764853033e+04 2.3993033146e+04 0
6.5764853033e+04 2.4994058787e+04 0
6.6761726079e+04 -3.0331457161e+01 0
6.6761726079e+04 9.7069418386e+02 0
6.6761726079e+04 1.9717198249e+03 0
6.6761726079e+04 2.9727454659e+03 0
6.6761726079e+04 3.9737711069e+03 0
6.6761726079e+04 4.9747967480e+03 0
6.6761726079e+04 5.9758223890e+03 0
6.6761726079e+04 6.9768480300e+03 0
6.6761726079e+04 7.9778736710e+03 0
6.6761726079e+04 8.9788993121e+03 0
6.6761726079e+04 9.9799249531e+03 0
6.6761726079e+04 1.0980950594e+04 0
6.6761726079e+04 1.1981976235e+04 0
6.6761726079e+04 1.2983001876e+04 0
6.6761726079e+04 1.3984027517e+04 0
6.6761726079e+04 1.4985053158e+04 0
6.6761726079e+04 1.5986078799e+04 0
6.6761726079e+04 1.6987104440e+04 0
6.6761726079e+04 1.7988130081e+04 0
6.6761726079e+04 1.8989155722e+04 0
6.6761726079e+04 1.9990181363e+04 0
6.6761726079e+04 2.0991207004e+04 0
6.6761726079e+04 2.1992232645e+04 0
6.6761726079e+04 2.2993258286e+04 0
6.6761726079e+04 2.3994283927e+04 0
6.6761726079e+04 2.4995309568e+04 0
6.7758599124e+04 -2.9080675422e+01 0
6.7758599124e+04 9.7194496560e+02 0
6.7758599124e+04 1.9729706066e+03 0
6.7758599124e+04 2.9739962477e+03 0
6.7758599124e+04 3.9750218887e+03 0
6.7758599124e+04 4.9760475297e+03 0
6.7758599124e+04 5.9770731707e+03 0
6.7758599124e+04 6.9780988118e+03 0
6.7758599124e+04 7.9791244528e+03 0
6.7758599124e+04 8.9801500938e+03 0
6.7758599124e+04 9.9811757348e+03 0
6.7758599124e+04 1.0982201376e+04 0
6.7758599124e+04 1.1983227017e+04 0
6.7758599124e+04 1.2984252658e+04 0
6.7758599124e+04 1.3985278299e+04 0
6.7758599124e+04 1.4986303940e+04 0
6.7758599124e+04 1.5987329581e+04 0
6.7758599124e+04 1.6988355222e+04 0
6.7758599124e+04 1.7989380863e+04 0
6.7758599124e+04 1.8990406504e+04 0
6.7758599124e+04 1.9991432145e+04 0
6.7758599124e+04 2.0992457786e+04 0
6.7758599124e+04 2.1993483427e+04 0
6.7758599124e+04 2.2994509068e+04 0
6.7758599124e+04 2.3995534709e+04 0
6.7758599124e+04 2.4996560350e+04 0
6.8755472170e+04 -2.7829893684e+01 0
6.8755472170e+04 9.7319574734e+02 0
6.8755472170e+04 1.9742213884e+03 0
6.8755472170e+04 2.9752470294e+03 0
6.8755472170e+04 3.9762726704e+03 0
6.8755472170e+04 4.9772983114e+03 0
6.8755472170e+04 5.9783239525e+03 0
6.8755472170e+04 6.9793495935e+03 0
6.8755472170e+04 7.9803752345e+03 0
6.8755472170e+04 8.9814008755e+03 0
6.8755472170e+04 9.9824265166e+03 0
6.8755472170e+04 1.0983452158e+04 0
6.8755472170e+04 1.1984477799e+04 0
6.8755472170e+04 1.2985503440e+04 0
6.8755472170e+04 1.3986529081e+04 0
6.8755472170e+04 1.4987554722e+04 0
6.8755472170e+04 1.5988580363e+04 0
6.8755472170e+04 1.6989606004e+04 0
6.8755472170e+04 1.7990631645e+04 0
6.8755472170e+04 1.8991657286e+04 0
6.8755472170e+04 1.9992682927e+04 0
6.8755472170e+04 2.0993708568e+04 0
6.8755472170e+04 2.1994734209e+04 0
6.8755472170e+04 2.2995759850e+04 0
6.8755472170e+04 2.3996785491e+04 0
6.8755472170e+04 2.4997811132e+04 0
6.9752345216e+04 -2.6579111945e+01 0
6.9752345216e+04 9.7444652908e+02 0
6.9752345216e+04 1.9754721701e+03 0
6.9752345216e+04 2.9764978111e+03 0
6.9752345216e+04 3.9775234522e+03 0
6.9752345216e+04 4.9785490932e+03 0
6.9752345216e+04 5.9795747342e+03 0
6.9752345216e+04 6.9806003752e+03 0
6.9752345216e+04 7.9816260163e+03 0
6.9752345216e+04 8.9826516573e+03 0
6.9752345216e+04 9.9836772983e+03 0
6.9752345216e+04 1.0984702939e+04 0
6.9752345216e+04 1.1985728580e+04 0
6.9752345216e+04 1.2986754221e+04 0
6.9752345216e+04 1.3987779862e+04 0
6.9752345216e+04 1.4988805503e+04 0
6.9752345216e+04 1.5989831144e+04 0
6.9752345216e+04 1.6990856785e+04 0
6.9752345216e+04 1.7991882427e+04 0
6.9752345216e+04 1.8992908068e+04 0
6.9752345216e+04 1.9993933709e+04 0
6.9752345216e+04 2.0994959350e+04 0
6.9752345216e+04 2.1995984991e+04 0
6.9752345216e+04 2.2997010632e+04 0
6.9752345216e+04 2.3998036273e+04 0
6.9752345216e+04 2.4999061914e+04 0
7.0749218261e+04 -2.5328330206e+01 0
7.0749218261e+04 9.7569731082e+02 0
7.0749218261e+04 1.9767229518e+03 0
7.0749218261e+04 2.9777485929e+03 0
7.0749218261e+04 3.9787742339e+03 0
7.0749218261e+04 4.9797998749e+03 0
7.0749218261e+04 5.9808255159e+03 0
7.0749218261e+04 6.9818511570e+03 0
7.0749218261e+04 7.9828767980e+03 0
7.0749218261e+04 8.9839024390e+03 0
7.0749218261e+04 9.9849280801e+03 0
7.0749218261e+04 1.0985953721e+04 0
7.0749218261e+04 1.1986979362e+04 0
7.0749218261e+04 1.2988005003e+04 0
7.0749218261e+04 1.3989030644e+04 0
7.0749218261e+04 1.4990056285e+04 0
7.0749218261e+04 1.5991081926e+04 0
7.0749218261e+04 1.6992107567e+04 0
7.0749218261e+04 1.7993133208e+04 0
7.0749218261e+04 1.8994158849e+04 0
7.0749218261e+04 1.9995184490e+04 0
7.0749218261e+04 2.0996210131e+04 0
7.0749218261e+04 2.1997235772e+04 0
7.0749218261e+04 2.2998261413e+04 0
7.0749218261e+04 2.3999287054e+04 0
7.0749218261e+04 2.5000312695e+04 0
7.1746091307e+04 -2.4077548468e+01 0
7.1746091307e+04 9.7694809256e+02 0
7.1746091307e+04 1.9779737336e+03 0
7.1746091307e+04 2.9789993746e+03 0
7.1746091307e+04 3.9800250156e+03 0
7.1746091307e+04 4.9810506567e+03 0
7.1746091307e+04 5.9820762977e+03 0
7.1746091307e+04 6.9831019387e+03 0
7.1746091307e+04 7.9841275797e+03 0
7.1746091307e+04 8.9851532208e+03 0
7.1746091307e+04 9.9861788618e+03 0
7.1746091307e+04 1.0987204503e+04 0
7.1746091307e+04 1.1988230144e+04 0
7.1746091307e+04 1.2989255785e+04 0
7.1746091307e+04 1.3990281426e+04 0
7.1746091307e+04 1.4991307067e+04 0
7.1746091307e+04 1.5992332708e+04 0
7.1746091307e+04 1.6993358349e+04 0
7.1746091307e+04 1.7994383990e+04 0
7.1746091307e+04 1.8995409631e+04 0
7.1746091307e+04 1.9996435272e+04 0
7.1746091307e+04 2.0997460913e+04 0
7.1746091307e+04 2.1998486554e+04 0
7.1746091307e+04 2.2999512195e+04 0
7.1746091307e+04 2.4000537836e+04 0
7.1746091307e+04 2.5001563477e+04 0
7.2742964353e+04 -2.2826766729e+01 0
7.2742964353e+04 9.7819887430e+02 0
7.2742964353e+04 1.9792245153e+03 0
7.2742964353e+04 2.9802501563e+03 0
7.2742964353e+04 3.9812757974e+03 0
7.2742964353e+04 4.9823014384e+03 0
7.2742964353e+04 5.9833270794e+03 0
7.2742964353e+04 6.9843527205e+03 0
7.2742964353e+04 7.9853783615e+03 0
7.2742964353e+04 8.9864040025e+03 0
7.2742964353e+04 9.9874296435e+03 0
7.2742964353e+04 1.0988455285e+04 0
7.2742964353e+04 1.1989480926e+04 0
7.2742964353e+04 1.2990506567e+04 0
7.2742964353e+04 1.3991532208e+04 0
7.2742964353e+04 1.4992557849e+04 0
7.2742964353e+04 1.5993583490e+04 0
7.2742964353e+04 1.6994609131e+04 0
7.2742964353e+04 1.7995634772e+04 0
7.2742964353e+04 1.8996660413e+04 0
7.2742964353e+04 1.9997686054e+04 0
7.2742964353e+04 2.0998711695e+04 0
7.2742964353e+04 2.1999737336e+04 0
7.2742964353e+04 2.3000762977e+04 0
7.2742964353e+04 2.4001788618e+04 0
7.2742964353e+04 2.5002814259e+04 0
7.3739837398e+04 -2.1575984991e+01 0
7.3739837398e+04 9.7944965604e+02 0
7.3739837398e+04 1.9804752971e+03 0
7.3739837398e+04 2.9815009381e+03 0
7.3739837398e+04 3.9825265791e+03 0
7.3739837398e+04 4.9835522201e+03 0
7.3739837398e+04 5.9845778612e+03 0
7.3739837398e+04 6.9856035022e+03 0
7.3739837398e+04 7.9866291432e+03 0
7.3739837398e+04 8.9876547842e+03 0
7.3739837398e+04 9.9886804253e+03 0
7.3739837398e+04 1.0989706066e+04 0
7.3739837398e+04 1.1990731707e+04 0
7.3739837398e+04 1.2991757348e+04 0
7.3739837398e+04 1.3992782989e+04 0
7.3739837398e+04 1.4993808630e+04 0
7.3739837398e+04 1.5994834271e+04 0
7.3739837398e+04 1.6995859912e+04 0
7.3739837398e+04 1.7996885553e+04 0
7.3739837398e+04 1.8997911194e+04 0
7.3739837398e+04 1.9998936836e+04 0
7.3739837398e+04 2.0999962477e+04 0
7.3739837398e+04 2.2000988118e+04 0
7.3739837398e+04 2.3002013759e+04 0
7.3739837398e+04 2.4003039400e+04 0
7.3739837398e+04 2.5004065041e+04 0
7.4736710444e+04 -2.0325203252e+01 0
7.4736710444e+04 9.8070043777e+02 0
7.4736710444e+04 1.9817260788e+03 0
7.4736710444e+04 2.9827517198e+03 0
7.4736710444e+04 3.9837773609e+03 0
7.4736710444e+04 4.9848030019e+03 0
7.4736710444e+04 5.9858286429e+03 0
7.4736710444e+04 6.9868542839e+03 0
7.4736710444e+04 7.9878799250e+03 0
7.4736710444e+04 8.9889055660e+03 0
7.4736710444e+04 9.9899312070e+03 0
7.4736710444e+04 1.0990956848e+04 0
7.4736710444e+04 1.1991982489e+04 0
7.4736710444e+04 1.2993008130e+04 0
7.4736710444e+04 1.3994033771e+04 0
7.4736710444e+04 1.4995059412e+04 0
7.4736710444e+04 1.5996085053e+04 0
7.4736710444e+04 1.6997110694e+04 0
7.4736710444e+04 1.7998136335e+04 0
7.4736710444e+04 1.8999161976e+04 0
7.4736710444e+04 2.0000187617e+04 0
7.4736710444e+04 2.1001213258e+04 0
7.4736710444e+04 2.2002238899e+04 0
7.4736710444e+04 2.3003264540e+04 0
7.4736710444e+04 2.4004290181e+04 0
7.4736710444e+04 2.5005315822e+04 0
7.5733583490e+04 -1.9074421513e+01 0
7.5733583490e+04 9.8195121951e+02 0
7.5733583490e+04 1.9829768605e+03 0
7.5733583490e+04 2.9840025016e+03 0
7.5733583490e+04 3.9850281426e+03 0
7.5733583490e+04 4.9860537836e+03 0
7.5733583490e+04 5.9870794246e+03 0
7.5733583490e+04 6.9881050657e+03 0
7.5733583490e+04 7.9891307067e+03 0
7.5733583490e+04 8.9901563477e+03 0
7.5733583490e+04 9.9911819887e+03 0
7.5733583490e+04 1.0992207630e+04 0
7.5733583490e+04 1.1993233271e+04 0
7.5733583490e+04 1.2994258912e+04 0
7.5733583490e+04 1.3995284553e+04 0
7.5733583490e+04 1.4996310194e+04 0
7.5733583490e+04 1.5997335835e+04 0
7.5733583490e+04 1.6998361476e+04 0
7.5733583490e+04 1.7999387117e+04 0
7.5733583490e+04 1.9000412758e+04 0
7.5733583490e+04 2.0001438399e+04 0
7.5733583490e+04 2.1002464040e+04 0
7.5733583490e+04 2.2003489681e+04 0
7.5733583490e+04 2.3004515322e+04 0
7.5733583490e+04 2.4005540963e+04 0
7.5733583490e+04 2.5006566604e+04 0
7.6730456535e+04 -1.7823639775e+01 0
7.6730456535e+04 9.8320200125e+02 0
7.6730456535e+04 1.9842276423e+03 0
7.6730456535e+04 2.9852532833e+03 0
7.6730456535e+04 3.9862789243e+03 0
7.6730456535e+04 4.9873045654e+03 0
7.6730456535e+04 5.9883302064e+03 0
7.6730456535e+04 6.9893558474e+03 0
7.6730456535e+04 7.9903814884e+03 0
7.6730456535e+04 8.9914071295e+03 0
7.6730456535e+04 9.9924327705e+03 0
7.6730456535e+04 1.0993458412e+04 0
7.6730456535e+04 1.1994484053e+04 0
7.6730456535e+04 1.2995509694e+04 0
7.6730456535e+04 1.3996535335e+04 0
7.6730456535e+04 1.4997560976e+04 0
7.6730456535e+04 1.5998586617e+04 0
7.6730456535e+04 1.6999612258e+04 0
7.6730456535e+04 1.8000637899e+04 0
7.6730456535e+04 1.9001663540e+04 0
7.6730456535e+04 2.0002689181e+04 0
7.6730456535e+04 2.1003714822e+04 0
7.6730456535e+04 2.2004740463e+04 0
7.6730456535e+04 2.3005766104e+04 0
7.6730456535e+04 2.4006791745e+04 0
7.6730456535e+04 2.5007817386e+04 0
7.7727329581e+04 -1.6572858036e+01 0
7.7727329581e+04 9.8445278299e+02 0
7.7727329581e+04 1.9854784240e+03 0
7.7727329581e+04 2.9865040650e+03 0
7.7727329581e+04 3.9875297061e+03 0
7.7727329581e+04 4.9885553471e+03 0
7.7727329581e+04 5.9895809881e+03 0
7.7727329581e+04 6.9906066291e+03 0
7.7727329581e+04 7.9916322702e+03 0
7.7727329581e+04 8.9926579112e+03 0
7.7727329581e+04 9.9936835522e+03 0
7.7727329581e+04 1.0994709193e+04 0
7.7727329581e+04 1.1995734834e+04 0
7.7727329581e+04 1.2996760475e+04 0
7.7727329581e+04 1.3997786116e+04 0
7.7727329581e+04 1.4998811757e+04 0
7.7727329581e+04 1.5999837398e+04 0
7.7727329581e+04 1.7000863039e+04 0
7.7727329581e+04 1.8001888680e+04 0
7.7727329581e+04 1.9002914321e+04 0
7.7727329581e+04 2.0003939962e+04 0
7.7727329581e+04 2.1004965604e+04 0
7.7727329581e+04 2.2005991245e+04 0
7.7727329581e+04 2.3007016886e+04 0
7.7727329581e+04 2.4008042527e+04 0
7.7727329581e+04 2.5009068168e+04 0
7.8724202627e+04 -1.5322076298e+01 0
7.8724202627e+04 9.8570356473e+02 0
7.8724202627e+04 1.9867292058e+03 0
7.8724202627e+04 2.9877548468e+03 0
7.8724202627e+04 3.9887804878e+03 0
7.8724202627e+04 4.9898061288e+03 0
7.8724202627e+04 5.9908317699e+03 0
7.8724202627e+04 6.9918574109e+03 0
7.8724202627e+04 7.9928830519e+03 0
7.8724202627e+04 8.9939086929e+03 0
7.8724202627e+04 9.9949343340e+03 0
7.8724202627e+04 1.0995959975e+04 0
7.8724202627e+04 1.1996985616e+04 0
7.8724202627e+04 1.2998011257e+04 0
7.8724202627e+04 1.3999036898e+04 0
7.8724202627e+04 1.5000062539e+04 0
7.8724202627e+04 1.6001088180e+04 0
7.8724202627e+04 1.7002113821e+04 0
7.8724202627e+04 1.8003139462e+04 0
7.8724202627e+04 1.9004165103e+04 0
7.8724202627e+04 2.0005190744e+04 0
7.8724202627e+04 2.1006216385e+04 0
7.8724202627e+04 2.2007242026e+04 0
7.8724202627e+04 2.3008267667e+04 0
7.8724202627e+04 2.4009293308e+04 0
7.8724202627e+04 2.5010318949e+04 0
7.9721075672e+04 -1.4071294559e+01 0
7.9721075672e+04 9.8695434647e+02 0
7.9721075672e+04 1.9879799875e+03 0
7.9721075672e+04 2.9890056285e+03 0
7.9721075672e+04 3.9900312695e+03 0
7.9721075672e+04 4.9910569106e+03 0
7.9721075672e+04 5.9920825516e+03 0
7.9721075672e+04 6.9931081926e+03 0
7.9721075672e+04 7.9941338336e+03 0
7.9721075672e+04 8.9951594747e+03 0
7.9721075672e+04 9.9961851157e+03 0
7.9721075672e+04 1.0997210757e+04 0
7.9721075672e+04 1.1998236398e+04 0
7.9721075672e+04 1.2999262039e+04 0
7.9721075672e+04 1.4000287680e+04 0
7.9721075672e+04 1.5001313321e+04 0
7.9721075672e+04 1.6002338962e+04 0
7.9721075672e+04 1.7003364603e+04 0
7.9721075672e+04 1.8004390244e+04 0
7.9721075672e+04 1.9005415885e+04 0
7.9721075672e+04 2.0006441526e+04 0
7.9721075672e+04 2.1007467167e+04 0
7.9721075672e+04 2.2008492808e+04 0
7.9721075672e+04 2.3009518449e+04 0
7.9721075672e+04 2.4010544090e+04 0
7.9721075672e+04 2.5011569731e+04 0
8.0717948718e+04 -1.2820512821e+01 0
8.0717948718e+04 9.8820512821e+02 0
8.0717948718e+04 1.9892307692e+03 0
8.0717948718e+04 2.9902564103e+03 0
8.0717948718e+04 3.9912820513e+03 0
8.0717948718e+04 4.9923076923e+03 0
8.0717948718e+04 5.9933333333e+03 0
8.0717948718e+04 6.9943589744e+03 0
8.0717948718e+04 7.9953846154e+03 0
8.0717948718e+04 8.9964102564e+03 0
8.0717948718e+04 9.9974358974e+03 0
8.0717948718e+04 1.0998461538e+04 0
8.0717948718e+04 1.1999487179e+04 0
8.0717948718e+04 1.3000512821e+04 0
8.0717948718e+04 1.4001538462e+04 0
8.0717948718e+04 1.5002564103e+04 0
8.0717948718e+04 1.6003589744e+04 0
8.0717948718e+04 1.7004615385e+04 0
8.0717948718e+04 1.8005641026e+04 0
8.0717948718e+04 1.9006666667e+04 0
8.0717948718e+04 2.0007692308e+04 0
8.0717948718e+04 2.1008717949e+04 0
8.0717948718e+04 2.2009743590e+04 0
8.0717948718e+04 2.3010769231e+04 0
8.0717948718e+04 2.4011794872e+04 0
8.0717948718e+04 2.5012820513e+04 0
