297977.30209 3230447.64773 0
298920.92847 3230116.63531 0
299876.98336 3229823.44765 0
300843.95125 3229568.54950 0
301820.29932 3229352.34494 0
302804.47988 3229175.17667 0
303794.93290 3229037.32599 0
304790.08837 3228939.01233 0
305788.36861 3228880.39018 0
306788.19115 3228861.55247 0
307787.97110 3228882.52907 0
308786.12362 3228943.28673 0
309781.06648 3229043.72913 0
310771.22250 3229183.69704 0
311755.02211 3229362.96861 0
312730.90568 3229581.26028 0
313697.32606 3229838.22650 0
314652.75156 3230133.45880 0
315595.66763 3230466.48919 0
316524.57961 3230836.78975 0
317438.01499 3231243.77349 0
318334.52582 3231686.79527 0
319212.69096 3232165.15282 0
320071.11838 3232678.08786 0
320908.44683 3233224.78800 0
321723.34890 3233804.38667 0
322514.53331 3234415.96430 0
323280.74591 3235058.55143 0
324020.77211 3235731.12945 0
324733.43883 3236432.63219 0
325417.61638 3237161.94766 0
326072.22020 3237917.91975 0
326696.21264 3238699.35012 0
327288.60370 3239505.00068 0
327848.45454 3240333.59408 0
328374.87829 3241183.81641 0
328867.04048 3242054.31991 0
329324.16094 3242943.72468 0
329745.51506 3243850.62085 0
330130.43490 3244773.57084 0
330478.31031 3245711.11160 0
330788.58984 3246661.75695 0
331060.78044 3247624.00031 0
331294.45129 3248596.31606 0
331482.97414 3249542.13505 0
331644.81107 3250564.95456 0
331764.40410 3251594.13680 0
331844.54981 3252686.24315 0
331511.00610 3253649.64776 0
330419.78016 3253649.69160 0
329465.41094 3253649.72994 0
328511.00610 3253649.76828 0
319511.00611 3253650.12986 0
308590.44436 3253650.56859 0
320779.09746 3258634.76914 0
321645.94454 3288106.16308 0
320755.79645 3288926.08349 0
318755.81552 3288917.34995 0
314755.85366 3288899.88287 0
306755.92993 3288864.94870 0
299755.99667 3288834.38131 0
295756.03481 3288816.91422 0
293748.72151 3288808.14866 0
292748.73104 3288803.78189 0
291800.13129 3288516.36142 0
291613.05136 3259556.71065 0
292058.74795 3258639.28266 0
293101.10563 3258649.81152 0
294116.27009 3258660.06571 0
295072.71234 3258669.72674 0
299119.57902 3258710.60418 0
304596.90773 3254024.63372 0
282723.33036 3253781.72911 0
281758.93880 3253444.97559 0
281688.29965 3252501.65703 0
281766.94120 3251504.75408 0
281885.20357 3250511.77171 0
282042.89930 3249524.28398 0
282239.77841 3248543.85623 0
282475.52882 3247572.04261 0
282749.77681 3246610.38363 0
283062.08766 3245660.40368 0
283411.96629 3244723.60865 0
283798.85960 3243801.48416 0
284222.15290 3242895.49146 0
284681.17503 3242007.06665 0
285175.19838 3241137.61803 0
285703.43982 3240288.52384 0
286265.06200 3239461.13005 0
286859.17464 3238656.74822 0
287484.83598 3237876.65344 0
288141.05425 3237122.08233 0
288826.79048 3236394.23219 0
289540.95632 3235694.25566 0
290282.41969 3235023.26233 0
291050.00523 3234382.31585 0
291842.49619 3233772.43222 0
292658.63632 3233194.57822 0
293497.13190 3232649.66985 0
294356.65376 3232138.57089 0
295235.83952 3231662.09174 0
296133.29608 3231220.98889 0
297047.60005 3230815.96021 0
330936.38827 3252928.24631 0
330956.87280 3252016.99090 0
330866.88156 3251071.32339 0
329931.21823 3252598.05546 0
328920.49358 3252788.66201 0
327511.00610 3253649.80846 0
327942.32473 3252823.93608 0
326511.00611 3253649.84863 0
326952.61553 3252796.30554 0
325511.00611 3253649.88881 0
325990.25462 3252815.15576 0
324511.00611 3253649.92898 0
325016.50649 3252805.60498 0
323511.00611 3253649.96916 0
324025.72569 3252793.82351 0
322511.00611 3253650.00933 0
323019.18726 3252780.46595 0
321511.00611 3253650.04951 0
322013.28033 3252782.67488 0
320511.00611 3253650.08968 0
321011.54824 3252783.71133 0
320011.11553 3252784.00111 0
318511.00611 3253650.17003 0
319011.00737 3252784.10373 0
317511.00611 3253650.21021 0
318010.98033 3252784.15951 0
316511.00611 3253650.25038 0
317010.97357 3252784.20359 0
315511.00611 3253650.29055 0
316010.97189 3252784.24474 0
314511.00612 3253650.33073 0
315010.97146 3252784.28516 0
313511.00612 3253650.37090 0
314010.97136 3252784.32539 0
312511.00612 3253650.41108 0
313010.97133 3252784.36558 0
311511.00612 3253650.45125 0
312010.97133 3252784.40576 0
310511.00612 3253650.49143 0
311010.97133 3252784.44594 0
309511.00612 3253650.53160 0
310010.97133 3252784.48611 0
330772.35535 3250089.02936 0
330602.99367 3249179.00754 0
330389.70211 3248230.35399 0
330138.44602 3247310.40158 0
329852.41301 3246412.03491 0
329512.02530 3245521.60215 0
329156.16234 3244626.09170 0
328772.22749 3243737.68242 0
328346.73117 3242861.87370 0
327887.43378 3242009.33467 0
327394.79431 3241177.75172 0
326868.35154 3240366.24531 0
326310.77037 3239576.78764 0
325722.67101 3238810.61963 0
325103.10892 3238067.53834 0
324455.88594 3237350.67899 0
323779.74759 3236659.07988 0
323076.61452 3235995.02885 0
322347.93358 3235359.57571 0
321594.76149 3234754.30852 0
320816.86198 3234178.50226 0
320018.31464 3233635.39051 0
319198.15368 3233123.69428 0
318358.50554 3232645.45347 0
317499.38133 3232200.24553 0
316622.83337 3231789.61560 0
315732.75786 3231414.83929 0
314827.67497 3231075.64266 0
313910.01426 3230772.84006 0
312980.30567 3230506.96249 0
312041.67642 3230277.92634 0
311093.09827 3230086.19671 0
310137.61503 3229932.91109 0
309182.75910 3229816.49643 0
308213.16821 3229740.24349 0
307251.10006 3229701.43215 0
306283.79197 3229701.44095 0
305316.92159 3229739.75479 0
304352.61089 3229816.53822 0
303390.66430 3229931.65235 0
302439.63046 3230084.15189 0
301492.65674 3230275.14467 0
300551.06010 3230504.45473 0
299622.33984 3230769.99502 0
298704.81386 3231072.34182 0
297797.94376 3231411.70580 0
296906.91748 3231786.46682 0
296032.33615 3232195.67790 0
295174.26992 3232639.65270 0
294332.80850 3233118.68894 0
293512.94437 3233629.51720 0
292712.90424 3234173.45910 0
291936.41408 3234747.71458 0
291182.16442 3235353.54461 0
290452.66454 3235988.89112 0
289748.90205 3236652.76597 0
289074.35850 3237342.03861 0
288425.45390 3238059.96227 0
287805.95285 3238803.14474 0
287217.47070 3239568.79216 0
286659.38778 3240358.07509 0
286132.94964 3241169.37855 0
285639.31906 3242001.49024 0
285179.62810 3242849.99108 0
284754.35624 3243717.95061 0
284362.93283 3244602.98649 0
284007.69065 3245502.08942 0
283687.74957 3246416.11147 0
283405.24176 3247339.51854 0
283159.80004 3248273.42913 0
282951.13272 3249218.43493 0
282781.87370 3250158.31994 0
282640.16404 3251128.74278 0
282651.83612 3252065.99646 0
282426.43656 3252950.01365 0
283745.53153 3253781.74043 0
283379.74665 3252877.67167 0
284722.98562 3253781.75124 0
284336.61764 3253093.20840 0
285700.37077 3253781.76206 0
285291.58250 3252824.20766 0
286700.37077 3253781.77312 0
286353.27657 3252900.33137 0
287700.37077 3253781.78419 0
287320.33216 3252909.92748 0
288700.37077 3253781.79525 0
288291.10147 3252905.27455 0
289700.37077 3253781.80632 0
289305.11920 3252863.21184 0
290700.37077 3253781.81738 0
290305.16629 3252863.18000 0
291700.37077 3253781.82845 0
291305.14269 3252863.29028 0
292700.37077 3253781.83952 0
292305.05291 3252863.31067 0
293700.37077 3253781.85058 0
293305.04620 3252863.28274 0
294700.37077 3253781.86165 0
294304.96018 3252863.46169 0
295700.37077 3253781.87271 0
295304.90208 3252863.47656 0
296700.37077 3253781.88378 0
296304.90109 3252863.39435 0
297700.37077 3253781.89484 0
297304.84819 3252863.45596 0
298700.37076 3253781.90591 0
298304.81469 3252863.57402 0
299700.37076 3253781.91697 0
299304.78736 3252863.48361 0
300700.37076 3253781.92804 0
300304.79355 3252863.48620 0
301700.37076 3253781.93910 0
301304.78418 3252863.53514 0
302700.37076 3253781.95017 0
302304.78451 3252863.53493 0
303652.72788 3253781.96071 0
303304.82048 3252863.49621 0
304526.32929 3252888.31428 0
309010.32243 3252807.92307 0
330068.05864 3251539.60149 0
329269.73374 3252020.62078 0
328317.97119 3251913.81097 0
327361.22236 3251931.01580 0
326404.34854 3251919.62091 0
329970.09318 3250618.50948 0
329047.72588 3251109.56750 0
329888.54222 3249725.69833 0
329279.92599 3250213.47493 0
329700.57098 3248830.81084 0
328955.81673 3249386.40862 0
329447.40349 3247939.50474 0
328687.19761 3248526.28687 0
329129.77377 3247057.40735 0
328403.97062 3247659.07908 0
328788.18006 3246180.17869 0
328456.87159 3245299.84388 0
328098.56153 3244432.66996 0
327721.46123 3243581.09431 0
327318.32268 3242749.30072 0
326879.10498 3241940.22517 0
326397.98282 3241154.29762 0
325879.14986 3240388.68371 0
325320.01245 3239642.81804 0
324728.77230 3238919.70135 0
324105.20356 3238218.56416 0
323456.11253 3237540.77403 0
322783.22947 3236888.19594 0
322090.57355 3236261.31403 0
321379.92376 3235660.57271 0
320647.45344 3235089.87349 0
319892.45534 3234550.68802 0
319112.34482 3234043.67724 0
318306.00134 3233570.77654 0
317479.10669 3233132.00842 0
316634.48895 3232726.08114 0
315775.96008 3232352.08198 0
314906.01862 3232009.99531 0
314027.78439 3231699.34271 0
313141.31621 3231421.40789 0
312241.30083 3231181.48949 0
311331.89132 3230980.72879 0
310413.83954 3230819.12215 0
309485.30852 3230696.94816 0
308555.53332 3230610.77176 0
307621.40393 3230560.16239 0
306685.64130 3230545.21377 0
305750.68252 3230565.96386 0
304819.15070 3230622.81265 0
303894.23324 3230715.61678 0
302974.55167 3230841.33301 0
302056.89794 3231008.43297 0
301148.50586 3231213.84119 0
300246.44328 3231459.09808 0
299353.83154 3231741.88069 0
298473.74814 3232058.28510 0
297606.61271 3232408.24558 0
296754.18775 3232788.82229 0
295917.85062 3233199.86547 0
295099.18259 3233642.50868 0
294301.17346 3234115.35442 0
293519.99969 3234627.18230 0
292761.83108 3235171.78057 0
292025.23458 3235750.14051 0
291312.78301 3236355.72476 0
290623.90873 3236987.55801 0
289958.57068 3237643.31354 0
289319.41649 3238322.65222 0
288707.93233 3239025.66792 0
288126.51992 3239754.49929 0
287575.49395 3240506.90643 0
287055.50500 3241281.12721 0
286567.46376 3242075.07572 0
286110.66542 3242889.96311 0
285686.40359 3243721.88881 0
285294.79168 3244571.39983 0
284937.01138 3245434.20594 0
284613.22425 3246308.39955 0
284324.30129 3247195.20016 0
284071.69528 3248093.53821 0
283857.91653 3249016.73040 0
283701.63388 3249921.98791 0
283512.31728 3250823.79416 0
283480.23067 3251797.97278 0
284304.56037 3252245.65058 0
328095.95077 3246794.52990 0
327767.76860 3245938.61078 0
327438.07367 3245090.11595 0
327092.97130 3244256.91597 0
326728.09894 3243443.35799 0
326337.20384 3242652.75945 0
325913.67690 3241885.09908 0
325441.80421 3241143.21372 0
324929.47354 3240426.28300 0
324375.08612 3239730.91806 0
323780.23820 3239055.59320 0
323145.23471 3238396.70084 0
322481.64117 3237758.06768 0
321795.34844 3237148.92860 0
321111.20939 3236549.32531 0
320417.19785 3235975.63855 0
319710.92644 3235431.24226 0
318985.20120 3234919.92665 0
318232.87043 3234449.11665 0
317457.76000 3234017.01109 0
316654.58003 3233619.34263 0
315821.01399 3233254.19136 0
314969.73158 3232920.49049 0
314106.87326 3232618.78587 0
313240.55955 3232342.14304 0
312377.00990 3232087.17400 0
311512.35969 3231861.99369 0
310640.73839 3231677.43635 0
309760.20473 3231539.95150 0
308874.51262 3231442.89531 0
307976.31831 3231385.49204 0
307070.19735 3231363.65147 0
306162.30202 3231380.66502 0
305254.95522 3231427.67598 0
304352.37742 3231504.62726 0
303456.94097 3231608.12156 0
302568.38549 3231742.55804 0
301692.62271 3231919.23770 0
300826.26960 3232134.59150 0
299969.47666 3232388.03197 0
299121.64415 3232680.60437 0
298278.57929 3233011.26825 0
297446.44201 3233375.59311 0
296628.07905 3233770.41051 0
295825.39825 3234192.24784 0
295041.77686 3234642.46163 0
294278.30288 3235115.83541 0
293536.90410 3235617.66110 0
292819.89546 3236154.29110 0
292128.45776 3236722.63384 0
291459.17890 3237322.63808 0
290810.60810 3237950.01342 0
290184.29636 3238601.13373 0
289581.81981 3239272.62927 0
289005.31389 3239962.99328 0
288457.55149 3240673.00693 0
287941.80552 3241406.46006 0
287458.29460 3242160.65844 0
287006.15540 3242934.86576 0
286584.71251 3243730.86516 0
286195.36768 3244545.52336 0
285838.30319 3245375.46035 0
285513.75030 3246218.60249 0
285221.66684 3247073.79620 0
284962.64019 3247937.47759 0
284743.40449 3248799.89208 0
284551.72618 3249663.25838 0
284480.25293 3250610.38878 0
284154.97130 3251409.40130 0
325440.20183 3251939.24679 0
324471.46076 3251924.71922 0
323502.83981 3251939.30847 0
322512.01047 3251935.14248 0
321528.76731 3251917.34433 0
320517.54829 3251913.75171 0
319512.50540 3251917.04998 0
318511.30830 3251917.87343 0
317511.02439 3251918.10087 0
316510.95723 3251918.18567 0
315510.94139 3251918.23646 0
314510.93767 3251918.27915 0
313510.93680 3251918.31992 0
312510.93659 3251918.36023 0
311510.93655 3251918.40044 0
310510.93654 3251918.44062 0
309500.84849 3251924.38455 0
285149.92631 3251509.79833 0
286047.34459 3252020.15659 0
286985.89914 3251961.63670 0
287926.98821 3252028.34589 0
288877.45946 3252014.34925 0
289842.07061 3252010.17215 0
290813.59745 3252002.85579 0
291785.05269 3252001.08928 0
292796.74757 3251992.55069 0
293803.00365 3251996.18045 0
294804.47668 3251997.22438 0
295804.75560 3251997.36774 0
296804.84703 3251997.39881 0
297804.88900 3251997.49280 0
298804.80183 3251997.57274 0
299804.71590 3251997.53983 0
300804.75370 3251997.47199 0
301804.78100 3251997.50752 0
302804.76860 3251997.49632 0
303847.27706 3252002.15869 0
327854.38331 3251093.35535 0
328337.22765 3250280.86829 0
326812.14795 3251015.13519 0
327282.33864 3250141.44663 0
327965.67975 3249262.31436 0
327649.81110 3248353.21322 0
327368.66453 3247457.61866 0
327071.05230 3246587.44007 0
326764.66594 3245738.82042 0
326453.56216 3244910.19416 0
326126.67397 3244105.40780 0
325919.13648 3243280.48394 0
325293.88638 3242641.37853 0
325092.36314 3241797.66150 0
324473.01920 3241195.87915 0
323925.14104 3240525.42487 0
323365.30987 3239862.50737 0
322783.32492 3239216.41648 0
322174.43049 3238592.10639 0
321530.26585 3237989.95016 0
320856.29496 3237400.65739 0
320169.39463 3236849.73332 0
319496.46085 3236300.88280 0
318917.86239 3235678.20043 0
318085.47904 3235404.56069 0
317327.53537 3234974.66740 0
316574.94193 3234544.65793 0
315804.37360 3234152.27839 0
315016.12766 3233798.82107 0
314200.78226 3233491.04431 0
313353.56589 3233213.40181 0
312504.58658 3232978.84145 0
311660.09657 3232756.82266 0
310824.62136 3232546.29658 0
310033.24183 3232247.96876 0
309137.99406 3232373.24969 0
308312.09163 3232071.97040 0
307421.09655 3232252.66080 0
306551.55562 3232024.34803 0
305711.33606 3232268.10031 0
304821.66934 3232462.20751 0
303947.23943 3232243.20993 0
303041.06279 3232620.37279 0
302181.85601 3232527.73219 0
301348.74133 3232956.60628 0
300470.67944 3232920.13597 0
299693.43464 3233331.20842 0
298881.95594 3233640.58515 0
298082.89450 3233990.46173 0
297296.14342 3234374.30281 0
296515.72088 3234792.62655 0
295753.55377 3235221.92995 0
295013.44389 3235681.28149 0
294297.33157 3236170.47120 0
293595.05021 3236704.88838 0
292807.28697 3237027.39614 0
292260.15010 3237717.13794 0
291631.21091 3238324.25055 0
291022.55187 3238946.10766 0
290435.81394 3239587.77545 0
289880.33648 3240250.32210 0
289363.79065 3240933.04252 0
288728.37806 3241489.19862 0
288424.56280 3242388.77116 0
287787.06283 3242972.25505 0
287553.31703 3243888.65872 0
286946.65826 3244534.46589 0
286756.88967 3245409.21014 0
286443.90366 3246222.43389 0
286167.32358 3247050.36980 0
285932.22869 3247893.25791 0
285486.84569 3248652.64477 0
285473.15334 3249539.65620 0
285332.50654 3250386.59195 0
286280.57616 3251019.90742 0
325812.42317 3250992.43443 0
324846.86952 3251009.41787 0
323853.12528 3251006.89237 0
322874.94204 3251021.31461 0
321887.90727 3250997.68434 0
320888.30703 3250985.37080 0
319888.34311 3250990.37362 0
318888.34020 3250991.66631 0
317888.31534 3250992.06020 0
316888.35360 3250992.18313 0
315888.32832 3250992.15953 0
314888.45759 3250992.46954 0
313888.34145 3250992.22556 0
312888.33884 3250992.28751 0
311888.38662 3250992.45284 0
310888.37530 3250992.40647 0
309888.44504 3251002.57113 0
326305.17406 3250076.86492 0
286275.61958 3249972.19556 0
286391.46021 3248905.86734 0
325294.49582 3250182.76972 0
324304.01942 3250180.37397 0
323342.61262 3250188.92293 0
322377.88370 3250166.28888 0
321413.06762 3250147.73936 0
320407.44427 3250121.79039 0
319394.32515 3250120.91762 0
318389.37070 3250125.01799 0
317388.45660 3250125.99742 0
316388.35509 3250126.12767 0
315388.26734 3250126.31856 0
314388.45786 3250126.42821 0
313388.47730 3250126.28254 0
312388.34748 3250126.31228 0
311388.36143 3250126.42891 0
310384.00974 3250128.97226 0
326848.32112 3249122.93125 0
326853.70112 3248096.21484 0
326304.67915 3247291.24844 0
326326.06551 3246371.78908 0
325694.20466 3245609.39554 0
325586.28605 3244731.48022 0
324982.06439 3243875.35342 0
287484.98110 3251151.99184 0
287073.56518 3250312.44947 0
287180.71750 3249406.17694 0
288479.48089 3251129.57343 0
288059.25195 3250143.84225 0
289454.75370 3251097.46922 0
289082.38747 3250058.18284 0
290438.37018 3251092.37354 0
291421.92286 3251083.84418 0
292421.64420 3251065.71841 0
293421.58866 3251071.80637 0
294421.51600 3251073.45556 0
295421.52714 3251073.72231 0
296421.46733 3251073.94081 0
297421.46003 3251073.92610 0
298421.41973 3251073.96641 0
299421.41133 3251073.91432 0
300421.40559 3251073.87380 0
301421.39148 3251073.93376 0
302395.79184 3251111.89340 0
290044.23973 3250369.05948 0
291016.89572 3250136.84644 0
292073.98729 3250247.56221 0
293058.56086 3250247.96851 0
294011.96545 3250214.28695 0
295048.12514 3250146.06258 0
296048.09376 3250146.26360 0
297048.10073 3250146.22853 0
298048.09619 3250146.27843 0
299048.04588 3250146.33122 0
300048.03394 3250146.26324 0
301047.94839 3250146.30954 0
302047.94481 3250146.26816 0
303394.43291 3251112.13912 0
303014.30091 3250173.61785 0
325713.87986 3249308.83503 0
325983.68401 3248370.16628 0
324743.84797 3249356.35159 0
325037.03767 3248543.52708 0
323770.30592 3249340.55844 0
324151.93226 3248541.91580 0
322796.98366 3249284.62754 0
323232.78496 3248483.41912 0
321832.07394 3249278.18163 0
320823.65458 3249212.61715 0
319867.59721 3249280.13004 0
322272.60934 3248426.05379 0
325396.91332 3247749.22760 0
325246.29002 3246760.68977 0
324515.05913 3247628.92055 0
323604.22154 3247617.37875 0
322666.64990 3247549.14707 0
321293.58858 3248329.89331 0
321720.73555 3247483.29801 0
318905.65678 3249288.98407 0
317910.30646 3249267.11270 0
316898.07331 3249254.37407 0
315890.61125 3249258.70238 0
314888.84829 3249260.17791 0
313888.62834 3249260.32683 0
312888.52857 3249260.21002 0
311888.35521 3249260.29852 0
310887.19626 3249260.97579 0
320301.58247 3248408.84829 0
319325.04183 3248407.10111 0
318302.15723 3248347.08272 0
317326.11516 3248376.01814 0
316350.42644 3248417.66438 0
315351.44010 3248373.58000 0
314370.40044 3248405.04116 0
313393.35423 3248412.78835 0
312401.14290 3248402.63924 0
311395.05017 3248391.28712 0
320752.85355 3247498.84171 0
319790.59734 3247548.74165 0
318793.23026 3247475.93913 0
317797.13808 3247511.34889 0
316809.58362 3247547.22501 0
315811.48333 3247485.67047 0
314828.05618 3247543.21990 0
313864.29450 3247570.75017 0
312899.22458 3247537.42740 0
311933.75704 3247554.17226 0
292648.90859 3259409.78698 0
291613.05136 3260606.47173 0
292266.08943 3260213.22474 0
291613.05136 3261576.41889 0
292427.61646 3261128.42720 0
291613.05136 3262549.93316 0
293644.88695 3259476.18820 0
293216.38552 3260342.28957 0
294631.65912 3259527.27986 0
296062.35919 3258679.72317 0
294169.60913 3260470.25918 0
295601.20859 3259560.08470 0
297052.16381 3258689.72120 0
295129.71078 3260413.10687 0
296600.98204 3259582.16415 0
298085.87142 3258700.16269 0
297571.70307 3259544.17914 0
296130.89856 3260415.78596 0
292507.64956 3262151.39856 0
291613.05136 3263523.53660 0
292540.82332 3263150.71264 0
291613.05136 3264523.53660 0
292540.89564 3264150.71259 0
291613.05136 3265523.53660 0
292540.84908 3265150.66343 0
291613.05136 3266523.53660 0
292540.66596 3266150.55599 0
291613.05136 3267523.53660 0
292540.65934 3267150.36414 0
291613.05136 3268523.53660 0
292540.72460 3268150.29798 0
291613.05136 3269523.53660 0
292540.78053 3269150.28895 0
291613.05136 3270523.53660 0
292540.75380 3270150.26289 0
291613.05136 3271523.53660 0
292540.76775 3271150.26524 0
291613.05136 3272523.53660 0
292540.73502 3272150.26059 0
291613.05136 3273523.53660 0
292540.71592 3273150.25817 0
291613.05136 3274523.53660 0
292540.76943 3274150.26014 0
291613.05136 3275523.53660 0
292540.70966 3275150.24840 0
291613.05136 3276523.53660 0
292540.77738 3276150.25602 0
291613.05136 3277523.53660 0
292540.74377 3277150.28594 0
291613.05136 3278523.53660 0
292540.68447 3278150.20483 0
291613.05136 3279523.53660 0
292540.78380 3279150.25969 0
291613.05136 3280523.53660 0
292540.65269 3280150.17200 0
291613.05136 3281523.53660 0
292540.73480 3281150.17328 0
291613.05136 3282523.53660 0
292540.73186 3282150.17563 0
291613.05136 3283523.53660 0
292540.72857 3283150.19444 0
291613.05136 3284523.53660 0
292540.70254 3284150.20208 0
291613.05136 3285523.53660 0
292540.68090 3285150.20625 0
291613.05136 3286523.53660 0
292478.50982 3286108.11444 0
291613.05136 3287523.53660 0
292503.47026 3287109.82721 0
292402.04373 3287982.36450 0
293346.07765 3287803.36641 0
294779.50793 3288812.64991 0
294424.98394 3287903.72786 0
295408.18190 3287891.00959 0
296756.02527 3288821.28099 0
296391.41634 3287890.61146 0
297756.01574 3288825.64777 0
297391.37161 3287894.54436 0
298756.00621 3288830.01454 0
298391.37674 3287898.84831 0
299391.26727 3287903.31299 0
300755.98714 3288838.74808 0
300391.24594 3287907.68874 0
301755.97760 3288843.11485 0
301391.11594 3287912.24758 0
302755.96807 3288847.48162 0
302391.07896 3287916.45970 0
303755.95853 3288851.84839 0
303391.09185 3287920.76517 0
304755.94900 3288856.21516 0
304391.03182 3287925.21689 0
305755.93946 3288860.58193 0
305391.05362 3287929.49338 0
306391.04286 3287933.88242 0
307755.92040 3288869.31547 0
307391.00790 3287938.36905 0
308755.91086 3288873.68224 0
308390.84538 3287943.00011 0
309755.90133 3288878.04901 0
309390.82789 3287947.11788 0
310755.89179 3288882.41578 0
310390.77120 3287951.49183 0
311755.88226 3288886.78255 0
311390.74673 3287955.84173 0
312755.87272 3288891.14932 0
312390.71544 3287960.21183 0
313755.86319 3288895.51609 0
313390.68624 3287964.61411 0
314390.68536 3287968.97349 0
315755.84412 3288904.24964 0
315390.67450 3287973.33789 0
316755.83459 3288908.61641 0
316368.52249 3288009.72424 0
317755.82505 3288912.98318 0
317346.30566 3288046.26776 0
318359.36111 3288031.99254 0
319755.80598 3288921.71672 0
319390.62081 3287990.80921 0
320404.20755 3288071.87721 0
321645.94454 3287006.86875 0
320843.49383 3287281.23906 0
321645.94454 3286048.20313 0
320805.45477 3286399.13968 0
321645.94454 3285100.77796 0
320793.12844 3285489.05335 0
321645.94454 3284127.06538 0
298565.54945 3259564.24709 0
300153.28662 3258721.04567 0
320769.04665 3284553.63740 0
321645.94454 3283153.39758 0
320750.35849 3283604.53278 0
321645.94454 3282153.39758 0
320751.06976 3282632.21414 0
321645.94454 3281153.39758 0
320784.74351 3281660.52459 0
321645.94454 3280153.39758 0
320778.28127 3280657.40818 0
321645.94454 3279153.39758 0
320779.25857 3279654.54346 0
321645.94454 3278153.39758 0
320779.75385 3278653.68397 0
321645.94454 3277153.39758 0
320779.87781 3277653.46917 0
321645.94454 3276153.39758 0
320779.90880 3276653.41547 0
321645.94454 3275153.39758 0
320779.91655 3275653.40205 0
321645.94454 3274153.39758 0
320779.91849 3274653.39870 0
321645.94454 3273153.39758 0
320779.91897 3273653.39786 0
321645.94454 3272153.39758 0
320779.91910 3272653.39765 0
321645.94454 3271153.39758 0
320779.91913 3271653.39759 0
321645.94454 3270153.39758 0
320779.91913 3270653.39758 0
321645.94454 3269153.39758 0
320779.91913 3269653.39758 0
321645.94454 3268153.39758 0
320779.91914 3268653.39758 0
321645.94454 3267153.39758 0
320779.91914 3267653.39758 0
321645.94454 3266153.39758 0
320779.91914 3266653.39758 0
321645.94454 3265153.39758 0
320779.91914 3265653.39758 0
321645.94454 3264153.39758 0
320800.17778 3264637.85183 0
321645.94454 3263153.39758 0
320779.91914 3263653.39758 0
321645.94454 3262153.39758 0
320779.91914 3262653.39758 0
321645.94454 3261153.39758 0
320801.61101 3261688.83501 0
321645.94454 3260153.39758 0
320857.76680 3260698.93923 0
321645.94454 3259206.24110 0
320885.91146 3259705.12472 0
319669.91120 3258634.74731 0
320108.73562 3259391.08176 0
318728.84696 3258634.72880 0
320037.10934 3260300.63062 0
319133.48100 3259612.90060 0
317758.31485 3258634.70970 0
319982.02712 3261258.44648 0
319918.25261 3262215.77347 0
319891.03487 3263178.42069 0
318091.61495 3259482.39991 0
316787.62764 3258634.69060 0
317159.72744 3259471.83713 0
315771.00158 3258634.67059 0
316156.21767 3259506.50101 0
314754.37552 3258634.65059 0
315148.63840 3259553.65084 0
313737.74947 3258634.63059 0
314148.68693 3259546.30120 0
312721.12341 3258634.61058 0
313195.02913 3259474.55174 0
311704.49735 3258634.59058 0
319907.75072 3264138.60949 0
312234.77784 3259467.41054 0
310687.87130 3258634.57058 0
319870.28382 3287051.29639 0
319958.94599 3285958.22878 0
319903.98390 3284989.06765 0
319859.66729 3284022.32328 0
319866.45725 3283038.52082 0
319859.16387 3282038.80079 0
319894.69888 3281066.08726 0
319856.04848 3280038.83991 0
319856.90496 3279038.83131 0
319857.13566 3278038.86531 0
319857.20159 3277038.87346 0
319857.21358 3276038.88182 0
319857.19301 3275038.87673 0
319857.18852 3274038.86375 0
319857.20618 3273038.85912 0
319857.34833 3272038.96952 0
319857.22124 3271038.96087 0
319857.23429 3270038.91495 0
319857.25049 3269038.94904 0
319857.24086 3268038.94571 0
319857.29408 3267039.01546 0
319897.60038 3266066.20389 0
319938.53913 3265093.37202 0
319206.47474 3260751.09762 0
318413.06517 3260272.46117 0
317476.66092 3260384.47669 0
316541.22849 3260178.17848 0
315609.25132 3260447.10388 0
314595.39265 3260328.70137 0
318841.19062 3287237.83960 0
319197.53930 3286374.72827 0
318992.19703 3285397.05810 0
319064.23226 3284381.76755 0
319049.86450 3283393.59816 0
319003.03233 3282446.39084 0
318975.94189 3281471.22807 0
318966.53769 3280495.73213 0
319002.78839 3279517.37357 0
317796.95156 3287199.41357 0
318242.20907 3286291.89913 0
316813.90584 3287156.40558 0
317284.03492 3286254.10174 0
315817.71977 3287069.09547 0
314857.28180 3287127.47173 0
316315.25145 3286201.65416 0
313888.81878 3287097.76975 0
319012.26406 3278543.75602 0
319001.09829 3277553.14661 0
318988.01202 3276547.04093 0
318989.82167 3275541.24595 0
318990.81154 3274539.46796 0
318991.07671 3273539.00416 0
318991.29353 3272538.88461 0
318991.32793 3271538.99484 0
318991.25959 3270539.04526 0
318991.20791 3269538.98482 0
318991.21419 3268538.96125 0
318991.28596 3267538.96308 0
318991.30203 3266539.03998 0
319075.74685 3265544.05965 0
319043.06347 3264544.61263 0
319019.22554 3263583.66626 0
319044.89174 3262622.77134 0
319117.82347 3261675.71544 0
318199.40099 3261221.06242 0
318145.48871 3262191.91385 0
318087.60084 3263169.66590 0
318087.79590 3264150.51189 0
318116.28728 3265131.02378 0
318117.01955 3266092.78759 0
318154.17601 3267051.61298 0
318151.52762 3268021.73542 0
312920.18150 3287113.58121 0
318130.20000 3269019.84652 0
318120.43628 3270030.79539 0
318124.12066 3271037.01037 0
318125.10821 3272038.43749 0
318125.03360 3273038.71748 0
318124.78777 3274038.86504 0
318124.14857 3275038.96347 0
318122.08345 3276039.95226 0
318120.69430 3277051.74994 0
318144.23976 3278028.64003 0
318148.21903 3279017.23661 0
318135.77947 3279978.63851 0
311908.67515 3287085.70919 0
310898.41855 3287085.44932 0
309895.54915 3287082.77964 0
308894.75435 3287078.84775 0
307894.80206 3287074.87716 0
306895.06992 3287070.34122 0
305895.05966 3287065.69619 0
304894.87941 3287061.23475 0
303894.87420 3287057.04215 0
302894.92406 3287052.64557 0
301894.84217 3287048.30487 0
300895.00255 3287044.12760 0
299895.21029 3287039.66961 0
298895.24975 3287035.11507 0
297895.21302 3287030.66361 0
296895.00210 3287026.47564 0
295939.62242 3287048.50884 0
295017.09897 3287055.57505 0
294065.73428 3287087.57972 0
293277.98901 3286639.36142 0
299600.76980 3259607.32622 0
301186.99422 3258731.48716 0
300650.36675 3259627.45164 0
302220.70182 3258741.92866 0
301692.12932 3259633.42894 0
303254.40943 3258752.37015 0
302727.84442 3259642.74319 0
304218.37945 3258762.10722 0
303762.05350 3259652.90217 0
311229.49737 3259500.13174 0
309671.24524 3258634.55057 0
310195.27438 3259523.88313 0
308654.61918 3258634.53057 0
309166.83337 3259517.21541 0
315310.38308 3286251.50244 0
314310.67989 3286225.10053 0
313311.20264 3286193.22023 0
312336.48700 3286209.62109 0
311368.66965 3286238.78174 0
310363.62631 3286199.08159 0
309381.51182 3286225.00106 0
308402.69200 3286228.04715 0
307410.15555 3286214.53361 0
306405.55142 3286199.65671 0
305400.81920 3286196.15217 0
304399.12018 3286192.75863 0
303398.77113 3286188.82480 0
302398.71624 3286184.41403 0
301398.64588 3286180.26918 0
300398.87168 3286176.10767 0
299399.23985 3286171.66768 0
298399.34965 3286166.99613 0
297422.07947 3286175.16314 0
296444.83408 3286184.83112 0
295450.20753 3286191.39053 0
294309.17539 3286100.60197 0
293448.59246 3285591.25473 0
293374.82595 3284611.83983 0
293381.98231 3283616.85062 0
293387.79545 3282639.17061 0
293411.94508 3281661.88830 0
293408.60376 3280653.37752 0
293407.08633 3279651.05537 0
293406.96941 3278650.42750 0
293406.67022 3277650.29836 0
293406.72380 3276650.36632 0
293406.80814 3275650.29178 0
293406.74010 3274650.28060 0
293406.76053 3273650.27508 0
293406.74526 3272650.26983 0
293406.76513 3271650.28576 0
293406.78549 3270650.27996 0
293406.76623 3269650.29254 0
293406.76947 3268650.29097 0
293406.67244 3267650.29595 0
293406.50702 3266650.44003 0
293406.54660 3265650.74052 0
293406.73129 3264650.90618 0
293406.91013 3263650.82872 0
293437.76932 3262594.33736 0
293589.57544 3261464.03130 0
313581.37428 3260313.38502 0
312616.68755 3260361.95192 0
311635.22741 3260414.08367 0
310635.26119 3260421.91905 0
309641.82249 3260362.11244 0
297108.84850 3260396.48899 0
298086.40339 3260424.81559 0
299064.28940 3260438.52675 0
300052.09243 3260493.14179 0
301131.59330 3260551.42457 0
302194.87617 3260538.98851 0
303234.76864 3260544.25274 0
294204.00834 3285029.87725 0
295063.01308 3285421.17697 0
296019.61341 3285238.32445 0
297012.91564 3285275.97096 0
298012.43474 3285244.86833 0
299012.41599 3285249.51273 0
300012.41702 3285253.78472 0
301012.35265 3285257.96540 0
302012.34344 3285262.07780 0
303012.34757 3285266.50995 0
304012.33726 3285270.56534 0
305012.45354 3285274.49765 0
306012.43993 3285280.19085 0
306984.80795 3285338.09035 0
294277.07479 3284030.98900 0
295148.05576 3284549.26797 0
294264.66081 3283071.54183 0
295102.30442 3283535.23634 0
294319.10308 3282056.37206 0
295101.91014 3282568.48104 0
294285.43511 3281081.29176 0
294245.75965 3280106.42101 0
295065.20912 3281543.05736 0
294296.43721 3279107.64068 0
294260.54685 3278129.27263 0
307961.81589 3285330.44188 0
308961.80352 3285317.45137 0
309961.16920 3285283.66413 0
310937.81372 3285359.00160 0
311927.52003 3285297.08356 0
312895.55129 3285318.65205 0
313879.33904 3285370.30337 0
314878.21744 3285350.86722 0
315857.40972 3285335.07551 0
294251.50806 3277155.55534 0
316835.61463 3285381.68035 0
317794.73280 3285452.32082 0
318264.06639 3284652.06179 0
318223.41774 3283752.11747 0
318168.57339 3282833.76587 0
317269.27031 3284405.84313 0
316254.97088 3284528.03896 0
318125.44358 3281872.28188 0
318111.03045 3280926.86926 0
315289.50868 3284538.61040 0
314327.49783 3284521.94598 0
313331.46713 3284445.98925 0
295105.31276 3280549.59598 0
295181.31971 3279573.42207 0
295125.15718 3278586.37744 0
295092.28722 3277622.89825 0
317378.83346 3283303.67891 0
316588.37480 3283770.24097 0
315661.26786 3283642.47170 0
314745.16684 3283848.72593 0
313811.73125 3283559.39380 0
317238.45992 3282297.70535 0
316389.62582 3282802.73435 0
317204.72207 3281313.86030 0
316327.76035 3281763.01373 0
317226.57827 3280329.76398 0
317254.75274 3279370.14859 0
317239.28601 3278397.49987 0
317207.69769 3277415.29805 0
317200.23865 3276427.51107 0
317241.70865 3275453.26034 0
317203.39991 3274427.49337 0
317203.72323 3273427.55193 0
317203.91224 3272427.54453 0
317203.51302 3271427.51396 0
317239.48655 3270452.30270 0
317287.50012 3269477.70030 0
316348.78034 3280792.59572 0
316408.43303 3279823.40585 0
316335.81122 3278825.98560 0
316296.26103 3277826.77107 0
316315.63374 3276852.09056 0
316364.48686 3275878.51695 0
316311.67252 3274879.94731 0
316351.33770 3273904.16462 0
316361.40001 3272933.37348 0
317311.20326 3268520.82996 0
317309.05131 3267540.71753 0
317224.79359 3266544.30236 0
317218.98805 3265544.31562 0
317189.36086 3264544.77712 0
317196.45395 3263568.72124 0
317278.64250 3262596.09096 0
317361.41403 3261605.04652 0
316579.57732 3261105.27026 0
316488.02141 3262088.28578 0
315730.59075 3261550.00613 0
314929.13069 3261077.23558 0
313987.29355 3261179.93806 0
313022.40377 3261186.25283 0
312056.09217 3261230.85043 0
311095.45611 3261263.63903 0
316383.72369 3263078.39174 0
315549.72740 3262577.00850 0
314700.92045 3262049.95310 0
316344.05695 3264044.27854 0
294262.93982 3276164.80425 0
295116.88126 3276664.17127 0
316348.60647 3271943.66250 0
294276.15928 3275158.44512 0
294274.10636 3274152.59917 0
294273.12382 3273150.85026 0
294272.84330 3272150.42752 0
294272.82474 3271150.33341 0
294272.80502 3270150.29495 0
294272.79266 3269150.29116 0
294272.76662 3268150.25200 0
294272.51361 3267150.26499 0
294268.26058 3266171.55058 0
294253.68426 3265192.84346 0
294223.12895 3264234.75302 0
294199.74077 3263246.38730 0
294413.73106 3262237.56358 0
294714.57541 3261287.05137 0
295728.63869 3261252.37768 0
295308.35510 3262066.20200 0
294938.29911 3262921.43503 0
295067.37603 3263843.15678 0
296731.56678 3261252.09401 0
296284.53315 3262114.36479 0
295883.75633 3263049.48129 0
295134.38326 3264804.14006 0
297687.83359 3261295.16118 0
298664.56524 3261331.03536 0
299657.53801 3261400.02294 0
300634.61355 3261392.76629 0
295176.84854 3265777.14997 0
295191.37955 3266755.84252 0
295191.66758 3267755.84759 0
295191.68796 3268755.84799 0
295191.74008 3269755.87111 0
295191.65857 3270755.81358 0
295191.58002 3271755.88135 0
295191.74040 3272755.83673 0
295191.99827 3273755.83630 0
295150.41039 3274728.95790 0
295147.08116 3275709.72782 0
297258.67109 3262164.11072 0
296820.11369 3262841.84539 0
298227.01385 3262204.98449 0
297763.57918 3263151.05235 0
299200.46002 3262261.32104 0
298815.38611 3263106.94513 0
300175.54198 3262255.35535 0
299793.13111 3263127.72035 0
301620.91085 3261397.24554 0
301155.11966 3262261.92444 0
300767.15057 3263158.83010 0
316343.22546 3265043.86870 0
316355.53306 3266048.74863 0
312352.87810 3284392.03036 0
312797.52552 3283618.95020 0
311358.83969 3284474.54112 0
310393.96504 3284419.51167 0
309428.63394 3284466.03602 0
308443.60264 3284466.21610 0
307458.82922 3284487.05650 0
306459.32548 3284421.58473 0
305491.41174 3284426.98504 0
304512.51725 3284420.61978 0
303533.66382 3284413.75174 0
302525.44522 3284393.64496 0
301518.49123 3284392.53281 0
300516.62068 3284389.55388 0
299516.23044 3284385.55710 0
298550.40229 3284381.36191 0
297626.27274 3284414.95493 0
296689.24128 3284465.19549 0
295894.93463 3284072.31182 0
316362.63281 3270932.28515 0
316412.53655 3269934.31734 0
316399.29274 3268954.05162 0
316407.64844 3267973.72928 0
316382.19006 3267011.22701 0
311771.20328 3283627.34772 0
310816.38976 3283560.62809 0
309809.45237 3283541.41397 0
308809.68386 3283547.97366 0
307841.69688 3283552.18215 0
306873.84857 3283546.84934 0
305874.76082 3283503.38165 0
304874.81948 3283496.48682 0
303892.63583 3283499.45985 0
302904.68754 3283481.17816 0
301904.79600 3283470.18651 0
300904.82393 3283467.97816 0
299904.86658 3283464.19134 0
298925.22414 3283465.12249 0
297957.39554 3283476.89359 0
296890.73208 3283485.70316 0
295905.66196 3283046.98989 0
302710.71290 3261354.03887 0
302122.45785 3262241.81338 0
301703.66692 3263121.59101 0
310106.07035 3261212.96856 0
315458.17818 3263590.75186 0
314688.79980 3263093.84563 0
315494.77467 3264563.11112 0
315503.68434 3265540.02121 0
315524.81174 3266535.55180 0
315559.01945 3267510.67561 0
315531.73415 3268472.63396 0
315531.58205 3269442.26644 0
315515.91374 3270415.74690 0
315502.87475 3271389.22344 0
314619.48809 3264084.12876 0
314656.63545 3265065.06265 0
314670.98902 3266039.71708 0
314687.85927 3267037.09659 0
314669.75675 3268036.98415 0
314660.91436 3269009.28698 0
314620.67856 3270033.15917 0
314591.94518 3271016.83974 0
315480.79806 3272419.68776 0
314595.10379 3271997.87587 0
315517.04607 3273412.54267 0
314638.35330 3272977.41285 0
315438.87557 3274441.63270 0
314581.67983 3273973.99583 0
315494.24819 3275414.46734 0
315417.97063 3276411.50039 0
315386.78296 3277411.03995 0
315465.77468 3278383.79455 0
315523.02076 3279366.23385 0
315465.50002 3280364.59072 0
315463.60441 3281347.25172 0
315545.53305 3282416.02165 0
314787.23243 3282932.25735 0
314656.79173 3281907.11697 0
313901.56557 3282450.68356 0
313111.98358 3282885.40280 0
312164.92617 3282786.47280 0
311236.31271 3282702.49358 0
310272.59353 3282684.53810 0
309306.03638 3282688.69457 0
308324.52676 3282698.09967 0
307353.34036 3282708.37556 0
306362.61303 3282630.43502 0
305371.71319 3282639.16333 0
304383.15099 3282646.21882 0
303407.65522 3282643.06089 0
302427.81556 3282627.94304 0
301423.88746 3282603.20872 0
300413.86588 3282596.83567 0
299449.44585 3282612.08040 0
314615.44163 3274962.62205 0
314526.56986 3275958.61423 0
314557.71041 3276921.06252 0
298442.83270 3282612.33237 0
297479.34961 3282530.03646 0
296553.81901 3282546.33761 0
295831.78598 3282016.71491 0
295950.17566 3281020.07499 0
296859.18764 3281593.94661 0
296055.84043 3280058.38549 0
296861.78378 3280523.73144 0
296018.60768 3279047.72237 0
295939.82632 3278070.92930 0
295999.81616 3277072.65752 0
296039.17004 3276106.52331 0
296044.03976 3275141.24830 0
296061.01407 3274176.08880 0
296066.10378 3273187.67872 0
296017.65528 3272230.27712 0
296045.04409 3271234.73924 0
296036.16320 3270261.39617 0
296889.11554 3279490.62282 0
296047.92033 3269270.52445 0
296061.22130 3268263.97655 0
296058.93235 3267257.99015 0
296035.66028 3266260.62508 0
295991.62578 3265274.50293 0
295921.22684 3264266.44471 0
296763.35321 3263801.93882 0
296810.22350 3264807.97878 0
296871.53746 3265836.25440 0
296929.34050 3266771.80141 0
297603.91826 3264291.16047 0
298438.05735 3263873.17973 0
299397.50424 3264032.13331 0
300356.57566 3263843.08521 0
301308.94170 3264140.90342 0
297673.15677 3265265.23580 0
298578.19121 3264820.77721 0
296896.66613 3267737.73542 0
298031.20092 3281750.51550 0
297630.86069 3280883.16736 0
297786.13332 3279907.59953 0
299074.18238 3281723.53386 0
298453.40497 3280781.56938 0
300036.03888 3281712.45980 0
299522.12039 3280833.45837 0
301040.99871 3281731.19571 0
302016.03824 3281742.86628 0
300511.19190 3280844.93799 0
302991.04526 3281733.99908 0
303991.03116 3281726.31141 0
304990.90800 3281714.48542 0
305966.51091 3281738.55939 0
306963.60759 3281767.27412 0
307938.16899 3281796.93426 0
308918.55980 3281808.02109 0
309880.37088 3281799.26961 0
310830.91094 3281813.03883 0
311785.20055 3281929.99494 0
312875.03689 3281885.99477 0
313777.04575 3281412.58539 0
314622.98499 3280885.63578 0
301558.44717 3280884.11138 0
302531.41657 3280868.47890 0
303511.76449 3280859.53277 0
304477.36798 3280865.21690 0
305440.26391 3280859.61519 0
296922.48408 3268746.80595 0
296907.51604 3269713.11218 0
296876.54911 3270721.36846 0
296886.27893 3271693.70771 0
296816.46444 3278516.56442 0
296874.75590 3277495.01419 0
296932.80260 3276520.31554 0
296993.69670 3275522.22055 0
296972.70608 3274554.78310 0
296944.55328 3273595.57059 0
296906.31957 3272641.27613 0
297793.71248 3278911.03186 0
297786.00593 3277916.67988 0
297842.40930 3276923.87042 0
297903.67629 3275929.01284 0
297884.03297 3274929.19283 0
297844.64273 3273959.25760 0
297801.10050 3272978.29213 0
297790.73657 3272020.83845 0
297775.65845 3271065.64323 0
297787.47846 3270109.19729 0
297802.72180 3269144.18892 0
297766.67989 3268172.40252 0
297804.54225 3267181.74756 0
297751.03450 3266222.65648 0
298638.56294 3265776.81635 0
298704.08310 3266745.12073 0
298636.19298 3267736.88158 0
298713.88432 3268733.48737 0
298693.30254 3269715.42161 0
298700.75580 3270697.53893 0
298689.13515 3271661.62154 0
298694.59534 3272611.15055 0
298723.99517 3273559.07351 0
298785.32131 3274538.51175 0
298769.20911 3275502.83792 0
298704.24579 3276465.09514 0
298657.67832 3277429.02333 0
298650.93796 3278364.01368 0
298528.95255 3279252.95381 0
298906.93703 3280031.58985 0
314614.43784 3279857.62654 0
314585.36289 3278858.03501 0
314515.99793 3277890.31547 0
313834.42717 3280364.98914 0
313048.95140 3280847.46994 0
312202.13469 3281190.04841 0
311283.14598 3280987.90892 0
310300.64495 3281136.84007 0
309362.72348 3280809.43043 0
308328.01789 3280923.47950 0
307352.21276 3280911.67053 0
306405.73854 3280884.59549 0
313782.50773 3279363.82548 0
313701.37737 3278383.51498 0
312961.41673 3279830.32969 0
312127.07707 3280256.16252 0
312869.64516 3278822.67892 0
312080.29892 3279288.12622 0
311288.46602 3279811.58135 0
310398.55277 3280219.75123 0
313672.42916 3277398.17869 0
313640.53212 3276422.27793 0
312820.16262 3277833.43800 0
312013.49004 3278315.31401 0
311227.85641 3278867.77824 0
310368.47862 3279285.97771 0
312728.71965 3276832.51185 0
311956.78453 3277374.03461 0
311175.60231 3277910.34348 0
310336.37281 3278367.68926 0
309541.17509 3279719.75041 0
308721.00419 3280161.38317 0
307753.01349 3280016.85070 0
306774.84652 3279983.11304 0
309494.84100 3278773.83131 0
308549.00993 3279176.26852 0
305810.08270 3279955.59507 0
304838.60874 3279950.92443 0
303867.14627 3279945.39198 0
302901.05574 3279938.74960 0
301929.44625 3279922.20610 0
300932.68215 3279949.99914 0
299958.01260 3279961.58951 0
299496.56781 3279098.67450 0
300561.40627 3279155.16450 0
301562.90411 3279105.26087 0
302521.82664 3279056.93427 0
303517.61198 3279030.14406 0
304484.54413 3279050.67922 0
305458.43092 3279047.39506 0
306432.19706 3279063.20814 0
307431.94926 3279086.37787 0
313695.02555 3275403.24708 0
313678.60282 3274403.38408 0
312815.73005 3275857.12716 0
312845.75412 3274895.40286 0
313757.40686 3273407.87181 0
313721.79994 3272432.30426 0
313672.77180 3271410.64699 0
313746.60015 3270446.57294 0
313762.25441 3269457.85967 0
313798.51364 3268502.96663 0
313845.87583 3267542.47669 0
313829.21310 3266560.57595 0
313781.73040 3265593.59775 0
313823.60359 3264626.41037 0
313832.29579 3263661.08246 0
311955.59031 3276307.45569 0
311958.76601 3275322.83251 0
312858.05329 3273891.11666 0
311970.22054 3274329.54687 0
312880.89122 3272926.49102 0
312863.85928 3271968.31519 0
312013.32309 3273367.61424 0
311958.38862 3272392.67520 0
312797.80413 3270970.63977 0
311914.66180 3271393.65725 0
313511.18439 3261959.60367 0
313927.65208 3262772.49702 0
312528.57796 3262084.83153 0
312972.97871 3262949.44522 0
311573.47717 3262095.38613 0
312016.13829 3262772.76422 0
310604.86490 3262082.62508 0
311071.47143 3263100.75541 0
312992.35154 3264136.27112 0
312102.87999 3263738.96175 0
299459.42484 3277895.88107 0
300262.08914 3278357.26574 0
301163.26787 3278295.15218 0
302158.99487 3278218.02778 0
303099.73321 3278186.82409 0
304061.13941 3278142.89164 0
305023.57443 3278138.67289 0
306023.41446 3278150.60823 0
306971.35804 3278185.26613 0
299572.83763 3276921.34417 0
300486.02009 3277385.30212 0
299643.20849 3275942.72818 0
300292.43977 3276397.33343 0
299644.46996 3274977.85430 0
300626.34054 3275493.17556 0
299593.64529 3273982.84498 0
299587.04143 3273004.97077 0
299607.19276 3272029.67093 0
299612.54131 3271054.84180 0
299627.81316 3270081.20791 0
299610.61178 3269109.24903 0
299600.50404 3268137.35486 0
299570.65441 3267171.88900 0
299501.59904 3266208.28862 0
299428.16240 3265247.04212 0
300292.94775 3264809.98533 0
300361.52659 3265778.89718 0
300443.31232 3266745.77782 0
300487.25423 3267723.43544 0
300539.55554 3268741.67345 0
300541.21977 3269722.83707 0
300527.26790 3270697.61373 0
300511.78970 3271672.39878 0
300457.67973 3272622.09834 0
300430.26259 3273582.31640 0
300503.22065 3274525.38928 0
301216.84276 3265260.83066 0
301315.10067 3266255.96600 0
301354.80737 3267219.18967 0
301386.62464 3268182.65889 0
301595.58717 3277410.08242 0
301249.37228 3276490.11123 0
302651.30777 3277343.58478 0
302220.05605 3276487.10157 0
303650.84511 3277272.35631 0
304642.11119 3277222.45925 0
303201.85523 3276427.23349 0
305642.09864 3277226.18369 0
304181.76317 3276371.11403 0
306595.23665 3277305.89400 0
307906.65624 3278256.97677 0
308840.35456 3278284.68218 0
309604.69171 3277761.73475 0
310408.41472 3277301.62440 0
311193.56294 3276844.56110 0
307577.80460 3277282.64272 0
308562.75297 3277337.76401 0
305196.52681 3276343.83216 0
301763.10876 3275660.72285 0
301287.16153 3274841.61323 0
301310.76121 3273952.12874 0
301275.61653 3273036.01597 0
301370.77983 3272059.73180 0
301423.72381 3271088.50669 0
301459.99545 3270117.68820 0
301428.20960 3269148.79849 0
302757.55917 3275531.37441 0
302205.87204 3274552.27017 0
303727.19149 3275516.66466 0
303311.96186 3274640.32727 0
304752.58091 3275460.70295 0
304296.98620 3274585.47143 0
311123.27511 3275839.52793 0
310257.81053 3276305.25282 0
309407.25990 3276781.43625 0
306187.52409 3276401.81147 0
307192.24088 3276378.53912 0
308302.46541 3276372.20096 0
305739.63176 3275517.97371 0
306741.67642 3275508.18686 0
305283.39994 3274596.51690 0
306257.69819 3274628.84850 0
307671.20532 3275485.12979 0
307214.40367 3274555.01535 0
312935.13115 3265152.21598 0
312089.36781 3264709.05665 0
311187.80048 3264198.48588 0
312974.43337 3266109.57937 0
312910.95261 3267109.37590 0
312073.77056 3265633.98502 0
311176.72302 3265198.01117 0
312895.76464 3268081.54210 0
312869.96240 3269048.49288 0
312861.31365 3270007.01825 0
311988.18611 3270419.81963 0
311976.14372 3269419.90755 0
312001.25128 3268452.66841 0
312052.95936 3267486.46672 0
312123.28290 3266545.36183 0
311188.93593 3266156.64834 0
311200.74848 3267077.04284 0
311140.42726 3268025.44007 0
311070.75187 3268995.51341 0
311108.52703 3269959.81653 0
311072.18243 3270924.10514 0
311098.29058 3271924.68383 0
311137.14322 3272944.04380 0
311100.69543 3273914.76555 0
311092.23393 3274877.36553 0
310186.05454 3275271.73356 0
309378.20641 3275809.32776 0
308525.51222 3275349.27708 0
308132.66691 3274605.04340 0
309200.49789 3274624.21426 0
310171.22022 3274274.99909 0
310253.23093 3273297.17397 0
310259.36867 3272319.64301 0
310251.59817 3271377.38077 0
309406.92933 3273631.87342 0
308604.05328 3273900.75605 0
309443.40319 3272743.05829 0
308580.88290 3273042.18624 0
309400.66024 3271769.03574 0
308564.98535 3272131.49834 0
307650.55446 3273625.10830 0
306633.62981 3273787.47491 0
305671.26778 3273780.90940 0
304736.36579 3273741.67529 0
303793.68993 3273686.50888 0
302867.32275 3273869.52126 0
302076.96067 3273481.17283 0
302196.64741 3272487.54534 0
302987.33063 3272957.55942 0
302291.69630 3271523.40996 0
303189.03686 3271979.34552 0
302372.56433 3270526.66978 0
303262.14070 3270983.20719 0
302353.96554 3269526.88386 0
302289.58450 3268528.94282 0
302263.89693 3267554.21962 0
302213.79811 3266595.26759 0
302181.58630 3265651.10921 0
302169.03375 3264730.23914 0
302203.87249 3263799.78763 0
302806.83034 3263027.24833 0
303085.15060 3262046.65598 0
303798.18255 3261384.47052 0
304237.81141 3260452.31143 0
303220.98498 3269997.56211 0
310227.27233 3270374.55204 0
310164.72411 3269402.51639 0
310249.57258 3268448.46745 0
310275.04186 3267488.17966 0
309336.92396 3270804.59503 0
308501.40685 3271190.73237 0
309299.18909 3269836.89943 0
308442.07723 3270243.76575 0
304739.78639 3259562.56144 0
304596.71071 3257913.18515 0
310292.47009 3266534.59576 0
310302.90072 3265584.59754 0
310287.75070 3264646.41113 0
310230.41420 3263723.23440 0
310131.02584 3262787.33481 0
309553.63011 3262085.31712 0
308994.28370 3261227.33651 0
308585.04467 3260322.33190 0
308035.30291 3259436.02694 0
308530.97334 3257684.48528 0
303185.10115 3268995.40075 0
303116.50421 3268012.27179 0
303111.23445 3267049.74100 0
303068.31297 3266096.15029 0
303085.58466 3265116.10140 0
303124.01501 3264136.39359 0
309358.28288 3268849.74585 0
309373.40618 3267871.48917 0
309379.44090 3266910.74835 0
309404.35871 3265976.68778 0
309422.14183 3265084.64140 0
309424.29356 3264163.20865 0
309318.48790 3263128.78375 0
307768.72953 3272576.37902 0
306980.09265 3273034.53120 0
306064.83970 3272935.68416 0
305146.70516 3272858.10678 0
307672.36887 3271638.88839 0
306787.07007 3272125.99326 0
307579.76247 3270669.99919 0
306746.14859 3271211.54079 0
304156.12162 3272751.87150 0
308478.23780 3269275.07494 0
308427.47282 3268276.32118 0
308503.54682 3267314.79730 0
308508.42357 3266382.35918 0
308544.51305 3265476.79816 0
308630.79529 3264569.82267 0
308690.05806 3263746.74424 0
307572.98900 3269700.05470 0
307561.58839 3268724.56062 0
306764.40297 3270190.63442 0
306751.93788 3269225.86947 0
307602.16882 3267757.14131 0
307657.80591 3266808.99471 0
307681.98422 3265885.10657 0
307743.15195 3264952.78418 0
307774.27056 3263932.80205 0
306760.10093 3268205.42543 0
306778.66165 3267248.03346 0
306761.42116 3266258.80971 0
304059.09790 3271513.51855 0
304876.39147 3271970.97580 0
305919.73007 3271875.38773 0
304114.49808 3270500.59230 0
305073.19484 3271045.09532 0
305959.68398 3270686.96334 0
305877.66393 3269647.95399 0
305046.82532 3270099.66415 0
304077.51171 3269476.04797 0
304976.98944 3269038.75142 0
305937.27764 3268693.25692 0
304141.59761 3268478.03079 0
304070.47103 3267487.74396 0
303996.66928 3266524.18721 0
303960.33974 3265558.49924 0
304017.03707 3264560.80608 0
305885.70883 3267626.05251 0
305013.71969 3268052.18781 0
305850.22659 3266626.48755 0
304932.48315 3266999.48740 0
304947.74806 3265999.64941 0
304902.53350 3265000.69022 0
305855.22167 3265579.50243 0
306824.88992 3265284.19707 0
307024.82193 3264492.81887 0
306043.82705 3264499.96346 0
305172.64858 3258684.02545 0
304596.86346 3254898.36398 0
304952.45486 3264028.37400 0
303922.34476 3263608.27342 0
303963.58405 3262609.15224 0
304824.03944 3263032.15502 0
304771.35652 3262044.61263 0
304782.14799 3261127.74390 0
305333.70965 3260331.05585 0
305917.67426 3259519.31748 0
305745.85842 3263408.95576 0
306739.51601 3263633.70907 0
305609.75033 3262431.78051 0
306489.65607 3262770.71288 0
305637.80041 3261409.99806 0
306482.10147 3261781.76599 0
307411.21105 3263123.39708 0
308268.04346 3262990.63579 0
308649.99612 3262161.66258 0
307516.89914 3262129.02966 0
308056.39087 3261215.45688 0
307137.91558 3261031.47701 0
306275.54843 3260658.27287 0
307811.24056 3260346.80231 0
306934.99788 3259857.66614 0
324119.62227 3246771.85844 0
324667.17209 3246014.98313 0
324716.25428 3245079.29485 0
323159.70713 3246618.50870 0
322187.70123 3246609.49709 0
321217.40248 3246641.66015 0
320228.11587 3246671.13712 0
319243.83528 3246583.28515 0
318255.84763 3246636.49087 0
317270.66827 3246675.51365 0
316273.59954 3246598.85191 0
315276.21425 3246658.67114 0
314294.99555 3246656.61464 0
313313.81794 3246663.49027 0
312340.62597 3246670.26412 0
323724.21716 3245682.11112 0
322657.57432 3245756.00708 0
321667.77063 3245782.06535 0
320679.78750 3245800.32908 0
319669.51288 3245721.85688 0
318707.46572 3245751.86580 0
317724.47808 3245805.98045 0
316729.23633 3245708.71204 0
315727.02908 3245762.42110 0
314735.39180 3245741.50547 0
313743.75305 3245760.85655 0
312779.04026 3245809.42697 0
323941.02953 3244447.52694 0
323002.68275 3244789.73180 0
322039.60324 3244874.66450 0
321072.27763 3244922.02633 0
320091.68718 3244882.23822 0
319118.44840 3244867.93357 0
318143.35876 3244853.32229 0
317172.92673 3244845.47166 0
316201.44426 3244868.12771 0
315221.68087 3244894.48963 0
314244.98729 3244901.28890 0
313192.76589 3244909.55719 0
324203.82400 3243238.63994 0
324255.37511 3242276.01471 0
323257.54179 3243607.31404 0
322350.37928 3243899.11532 0
321485.52306 3244210.15802 0
320530.82282 3244007.88199 0
319539.67724 3243988.72765 0
323358.93466 3242559.68493 0
322418.38169 3242899.22835 0
321390.76074 3243214.67792 0
318541.06934 3243935.82422 0
317541.36199 3243915.35627 0
316541.99559 3243950.53271 0
315559.71900 3243978.13432 0
314587.10176 3243990.74137 0
313587.26858 3244007.87643 0
323509.95275 3241469.19907 0
322562.80917 3241789.17610 0
321619.88715 3242122.18440 0
322939.22457 3240775.07658 0
322361.35813 3240110.89959 0
321821.28950 3239431.22114 0
321213.15695 3238822.52236 0
320587.11528 3238232.37562 0
319921.49598 3237699.83577 0
319211.51889 3237134.67160 0
318398.35526 3236531.94516 0
321967.49652 3241078.62080 0
321414.55529 3240374.84815 0
320905.45645 3239664.14997 0
320426.33554 3238954.17589 0
319640.08373 3238567.49579 0
319065.46368 3237887.00768 0
318289.38943 3237525.30786 0
321036.02268 3241337.31405 0
320455.50748 3240524.16221 0
319805.12547 3239699.29043 0
286852.25757 3247777.06876 0
287429.45530 3248509.08145 0
288332.46378 3249205.22888 0
287177.91619 3246925.80045 0
287478.00595 3246025.77486 0
287812.26982 3244972.21209 0
287872.41559 3247565.61532 0
288538.68994 3248244.10644 0
288218.10748 3246656.58427 0
288535.44207 3245664.96602 0
288886.57802 3247308.58543 0
289164.67498 3246406.76964 0
289259.38487 3248901.38851 0
290071.66674 3249461.65416 0
289538.80685 3247958.04029 0
290232.17232 3248554.18547 0
289934.41003 3247036.99825 0
290594.01345 3247675.79814 0
290919.87383 3249170.22518 0
291801.61430 3249317.30630 0
292693.59402 3249383.55815 0
293610.28468 3249390.15372 0
291324.40204 3248328.20710 0
294549.59682 3249349.10366 0
295557.10838 3249285.37415 0
292305.31595 3248431.12379 0
293227.78423 3248487.87643 0
294162.45397 3248503.04806 0
295070.25809 3248440.24044 0
296545.87486 3249289.28562 0
296046.85198 3248441.91379 0
297541.95263 3249284.43257 0
297031.81358 3248434.34328 0
298544.64673 3249278.87013 0
299547.04914 3249279.74489 0
300547.74889 3249280.17208 0
301547.87814 3249280.24771 0
298027.99235 3248420.33823 0
299038.13977 3248406.81887 0
300045.75395 3248412.16569 0
301047.52785 3248413.86988 0
302582.03838 3249300.86638 0
302056.67483 3248418.80306 0
320663.80070 3242225.86110 0
320133.37026 3243090.24546 0
319114.18179 3243108.82546 0
318057.59198 3243125.33224 0
317038.71416 3243050.88202 0
316030.71038 3243111.35657 0
315057.11484 3243145.34846 0
314089.58141 3243161.23852 0
319577.04914 3242248.01020 0
320031.11569 3241381.89327 0
319413.23956 3240615.36135 0
318961.51610 3241474.57649 0
318512.31903 3242307.50699 0
317519.67169 3242212.45032 0
317951.59157 3241345.48015 0
318416.41901 3240468.26242 0
318867.54271 3239577.07373 0
318490.17302 3238597.68165 0
317886.68969 3239611.25975 0
317419.88403 3240534.28305 0
316983.69267 3241408.07722 0
316441.81647 3242248.53652 0
315442.15795 3242222.43862 0
314477.62235 3242278.49128 0
315974.71165 3241364.33556 0
316454.00374 3240525.78178 0
316873.82883 3239691.26039 0
317331.01843 3238869.88997 0
317555.74566 3238006.58568 0
314939.98397 3241432.38218 0
315475.98559 3240585.42167 0
315952.58630 3239746.05054 0
316286.31681 3238897.52114 0
316665.63903 3238030.26883 0
317252.73282 3237053.64931 0
317342.12969 3236044.55981 0
316536.36547 3235535.05460 0
315793.34275 3235071.93804 0
315109.18297 3234544.99110 0
314216.73333 3234435.33420 0
313494.72569 3233950.58300 0
312614.77137 3233899.84035 0
311769.50766 3233733.76709 0
310898.73220 3233484.74403 0
309948.77041 3233184.08462 0
316422.04235 3236417.47467 0
316218.44338 3237254.15784 0
315627.33154 3235933.20692 0
314771.18790 3235420.05512 0
315555.95217 3236677.92383 0
314619.43126 3236393.40632 0
315732.81905 3238167.05272 0
315125.24397 3237477.07646 0
315344.66396 3239011.34734 0
314719.25243 3238286.62658 0
314908.39730 3239836.98640 0
314301.46960 3239097.70883 0
314417.98663 3240644.80029 0
313854.37105 3239909.31822 0
313953.31980 3241480.66724 0
313383.37359 3240720.90293 0
313417.73890 3242336.62970 0
312975.50365 3243216.95299 0
312610.49471 3244128.59661 0
312224.73331 3245018.42432 0
311723.28136 3245883.56149 0
311252.93760 3246734.92442 0
310811.93488 3247601.85343 0
310342.32261 3248446.23668 0
309892.78107 3249301.37862 0
309369.07539 3250193.24591 0
312867.44511 3241551.64753 0
312413.89104 3242401.76806 0
311996.98429 3243299.56941 0
311646.94335 3244238.93242 0
311118.08495 3245087.55151 0
310650.38247 3245971.43776 0
310165.33514 3246825.98197 0
309728.02711 3247693.48040 0
309281.39278 3248551.67524 0
308804.14944 3249415.11373 0
308930.37982 3251085.41544 0
308491.30703 3251970.01544 0
308322.40878 3250291.45145 0
307947.38999 3251180.45784 0
307871.44315 3252955.61691 0
307416.65884 3251988.40626 0
314168.62979 3237393.72642 0
313720.24661 3238295.00358 0
313238.37420 3239128.88277 0
312765.18656 3239955.06200 0
312285.84918 3240781.12051 0
311807.23548 3241619.61284 0
311413.61452 3242506.25546 0
311031.16674 3243397.76559 0
310520.60881 3244285.70575 0
310070.11947 3245145.26847 0
309622.94929 3246006.56843 0
309163.49037 3246870.47476 0
308734.52911 3247728.37366 0
308314.54488 3248584.19877 0
307839.82311 3249429.50174 0
307282.61875 3250247.81363 0
306780.68277 3251101.09113 0
307763.62212 3258336.02569 0
308531.07380 3255681.49182 0
306940.69353 3258878.61205 0
306098.51143 3258355.93744 0
305426.20500 3257637.55009 0
304596.76124 3256915.76855 0
306980.26997 3257866.99653 0
306223.04383 3257292.60849 0
307728.72282 3257273.92487 0
308531.02361 3256682.13680 0
306970.42870 3256842.05781 0
307760.13633 3256244.49211 0
308531.12643 3254632.29706 0
305430.18165 3256608.67657 0
304596.81326 3255889.08825 0
306234.55288 3256261.97028 0
306992.15383 3255800.53140 0
307763.44195 3255202.93061 0
305436.36837 3255591.21126 0
306207.38140 3255218.82508 0
306989.86636 3254756.61349 0
307764.55830 3254083.31553 0
305400.05411 3254535.76741 0
306201.56259 3254161.65491 0
306920.94661 3253675.32180 0
306802.48590 3252729.46041 0
306522.77015 3251992.39586 0
306236.51113 3253342.67035 0
305744.49469 3252550.86485 0
305379.72688 3253595.12874 0
304803.15341 3251940.91913 0
305590.74463 3251324.28940 0
304435.27089 3251032.12066 0
303981.20238 3250163.09190 0
303580.96583 3249263.86473 0
303059.78105 3248422.80767 0
305091.13465 3250277.21597 0
306147.35518 3250327.21927 0
304558.89165 3249366.17665 0
305640.23093 3249448.06258 0
306693.80769 3249441.20679 0
307309.66511 3248589.95552 0
307759.83911 3247671.21327 0
308176.37639 3246797.93087 0
308617.76761 3245936.95443 0
309071.54133 3245079.42420 0
309525.81354 3244216.04404 0
310039.97309 3243377.68809 0
310433.79493 3242476.41790 0
310835.83562 3241591.82983 0
311296.26513 3240694.48153 0
311781.65301 3239861.03123 0
312292.15158 3239033.83823 0
312795.56669 3238221.05269 0
313242.35688 3237403.19795 0
313586.06748 3236480.80928 0
313834.94896 3235580.17281 0
313208.82430 3234860.61365 0
312798.42544 3235747.35389 0
312776.62093 3236724.12230 0
312192.63828 3237493.33825 0
311729.66803 3238289.61530 0
311210.25909 3239091.44057 0
310724.12290 3239924.85740 0
310293.95056 3240786.12255 0
309866.11958 3241650.39373 0
309453.15861 3242588.51673 0
308944.88990 3243426.59149 0
308450.35252 3244295.74659 0
307991.07152 3245171.62786 0
307530.18230 3246065.59365 0
307092.99273 3246929.71439 0
306666.15481 3247799.22858 0
306201.02877 3248625.14081 0
305186.23779 3248563.25504 0
305657.92005 3247709.08055 0
306108.07117 3246838.15411 0
306548.78105 3245962.17540 0
307006.96879 3245073.53298 0
307459.21417 3244184.44960 0
307951.30859 3243313.92861 0
308426.93067 3242459.59235 0
308889.14399 3241587.26234 0
309325.02347 3240700.63538 0
309755.79016 3239824.75018 0
310242.53858 3238981.02874 0
310743.12723 3238166.28716 0
311233.92793 3237325.96140 0
311878.85818 3236422.73869 0
304174.49620 3248461.16462 0
304665.05514 3247589.79798 0
305136.68985 3246734.72893 0
305584.96575 3245877.28158 0
306033.02666 3245010.29301 0
306467.23363 3244077.14296 0
306957.24190 3243205.49400 0
307435.72240 3242327.37372 0
307904.45927 3241476.02909 0
308355.17670 3240615.38711 0
308788.87211 3239748.69102 0
309218.85054 3238829.93308 0
303684.74515 3247589.34365 0
309771.03652 3238029.92502 0
310255.25406 3237187.04863 0
310886.45639 3236299.27219 0
304160.23868 3246749.45981 0
304615.50529 3245907.90674 0
305055.24588 3245000.27985 0
305502.49096 3244130.74098 0
305914.15336 3243256.16774 0
306425.86504 3242358.33555 0
306928.51090 3241498.37527 0
307384.26611 3240649.96998 0
307805.69688 3239749.10585 0
308240.23478 3238833.61939 0
302612.92036 3247524.72434 0
303162.03541 3246688.97970 0
303623.42971 3245801.82595 0
304088.98553 3244954.04458 0
304490.35024 3244070.16863 0
304916.53880 3243189.65790 0
305440.87462 3242375.44895 0
305928.17376 3241508.15769 0
306388.71747 3240638.14394 0
306822.62879 3239754.48492 0
307251.08202 3238852.00723 0
301568.71657 3247535.45789 0
300552.55266 3247542.92016 0
299546.82541 3247538.37908 0
298531.81829 3247536.99860 0
297521.54558 3247562.38720 0
296531.00651 3247586.16940 0
295555.59072 3247597.87540 0
302133.59705 3246647.08797 0
302660.62442 3245823.81295 0
303092.32260 3244935.53083 0
303511.41981 3244041.19471 0
303917.33121 3243149.90527 0
304469.80861 3242330.41614 0
304930.30182 3241442.73161 0
305391.27870 3240592.76929 0
305844.24954 3239738.50554 0
306251.44664 3238825.14656 0
301076.28974 3246646.54812 0
300053.91452 3246669.49704 0
299046.44537 3246665.61612 0
298019.86183 3246665.68001 0
297008.91044 3246714.48481 0
296028.93213 3246749.81164 0
301664.58185 3245789.43749 0
302079.06545 3244902.18135 0
302547.15019 3244058.95861 0
302918.06349 3243111.42900 0
303470.11420 3242268.54800 0
303970.81821 3241456.88393 0
304414.76990 3240597.97058 0
304873.33117 3239746.80960 0
305283.13047 3238827.79881 0
294607.75411 3247604.22375 0
293675.70603 3247623.19892 0
292727.76045 3247573.58345 0
291710.04887 3247457.16988 0
295061.47016 3246760.12584 0
294113.86034 3246718.29024 0
293143.79779 3246689.74971 0
292137.75530 3246598.95214 0
300589.73223 3245747.08187 0
301079.43683 3244875.20869 0
301495.97307 3243999.20623 0
301928.79902 3243130.94162 0
299553.01431 3245795.36426 0
298544.49178 3245792.69402 0
300064.67688 3244896.02939 0
300496.01234 3243993.83639 0
300929.54297 3243092.67656 0
299047.14191 3244922.88621 0
299520.33283 3244057.16585 0
299949.11248 3243183.36636 0
297500.39762 3245797.02498 0
296490.08847 3245882.36147 0
295518.03383 3245854.41393 0
294545.69548 3245842.07193 0
293569.08489 3245815.80961 0
292622.14699 3245778.62237 0
298040.56273 3244923.62654 0
298543.57507 3244074.47485 0
298974.50835 3243196.35278 0
302439.06847 3242245.64109 0
301445.15000 3242255.69281 0
302974.18604 3241403.67094 0
303440.66447 3240522.50262 0
303874.34950 3239663.68884 0
304311.46478 3238775.35299 0
301977.93268 3241365.11355 0
302441.60047 3240479.17727 0
302877.88307 3239579.38394 0
303326.16376 3238692.98062 0
296969.93296 3244932.95662 0
295964.40888 3244956.85027 0
294978.44294 3244939.15452 0
293979.05071 3244903.76761 0
293034.40096 3244868.03453 0
297548.14444 3244068.28787 0
297999.98988 3243176.16389 0
296485.45638 3244051.51914 0
297031.34022 3243212.15535 0
295478.44368 3244098.78279 0
294510.19219 3244080.68693 0
293525.36051 3244035.58659 0
295987.48464 3243182.87371 0
294971.45469 3243224.24278 0
294001.05898 3243156.58965 0
312133.34838 3234715.50667 0
311554.23789 3235525.41421 0
300411.14949 3242257.41575 0
299413.54137 3242326.07290 0
298439.17258 3242306.68579 0
297415.67359 3242288.95421 0
296415.74179 3242279.22717 0
295423.35173 3242362.98522 0
294441.37755 3242274.57114 0
300934.36765 3241356.65921 0
301463.60222 3240507.59673 0
301910.17312 3239657.67060 0
302336.39832 3238773.53928 0
299882.83056 3241408.40758 0
298917.34391 3241458.02898 0
297955.00784 3241461.43392 0
296949.29805 3241418.22744 0
300427.46893 3240494.07587 0
300910.88878 3239618.78401 0
301351.95661 3238738.00964 0
299383.74643 3240580.43307 0
298384.00646 3240558.09936 0
297384.86325 3240518.11638 0
299884.20730 3239654.61330 0
298881.28715 3239715.84445 0
300361.11466 3238783.47860 0
297916.17133 3239699.13970 0
299386.51869 3238816.19998 0
298384.80085 3238852.17193 0
295895.09350 3241430.24024 0
294896.27262 3241384.20930 0
296413.26917 3240574.07698 0
295424.30862 3240548.12710 0
296895.88690 3239676.67192 0
297417.71438 3238895.32134 0
295916.93070 3239718.29401 0
296445.47348 3238857.59106 0
290984.83390 3246639.03108 0
290089.90650 3246140.46204 0
291679.93667 3245783.91412 0
290686.08451 3245506.07013 0
292124.72722 3244839.65890 0
291227.78893 3244929.15283 0
289568.62978 3245287.09546 0
288640.04351 3244497.44293 0
288651.07320 3243464.15779 0
290377.90582 3244485.68445 0
289516.70965 3244027.43067 0
292529.62099 3243925.53801 0
291417.36630 3243947.24829 0
293005.56851 3243062.37913 0
293468.17690 3242203.44189 0
293906.69880 3241313.52173 0
292050.85196 3243068.56381 0
292531.20041 3242186.45753 0
292998.09678 3241357.76308 0
294465.74607 3240493.98329 0
294945.37749 3239645.54992 0
295368.72083 3238718.82080 0
293561.54903 3240485.57500 0
294010.12184 3239663.94483 0
294471.71593 3239015.63435 0
290324.38112 3243508.22713 0
291055.36914 3242934.74555 0
291636.06573 3242194.44535 0
292088.45727 3241354.10736 0
289420.56126 3242970.25078 0
289488.92501 3241975.94801 0
290116.93484 3242624.74589 0
290583.82807 3241880.64242 0
291217.21616 3241250.28552 0
290224.47548 3241070.71907 0
290838.60103 3240431.44857 0
291383.27355 3239748.75924 0
291960.34319 3239142.88195 0
292659.81363 3238550.41021 0
293367.04903 3237760.27303 0
291693.80525 3240565.48492 0
292661.16047 3240573.28974 0
292123.16999 3239938.85186 0
293001.79686 3239511.65691 0
293524.12217 3238752.24575 0
294452.46765 3238068.40034 0
294383.95688 3237123.22045 0
295154.41753 3236651.61702 0
295902.78501 3236094.12820 0
296488.55245 3235530.04987 0
297356.29113 3235333.31885 0
298126.44551 3234929.15077 0
298914.41175 3234569.67609 0
299733.46139 3234262.72936 0
300697.82096 3233860.68237 0
295266.59467 3237580.76556 0
296110.95748 3237972.17916 0
297023.80048 3238198.70661 0
297978.47446 3237940.23093 0
296004.00872 3237011.06472 0
297014.49370 3237319.37768 0
296929.91824 3236372.24669 0
298967.54515 3237935.80606 0
299947.56854 3237882.42350 0
300928.26296 3237842.69045 0
301893.18248 3237815.79996 0
302882.94969 3237796.76130 0
303882.37916 3237875.52865 0
304855.18149 3237950.88768 0
305844.33662 3237911.73066 0
306807.13544 3237993.76075 0
307805.31550 3237933.13363 0
308805.18737 3237919.49066 0
309267.22931 3237032.69098 0
308280.77351 3237068.08797 0
309884.16485 3236258.44107 0
307277.26668 3237099.14997 0
306307.50232 3237058.61054 0
305301.91490 3237043.66454 0
304322.68597 3237009.50769 0
303352.25665 3236962.98852 0
302369.95442 3236921.92550 0
301412.94388 3236868.55423 0
300484.78801 3237010.88894 0
299516.51451 3237069.81828 0
298584.23781 3237010.18208 0
297741.66962 3236968.06693 0
298083.99590 3236016.42536 0
299137.51394 3236245.94552 0
298795.84743 3235391.25216 0
299943.97479 3236331.91339 0
299763.00097 3235276.12227 0
300741.62728 3234827.26734 0
300856.56729 3235923.10872 0
301963.98354 3236046.89128 0
301653.94825 3235093.57738 0
301582.47732 3234093.93609 0
302368.80704 3233446.96375 0
302979.91600 3236118.63038 0
302451.21601 3235364.95633 0
302439.59945 3234440.48935 0
303956.44627 3236079.44240 0
303392.74371 3235028.02899 0
304931.65398 3236143.93069 0
305902.84784 3236175.88493 0
306877.15424 3236189.88431 0
307851.22948 3236165.00433 0
308850.31972 3236123.76758 0
304407.06178 3235186.74672 0
305489.93190 3235345.61682 0
306497.18506 3235212.18733 0
307475.18206 3235194.09010 0
308444.62042 3235241.58930 0
309452.18002 3235262.04573 0
310432.03903 3235418.14982 0
311149.61552 3234535.85566 0
310012.55123 3234237.00744 0
309002.51263 3234486.62838 0
309061.47517 3233556.66085 0
308259.60840 3233029.93225 0
308063.05608 3234143.83957 0
306890.13373 3234221.91329 0
307452.62803 3233403.75191 0
306572.60192 3233031.57118 0
306006.53171 3234580.95947 0
305931.12358 3233778.65128 0
305410.37263 3233091.85466 0
305106.29627 3234190.88354 0
304046.03494 3234109.24125 0
303194.19770 3233809.61885 0
303913.61998 3233091.59129 0
304613.19380 3233406.53541 0
